# dimensionless total [l(l+1)/2pi] C_l's
# for l=2 to 2500, i.e. number of multipoles equal to 2499
#
# -> if you prefer output in CAMB/HealPix/LensPix units/order, set 'format' to 'camb' in input file
# -> if you don't want to see such a header, set 'headers' to 'no' in input file
#
# 1:l     2:TT                 
    2       1.383356265418e-10 
    3       1.309126258258e-10 
    4       1.238591367209e-10 
    5       1.185529214677e-10 
    6       1.148877564869e-10 
    7       1.125468528442e-10 
    8       1.111402626837e-10 
    9       1.104577359761e-10 
   10       1.103160281397e-10 
   11       1.105747293288e-10 
   12       1.111979159168e-10 
   13       1.120464978895e-10 
   14       1.130480183806e-10 
   15       1.142341329860e-10 
   16       1.156055407956e-10 
   17       1.170334298862e-10 
   18       1.185672155952e-10 
   19       1.202219719419e-10 
   20       1.219268834275e-10 
   21       1.236946133407e-10 
   22       1.255316207607e-10 
   23       1.274274972342e-10 
   24       1.293487824939e-10 
   25       1.313105837036e-10 
   26       1.333262854472e-10 
   27       1.353908664066e-10 
   28       1.374846666467e-10 
   29       1.396131900270e-10 
   30       1.417779225112e-10 
   31       1.439698677685e-10 
   32       1.461918789242e-10 
   33       1.484420327138e-10 
   34       1.507122576919e-10 
   35       1.530085227815e-10 
   36       1.553360778364e-10 
   37       1.576951385917e-10 
   38       1.600871090921e-10 
   39       1.625092137075e-10 
   40       1.649519953116e-10 
   41       1.674041396632e-10 
   42       1.698704070947e-10 
   43       1.723584391227e-10 
   44       1.748735135135e-10 
   45       1.774186422347e-10 
   46       1.799955529822e-10 
   47       1.826035299040e-10 
   48       1.852388153472e-10 
   49       1.878943544528e-10 
   50       1.905627833832e-10 
   51       1.932469427823e-10 
   52       1.959517765906e-10 
   53       1.986812375070e-10 
   54       2.014381842237e-10 
   55       2.042245356055e-10 
   56       2.070420135005e-10 
   57       2.098914044599e-10 
   58       2.127722282286e-10 
   59       2.156826449916e-10 
   60       2.186193626207e-10 
   61       2.215790272977e-10 
   62       2.245629699711e-10 
   63       2.275733655490e-10 
   64       2.306117987527e-10 
   65       2.336792184302e-10 
   66       2.367758918690e-10 
   67       2.399013591098e-10 
   68       2.430550299191e-10 
   69       2.462382172986e-10 
   70       2.494524358376e-10 
   71       2.526987667843e-10 
   72       2.559778287949e-10 
   73       2.592897486833e-10 
   74       2.626341321704e-10 
   75       2.660100346335e-10 
   76       2.694164611021e-10 
   77       2.728540361671e-10 
   78       2.763235868600e-10 
   79       2.798256223209e-10 
   80       2.833603154009e-10 
   81       2.869274842638e-10 
   82       2.905265739884e-10 
   83       2.941566381706e-10 
   84       2.978167487463e-10 
   85       3.015073438229e-10 
   86       3.052290705972e-10 
   87       3.089823659646e-10 
   88       3.127674453185e-10 
   89       3.165842913491e-10 
   90       3.204326428427e-10 
   91       3.243119834805e-10 
   92       3.282215306378e-10 
   93       3.321605093773e-10 
   94       3.361290458959e-10 
   95       3.401273883684e-10 
   96       3.441556265373e-10 
   97       3.482136844273e-10 
   98       3.523013130585e-10 
   99       3.564180831609e-10 
  100       3.605633778879e-10 
  101       3.647363855301e-10 
  102       3.689360922295e-10 
  103       3.731612746932e-10 
  104       3.774107583448e-10 
  105       3.816842471889e-10 
  106       3.859815929875e-10 
  107       3.903025355168e-10 
  108       3.946466981977e-10 
  109       3.990135837265e-10 
  110       4.034025697057e-10 
  111       4.078129042752e-10 
  112       4.122437017424e-10 
  113       4.166939382132e-10 
  114       4.211624472232e-10 
  115       4.256479153677e-10 
  116       4.301490655836e-10 
  117       4.346652416147e-10 
  118       4.391958867319e-10 
  119       4.437403597608e-10 
  120       4.482979323714e-10 
  121       4.528677863678e-10 
  122       4.574490109788e-10 
  123       4.620406001469e-10 
  124       4.666414498192e-10 
  125       4.712503552364e-10 
  126       4.758660082235e-10 
  127       4.804869944791e-10 
  128       4.851117908658e-10 
  129       4.897389219449e-10 
  130       4.943674547528e-10 
  131       4.989965534333e-10 
  132       5.036253233032e-10 
  133       5.082528092813e-10 
  134       5.128779943179e-10 
  135       5.174997978247e-10 
  136       5.221170741034e-10 
  137       5.267286107759e-10 
  138       5.313331272132e-10 
  139       5.359292729652e-10 
  140       5.405156261897e-10 
  141       5.450906920822e-10 
  142       5.496529013052e-10 
  143       5.542006084175e-10 
  144       5.587322232154e-10 
  145       5.632466226643e-10 
  146       5.677427767814e-10 
  147       5.722196185714e-10 
  148       5.766760432195e-10 
  149       5.811109072848e-10 
  150       5.855230278936e-10 
  151       5.899111819326e-10 
  152       5.942741052423e-10 
  153       5.986104918102e-10 
  154       6.029189929641e-10 
  155       6.071982165655e-10 
  156       6.114467262025e-10 
  157       6.156630403837e-10 
  158       6.198456317307e-10 
  159       6.239929261723e-10 
  160       6.281033021368e-10 
  161       6.321752028865e-10 
  162       6.362074863749e-10 
  163       6.401991049303e-10 
  164       6.441489946141e-10 
  165       6.480560749348e-10 
  166       6.519192485616e-10 
  167       6.557374010383e-10 
  168       6.595094004973e-10 
  169       6.632340973729e-10 
  170       6.669103241160e-10 
  171       6.705368949072e-10 
  172       6.741126053707e-10 
  173       6.776362322884e-10 
  174       6.811065333138e-10 
  175       6.845222466854e-10 
  176       6.878820909407e-10 
  177       6.911847646303e-10 
  178       6.944289460314e-10 
  179       6.976132928616e-10 
  180       7.007365294697e-10 
  181       7.037977167543e-10 
  182       7.067960032010e-10 
  183       7.097305393691e-10 
  184       7.126004779281e-10 
  185       7.154049736935e-10 
  186       7.181431836628e-10 
  187       7.208142670517e-10 
  188       7.234173853300e-10 
  189       7.259517022574e-10 
  190       7.284163839201e-10 
  191       7.308105987662e-10 
  192       7.331335176421e-10 
  193       7.353843138285e-10 
  194       7.375621630761e-10 
  195       7.396662436422e-10 
  196       7.416957363262e-10 
  197       7.436498245057e-10 
  198       7.455276941730e-10 
  199       7.473285339703e-10 
  200       7.490515352265e-10 
  201       7.506959509982e-10 
  202       7.522612778189e-10 
  203       7.537470870168e-10 
  204       7.551529670857e-10 
  205       7.564785238953e-10 
  206       7.577233809016e-10 
  207       7.588871793571e-10 
  208       7.599695785217e-10 
  209       7.609702558726e-10 
  210       7.618889073150e-10 
  211       7.627252473925e-10 
  212       7.634790094974e-10 
  213       7.641499460814e-10 
  214       7.647378288655e-10 
  215       7.652424490508e-10 
  216       7.656636175291e-10 
  217       7.660011650927e-10 
  218       7.662549426452e-10 
  219       7.664248214121e-10 
  220       7.665106931508e-10 
  221       7.665124703612e-10 
  222       7.664300864962e-10 
  223       7.662634961720e-10 
  224       7.660126950280e-10 
  225       7.656777802896e-10 
  226       7.652588945070e-10 
  227       7.647562065114e-10 
  228       7.641699116725e-10 
  229       7.635002321553e-10 
  230       7.627474171776e-10 
  231       7.619117432672e-10 
  232       7.609935145187e-10 
  233       7.599930628514e-10 
  234       7.589107482657e-10 
  235       7.577469591010e-10 
  236       7.565021122923e-10 
  237       7.551766536280e-10 
  238       7.537710580066e-10 
  239       7.522858296942e-10 
  240       7.507215025813e-10 
  241       7.490786404408e-10 
  242       7.473578371841e-10 
  243       7.455597171194e-10 
  244       7.436849352081e-10 
  245       7.417341773224e-10 
  246       7.397081605022e-10 
  247       7.376076332127e-10 
  248       7.354333756014e-10 
  249       7.331861997549e-10 
  250       7.308669226671e-10 
  251       7.284762828793e-10 
  252       7.260150195274e-10 
  253       7.234838994031e-10 
  254       7.208837171584e-10 
  255       7.182152955111e-10 
  256       7.154794854494e-10 
  257       7.126771664373e-10 
  258       7.098092466191e-10 
  259       7.068766630251e-10 
  260       7.038803817759e-10 
  261       7.008213982879e-10 
  262       6.977007374782e-10 
  263       6.945194539694e-10 
  264       6.912786322949e-10 
  265       6.879793871037e-10 
  266       6.846228633656e-10 
  267       6.812102365761e-10 
  268       6.777427129612e-10 
  269       6.742215296830e-10 
  270       6.706479550441e-10 
  271       6.670232886927e-10 
  272       6.633488618282e-10 
  273       6.596260374055e-10 
  274       6.558562103402e-10 
  275       6.520408077138e-10 
  276       6.481812889788e-10 
  277       6.442791461632e-10 
  278       6.403359040760e-10 
  279       6.363530392507e-10 
  280       6.323317317061e-10 
  281       6.282731007241e-10 
  282       6.241782850322e-10 
  283       6.200484428836e-10 
  284       6.158847521378e-10 
  285       6.116884103404e-10 
  286       6.074606348034e-10 
  287       6.032026626855e-10 
  288       5.989157510721e-10 
  289       5.946011770556e-10 
  290       5.902602378156e-10 
  291       5.858942506990e-10 
  292       5.815045533003e-10 
  293       5.770925035416e-10 
  294       5.726594797530e-10 
  295       5.682068807527e-10 
  296       5.637361259272e-10 
  297       5.592486553112e-10 
  298       5.547459296684e-10 
  299       5.502294305712e-10 
  300       5.457006604809e-10 
  301       5.411611428282e-10 
  302       5.366124220931e-10 
  303       5.320560638852e-10 
  304       5.274936550237e-10 
  305       5.229268036180e-10 
  306       5.183571391475e-10 
  307       5.137863125420e-10 
  308       5.092159962616e-10 
  309       5.046478843774e-10 
  310       5.000836926511e-10 
  311       4.955251586157e-10 
  312       4.909739234098e-10 
  313       4.864311710581e-10 
  314       4.818979726107e-10 
  315       4.773754028141e-10 
  316       4.728645400469e-10 
  317       4.683664662538e-10 
  318       4.638822668813e-10 
  319       4.594130308122e-10 
  320       4.549598503002e-10 
  321       4.505238209055e-10 
  322       4.461060414290e-10 
  323       4.417076138476e-10 
  324       4.373296432490e-10 
  325       4.329732377664e-10 
  326       4.286395085135e-10 
  327       4.243295695197e-10 
  328       4.200445376644e-10 
  329       4.157855326123e-10 
  330       4.115536767481e-10 
  331       4.073500951116e-10 
  332       4.031759153323e-10 
  333       3.990322675645e-10 
  334       3.949202844221e-10 
  335       3.908411009134e-10 
  336       3.867958543762e-10 
  337       3.827856844125e-10 
  338       3.788117328236e-10 
  339       3.748751435445e-10 
  340       3.709770625795e-10 
  341       3.671186379365e-10 
  342       3.633010195621e-10 
  343       3.595253592766e-10 
  344       3.557928107086e-10 
  345       3.521045292302e-10 
  346       3.484616718916e-10 
  347       3.448653973563e-10 
  348       3.413168658355e-10 
  349       3.378171386234e-10 
  350       3.343668722275e-10 
  351       3.309666114055e-10 
  352       3.276168882560e-10 
  353       3.243182220545e-10 
  354       3.210711190899e-10 
  355       3.178760725008e-10 
  356       3.147335621114e-10 
  357       3.116440542682e-10 
  358       3.086080016760e-10 
  359       3.056258432340e-10 
  360       3.026980038725e-10 
  361       2.998248943888e-10 
  362       2.970069112834e-10 
  363       2.942444365966e-10 
  364       2.915378377444e-10 
  365       2.888874673551e-10 
  366       2.862936631052e-10 
  367       2.837567475558e-10 
  368       2.812770279889e-10 
  369       2.788547962437e-10 
  370       2.764903285526e-10 
  371       2.741838853777e-10 
  372       2.719357112470e-10 
  373       2.697460345907e-10 
  374       2.676150675770e-10 
  375       2.655430059493e-10 
  376       2.635300288613e-10 
  377       2.615762987143e-10 
  378       2.596819609927e-10 
  379       2.578471441007e-10 
  380       2.560719591982e-10 
  381       2.543565000375e-10 
  382       2.527008427990e-10 
  383       2.511050459280e-10 
  384       2.495691499705e-10 
  385       2.480931774099e-10 
  386       2.466771325027e-10 
  387       2.453210011153e-10 
  388       2.440247349883e-10 
  389       2.427882042167e-10 
  390       2.416112426708e-10 
  391       2.404936632320e-10 
  392       2.394352576165e-10 
  393       2.384357961991e-10 
  394       2.374950278373e-10 
  395       2.366126796951e-10 
  396       2.357884570666e-10 
  397       2.350220432004e-10 
  398       2.343130991230e-10 
  399       2.336612634627e-10 
  400       2.330661522740e-10 
  401       2.325273588606e-10 
  402       2.320444536001e-10 
  403       2.316169837676e-10 
  404       2.312444733590e-10 
  405       2.309264229160e-10 
  406       2.306623093490e-10 
  407       2.304515857612e-10 
  408       2.302936812729e-10 
  409       2.301880008450e-10 
  410       2.301339251026e-10 
  411       2.301308101597e-10 
  412       2.301779874422e-10 
  413       2.302747635123e-10 
  414       2.304204198922e-10 
  415       2.306142128881e-10 
  416       2.308553734137e-10 
  417       2.311431068146e-10 
  418       2.314765926918e-10 
  419       2.318549847257e-10 
  420       2.322774105000e-10 
  421       2.327429713253e-10 
  422       2.332507420635e-10 
  423       2.337997709512e-10 
  424       2.343890794239e-10 
  425       2.350176619394e-10 
  426       2.356844858023e-10 
  427       2.363885736966e-10 
  428       2.371292547365e-10 
  429       2.379059216107e-10 
  430       2.387179485232e-10 
  431       2.395646910721e-10 
  432       2.404454861271e-10 
  433       2.413596517080e-10 
  434       2.423064868629e-10 
  435       2.432852715462e-10 
  436       2.442952664972e-10 
  437       2.453357131177e-10 
  438       2.464058333505e-10 
  439       2.475048295578e-10 
  440       2.486318843987e-10 
  441       2.497861607082e-10 
  442       2.509668013748e-10 
  443       2.521729292189e-10 
  444       2.534036468709e-10 
  445       2.546580366494e-10 
  446       2.559351604397e-10 
  447       2.572340595712e-10 
  448       2.585537546964e-10 
  449       2.598932456688e-10 
  450       2.612515114208e-10 
  451       2.626275098422e-10 
  452       2.640201776582e-10 
  453       2.654284303080e-10 
  454       2.668511618221e-10 
  455       2.682872447016e-10 
  456       2.697355297953e-10 
  457       2.711948461788e-10 
  458       2.726640010320e-10 
  459       2.741417795176e-10 
  460       2.756269446593e-10 
  461       2.771182372199e-10 
  462       2.786143755795e-10 
  463       2.801140556134e-10 
  464       2.816159505710e-10 
  465       2.831187109531e-10 
  466       2.846211054706e-10 
  467       2.861224490050e-10 
  468       2.876221877600e-10 
  469       2.891197593444e-10 
  470       2.906145927283e-10 
  471       2.921061081991e-10 
  472       2.935937173172e-10 
  473       2.950768228724e-10 
  474       2.965548188395e-10 
  475       2.980270903343e-10 
  476       2.994930135700e-10 
  477       3.009519558127e-10 
  478       3.024032753374e-10 
  479       3.038463213842e-10 
  480       3.052804341144e-10 
  481       3.067049445659e-10 
  482       3.081191746098e-10 
  483       3.095224369059e-10 
  484       3.109140348590e-10 
  485       3.122932625747e-10 
  486       3.136594048155e-10 
  487       3.150117369566e-10 
  488       3.163495249420e-10 
  489       3.176720252404e-10 
  490       3.189784848013e-10 
  491       3.202681410109e-10 
  492       3.215402216480e-10 
  493       3.227939448399e-10 
  494       3.240285190189e-10 
  495       3.252431428774e-10 
  496       3.264370053248e-10 
  497       3.276092854427e-10 
  498       3.287591524413e-10 
  499       3.298857656155e-10 
  500       3.309882743002e-10 
  501       3.320658178272e-10 
  502       3.331175254804e-10 
  503       3.341425164521e-10 
  504       3.351398997990e-10 
  505       3.361089040994e-10 
  506       3.370492706219e-10 
  507       3.379608713967e-10 
  508       3.388435805557e-10 
  509       3.396972743489e-10 
  510       3.405218311621e-10 
  511       3.413171315327e-10 
  512       3.420830581678e-10 
  513       3.428194959599e-10 
  514       3.435263320047e-10 
  515       3.442034556175e-10 
  516       3.448507583503e-10 
  517       3.454681340084e-10 
  518       3.460554786676e-10 
  519       3.466126906911e-10 
  520       3.471396707459e-10 
  521       3.476363218203e-10 
  522       3.481025492404e-10 
  523       3.485382606870e-10 
  524       3.489433662128e-10 
  525       3.493177782589e-10 
  526       3.496614116718e-10 
  527       3.499741837204e-10 
  528       3.502560141128e-10 
  529       3.505068250131e-10 
  530       3.507265410585e-10 
  531       3.509150893758e-10 
  532       3.510723995989e-10 
  533       3.511984038851e-10 
  534       3.512930369320e-10 
  535       3.513562359950e-10 
  536       3.513879409036e-10 
  537       3.513880940782e-10 
  538       3.513566405475e-10 
  539       3.512935279652e-10 
  540       3.511987066264e-10 
  541       3.510721294852e-10 
  542       3.509137521712e-10 
  543       3.507235330064e-10 
  544       3.505014932247e-10 
  545       3.502478993673e-10 
  546       3.499630858014e-10 
  547       3.496473950003e-10 
  548       3.493011775845e-10 
  549       3.489247923633e-10 
  550       3.485186063756e-10 
  551       3.480829949316e-10 
  552       3.476183416536e-10 
  553       3.471250385176e-10 
  554       3.466034858945e-10 
  555       3.460540925911e-10 
  556       3.454772758916e-10 
  557       3.448734615989e-10 
  558       3.442430840756e-10 
  559       3.435865862854e-10 
  560       3.429044198343e-10 
  561       3.421970450119e-10 
  562       3.414649308327e-10 
  563       3.407085550771e-10 
  564       3.399284043330e-10 
  565       3.391249740368e-10 
  566       3.382987685147e-10 
  567       3.374503010240e-10 
  568       3.365800937944e-10 
  569       3.356886780689e-10 
  570       3.347765941457e-10 
  571       3.338443914189e-10 
  572       3.328926284198e-10 
  573       3.319218728585e-10 
  574       3.309327016647e-10 
  575       3.299257010293e-10 
  576       3.289014664456e-10 
  577       3.278606027503e-10 
  578       3.268037241649e-10 
  579       3.257314543372e-10 
  580       3.246444263821e-10 
  581       3.235432829232e-10 
  582       3.224286761338e-10 
  583       3.213012412427e-10 
  584       3.201615162401e-10 
  585       3.190100202473e-10 
  586       3.178472799024e-10 
  587       3.166738293924e-10 
  588       3.154902104853e-10 
  589       3.142969725614e-10 
  590       3.130946726458e-10 
  591       3.118838754400e-10 
  592       3.106651533538e-10 
  593       3.094390865374e-10 
  594       3.082062629129e-10 
  595       3.069672782067e-10 
  596       3.057227359809e-10 
  597       3.044732476657e-10 
  598       3.032194325909e-10 
  599       3.019619180178e-10 
  600       3.007013391714e-10 
  601       2.994383392722e-10 
  602       2.981735695678e-10 
  603       2.969076893652e-10 
  604       2.956413660623e-10 
  605       2.943752751804e-10 
  606       2.931101003953e-10 
  607       2.918465335699e-10 
  608       2.905852747856e-10 
  609       2.893270323746e-10 
  610       2.880725229514e-10 
  611       2.868224714450e-10 
  612       2.855776111308e-10 
  613       2.843386836622e-10 
  614       2.831064391028e-10 
  615       2.818816359581e-10 
  616       2.806650412077e-10 
  617       2.794574303366e-10 
  618       2.782595873679e-10 
  619       2.770723048940e-10 
  620       2.758963841088e-10 
  621       2.747326348397e-10 
  622       2.735817936112e-10 
  623       2.724442756639e-10 
  624       2.713204171897e-10 
  625       2.702105567804e-10 
  626       2.691150354341e-10 
  627       2.680341965620e-10 
  628       2.669683859945e-10 
  629       2.659179519884e-10 
  630       2.648832452324e-10 
  631       2.638646188547e-10 
  632       2.628624284287e-10 
  633       2.618770319800e-10 
  634       2.609087899926e-10 
  635       2.599580654156e-10 
  636       2.590252236696e-10 
  637       2.581106326534e-10 
  638       2.572146627504e-10 
  639       2.563376868349e-10 
  640       2.554800802789e-10 
  641       2.546422209587e-10 
  642       2.538244892611e-10 
  643       2.530272680900e-10 
  644       2.522509428730e-10 
  645       2.514959015681e-10 
  646       2.507625346696e-10 
  647       2.500512352154e-10 
  648       2.493623987929e-10 
  649       2.486964235459e-10 
  650       2.480537101807e-10 
  651       2.474346619731e-10 
  652       2.468396847746e-10 
  653       2.462691870191e-10 
  654       2.457235797290e-10 
  655       2.452032765225e-10 
  656       2.447086936192e-10 
  657       2.442402498473e-10 
  658       2.437983666497e-10 
  659       2.433834680909e-10 
  660       2.429959808630e-10 
  661       2.426362527416e-10 
  662       2.423043059636e-10 
  663       2.420000784237e-10 
  664       2.417235047171e-10 
  665       2.414745161238e-10 
  666       2.412530405927e-10 
  667       2.410590027258e-10 
  668       2.408923237622e-10 
  669       2.407529215624e-10 
  670       2.406407105926e-10 
  671       2.405556019083e-10 
  672       2.404975031390e-10 
  673       2.404663184722e-10 
  674       2.404619486374e-10 
  675       2.404842908904e-10 
  676       2.405332389974e-10 
  677       2.406086832193e-10 
  678       2.407105102953e-10 
  679       2.408386034279e-10 
  680       2.409928422664e-10 
  681       2.411731028911e-10 
  682       2.413792577980e-10 
  683       2.416111758822e-10 
  684       2.418687224225e-10 
  685       2.421517590656e-10 
  686       2.424601438098e-10 
  687       2.427937309897e-10 
  688       2.431523712600e-10 
  689       2.435359115798e-10 
  690       2.439441951968e-10 
  691       2.443770616310e-10 
  692       2.448343466595e-10 
  693       2.453158823003e-10 
  694       2.458214967964e-10 
  695       2.463510146002e-10 
  696       2.469042563574e-10 
  697       2.474810388912e-10 
  698       2.480811751867e-10 
  699       2.487044743745e-10 
  700       2.493507094861e-10 
  701       2.500195200130e-10 
  702       2.507105072861e-10 
  703       2.514232664978e-10 
  704       2.521573866780e-10 
  705       2.529124506707e-10 
  706       2.536880351101e-10 
  707       2.544837103967e-10 
  708       2.552990406740e-10 
  709       2.561335838043e-10 
  710       2.569868913452e-10 
  711       2.578585085259e-10 
  712       2.587479742234e-10 
  713       2.596548209388e-10 
  714       2.605785747734e-10 
  715       2.615187554052e-10 
  716       2.624748760653e-10 
  717       2.634464435136e-10 
  718       2.644329580156e-10 
  719       2.654339133184e-10 
  720       2.664487966272e-10 
  721       2.674770885813e-10 
  722       2.685182632306e-10 
  723       2.695717880115e-10 
  724       2.706371237237e-10 
  725       2.717137245061e-10 
  726       2.728010378132e-10 
  727       2.738985043912e-10 
  728       2.750055582545e-10 
  729       2.761216266619e-10 
  730       2.772461300928e-10 
  731       2.783784822235e-10 
  732       2.795180899034e-10 
  733       2.806643531314e-10 
  734       2.818166650322e-10 
  735       2.829744118322e-10 
  736       2.841369728364e-10 
  737       2.853037204041e-10 
  738       2.864740199253e-10 
  739       2.876472609205e-10 
  740       2.888229510602e-10 
  741       2.900006239540e-10 
  742       2.911798081782e-10 
  743       2.923600272596e-10 
  744       2.935407996576e-10 
  745       2.947216387482e-10 
  746       2.959020528067e-10 
  747       2.970815449908e-10 
  748       2.982596133235e-10 
  749       2.994357506769e-10 
  750       3.006094447545e-10 
  751       3.017801780747e-10 
  752       3.029474279538e-10 
  753       3.041106664891e-10 
  754       3.052693605422e-10 
  755       3.064229717217e-10 
  756       3.075709563666e-10 
  757       3.087127655293e-10 
  758       3.098478449588e-10 
  759       3.109756350836e-10 
  760       3.120955709949e-10 
  761       3.132070824298e-10 
  762       3.143095937542e-10 
  763       3.154025239460e-10 
  764       3.164852865782e-10 
  765       3.175572898022e-10 
  766       3.186179363303e-10 
  767       3.196666234196e-10 
  768       3.207027428543e-10 
  769       3.217256809295e-10 
  770       3.227348184338e-10 
  771       3.237295306326e-10 
  772       3.247091872512e-10 
  773       3.256731524580e-10 
  774       3.266207848472e-10 
  775       3.275514374223e-10 
  776       3.284644575792e-10 
  777       3.293591870890e-10 
  778       3.302350331048e-10 
  779       3.310916826758e-10 
  780       3.319288922224e-10 
  781       3.327464168744e-10 
  782       3.335440104683e-10 
  783       3.343214255438e-10 
  784       3.350784133419e-10 
  785       3.358147238014e-10 
  786       3.365301055562e-10 
  787       3.372243059327e-10 
  788       3.378970709464e-10 
  789       3.385481453000e-10 
  790       3.391772723795e-10 
  791       3.397841942520e-10 
  792       3.403686516629e-10 
  793       3.409303840326e-10 
  794       3.414691294541e-10 
  795       3.419846246900e-10 
  796       3.424766051696e-10 
  797       3.429448049860e-10 
  798       3.433889568937e-10 
  799       3.438087923051e-10 
  800       3.442040412881e-10 
  801       3.445744325634e-10 
  802       3.449196935010e-10 
  803       3.452395501180e-10 
  804       3.455337270757e-10 
  805       3.458019476762e-10 
  806       3.460439338603e-10 
  807       3.462594062042e-10 
  808       3.464480839166e-10 
  809       3.466096848365e-10 
  810       3.467439254293e-10 
  811       3.468505207851e-10 
  812       3.469291846149e-10 
  813       3.469796292485e-10 
  814       3.470015656311e-10 
  815       3.469947033209e-10 
  816       3.469587504858e-10 
  817       3.468934806683e-10 
  818       3.467989343914e-10 
  819       3.466752211479e-10 
  820       3.465224529687e-10 
  821       3.463407444320e-10 
  822       3.461302126721e-10 
  823       3.458909773891e-10 
  824       3.456231608576e-10 
  825       3.453268879360e-10 
  826       3.450022860756e-10 
  827       3.446494853300e-10 
  828       3.442686183639e-10 
  829       3.438598204624e-10 
  830       3.434232295401e-10 
  831       3.429589861505e-10 
  832       3.424672334947e-10 
  833       3.419481174310e-10 
  834       3.414017864837e-10 
  835       3.408283918524e-10 
  836       3.402280874211e-10 
  837       3.396010297677e-10 
  838       3.389473781724e-10 
  839       3.382672946275e-10 
  840       3.375609438465e-10 
  841       3.368284932726e-10 
  842       3.360701130889e-10 
  843       3.352859762267e-10 
  844       3.344762583747e-10 
  845       3.336411379889e-10 
  846       3.327807963009e-10 
  847       3.318954173272e-10 
  848       3.309851878791e-10 
  849       3.300502975707e-10 
  850       3.290909388288e-10 
  851       3.281073069021e-10 
  852       3.270995998699e-10 
  853       3.260680186515e-10 
  854       3.250127670152e-10 
  855       3.239340515878e-10 
  856       3.228321079930e-10 
  857       3.217072797376e-10 
  858       3.205599406887e-10 
  859       3.193904690795e-10 
  860       3.181992475226e-10 
  861       3.169866630237e-10 
  862       3.157531069946e-10 
  863       3.144989752669e-10 
  864       3.132246681054e-10 
  865       3.119305902216e-10 
  866       3.106171507868e-10 
  867       3.092847634458e-10 
  868       3.079338463304e-10 
  869       3.065648220726e-10 
  870       3.051781178180e-10 
  871       3.037741652395e-10 
  872       3.023534005505e-10 
  873       3.009162645183e-10 
  874       2.994632024777e-10 
  875       2.979946643443e-10 
  876       2.965111046278e-10 
  877       2.950129824458e-10 
  878       2.935007615368e-10 
  879       2.919749102740e-10 
  880       2.904359016784e-10 
  881       2.888842134324e-10 
  882       2.873203278932e-10 
  883       2.857447321061e-10 
  884       2.841579178181e-10 
  885       2.825603814914e-10 
  886       2.809526243165e-10 
  887       2.793351522258e-10 
  888       2.777084759071e-10 
  889       2.760731108169e-10 
  890       2.744295771939e-10 
  891       2.727784000724e-10 
  892       2.711201092955e-10 
  893       2.694552395291e-10 
  894       2.677843302748e-10 
  895       2.661079013589e-10 
  896       2.644263789344e-10 
  897       2.627401682988e-10 
  898       2.610496783186e-10 
  899       2.593553214391e-10 
  900       2.576575136944e-10 
  901       2.559566747169e-10 
  902       2.542532277473e-10 
  903       2.525475996440e-10 
  904       2.508402208933e-10 
  905       2.491315256186e-10 
  906       2.474219515906e-10 
  907       2.457119402372e-10 
  908       2.440019366524e-10 
  909       2.422923896072e-10 
  910       2.405837515583e-10 
  911       2.388764786587e-10 
  912       2.371710307669e-10 
  913       2.354678714567e-10 
  914       2.337674680275e-10 
  915       2.320702915131e-10 
  916       2.303768166926e-10 
  917       2.286875220989e-10 
  918       2.270028900297e-10 
  919       2.253234065562e-10 
  920       2.236495615337e-10 
  921       2.219818486105e-10 
  922       2.203207652385e-10 
  923       2.186668126825e-10 
  924       2.170204960298e-10 
  925       2.153823242004e-10 
  926       2.137528099565e-10 
  927       2.121324699122e-10 
  928       2.105218245433e-10 
  929       2.089213981972e-10 
  930       2.073317191026e-10 
  931       2.057533193788e-10 
  932       2.041867350464e-10 
  933       2.026325060361e-10 
  934       2.010911203074e-10 
  935       1.995628452257e-10 
  936       1.980478935682e-10 
  937       1.965464791784e-10 
  938       1.950588169682e-10 
  939       1.935851229202e-10 
  940       1.921256140895e-10 
  941       1.906805086058e-10 
  942       1.892500256756e-10 
  943       1.878343855844e-10 
  944       1.864338096983e-10 
  945       1.850485204667e-10 
  946       1.836787414236e-10 
  947       1.823246971906e-10 
  948       1.809866134781e-10 
  949       1.796647170880e-10 
  950       1.783592359154e-10 
  951       1.770703989509e-10 
  952       1.757984362825e-10 
  953       1.745435790979e-10 
  954       1.733060596861e-10 
  955       1.720861114402e-10 
  956       1.708839688588e-10 
  957       1.696998675484e-10 
  958       1.685340442255e-10 
  959       1.673867367186e-10 
  960       1.662581839700e-10 
  961       1.651486260385e-10 
  962       1.640583041010e-10 
  963       1.629874604544e-10 
  964       1.619363385183e-10 
  965       1.609051828367e-10 
  966       1.598942390799e-10 
  967       1.589037540469e-10 
  968       1.579339756674e-10 
  969       1.569851530036e-10 
  970       1.560575362529e-10 
  971       1.551513767491e-10 
  972       1.542669269652e-10 
  973       1.534043871643e-10 
  974       1.525637444710e-10 
  975       1.517449313888e-10 
  976       1.509478789268e-10 
  977       1.501725165954e-10 
  978       1.494187724015e-10 
  979       1.486865728438e-10 
  980       1.479758429082e-10 
  981       1.472865060629e-10 
  982       1.466184842540e-10 
  983       1.459716979006e-10 
  984       1.453460658903e-10 
  985       1.447415055744e-10 
  986       1.441579327632e-10 
  987       1.435952617213e-10 
  988       1.430534051632e-10 
  989       1.425322742482e-10 
  990       1.420317785759e-10 
  991       1.415518261816e-10 
  992       1.410923235316e-10 
  993       1.406531755183e-10 
  994       1.402342854559e-10 
  995       1.398355550753e-10 
  996       1.394568845197e-10 
  997       1.390981723400e-10 
  998       1.387593154895e-10 
  999       1.384402093202e-10 
 1000       1.381407475772e-10 
 1001       1.378608223946e-10 
 1002       1.376003242906e-10 
 1003       1.373591421627e-10 
 1004       1.371371632835e-10 
 1005       1.369342732952e-10 
 1006       1.367503562058e-10 
 1007       1.365852943838e-10 
 1008       1.364389685538e-10 
 1009       1.363112577916e-10 
 1010       1.362020395200e-10 
 1011       1.361111895034e-10 
 1012       1.360385593018e-10 
 1013       1.359839082833e-10 
 1014       1.359469706209e-10 
 1015       1.359274777377e-10 
 1016       1.359251583000e-10 
 1017       1.359397382100e-10 
 1018       1.359709405979e-10 
 1019       1.360184858154e-10 
 1020       1.360820914277e-10 
 1021       1.361614722066e-10 
 1022       1.362563401229e-10 
 1023       1.363664043394e-10 
 1024       1.364913712030e-10 
 1025       1.366309442383e-10 
 1026       1.367848241392e-10 
 1027       1.369527087626e-10 
 1028       1.371342931202e-10 
 1029       1.373292693719e-10 
 1030       1.375373268179e-10 
 1031       1.377581518917e-10 
 1032       1.379914281529e-10 
 1033       1.382368362795e-10 
 1034       1.384940540609e-10 
 1035       1.387627563902e-10 
 1036       1.390426152574e-10 
 1037       1.393332997418e-10 
 1038       1.396344760045e-10 
 1039       1.399458072814e-10 
 1040       1.402669538757e-10 
 1041       1.405975731507e-10 
 1042       1.409373195224e-10 
 1043       1.412858444520e-10 
 1044       1.416427964390e-10 
 1045       1.420078210135e-10 
 1046       1.423805607291e-10 
 1047       1.427606551554e-10 
 1048       1.431477408709e-10 
 1049       1.435414514554e-10 
 1050       1.439414174831e-10 
 1051       1.443472820294e-10 
 1052       1.447587474446e-10 
 1053       1.451755292163e-10 
 1054       1.455973405076e-10 
 1055       1.460238921519e-10 
 1056       1.464548926471e-10 
 1057       1.468900481501e-10 
 1058       1.473290624707e-10 
 1059       1.477716370665e-10 
 1060       1.482174710372e-10 
 1061       1.486662611185e-10 
 1062       1.491177016770e-10 
 1063       1.495714847044e-10 
 1064       1.500272998115e-10 
 1065       1.504848342231e-10 
 1066       1.509437727722e-10 
 1067       1.514037978942e-10 
 1068       1.518645896213e-10 
 1069       1.523258255769e-10 
 1070       1.527871809703e-10 
 1071       1.532483285903e-10 
 1072       1.537089388002e-10 
 1073       1.541686795322e-10 
 1074       1.546272162812e-10 
 1075       1.550842120997e-10 
 1076       1.555393275918e-10 
 1077       1.559922209078e-10 
 1078       1.564425477387e-10 
 1079       1.568899613099e-10 
 1080       1.573341123765e-10 
 1081       1.577746492168e-10 
 1082       1.582112176273e-10 
 1083       1.586434609165e-10 
 1084       1.590710198999e-10 
 1085       1.594935328939e-10 
 1086       1.599106357101e-10 
 1087       1.603219616502e-10 
 1088       1.607271414998e-10 
 1089       1.611258035229e-10 
 1090       1.615176129365e-10 
 1091       1.619023909233e-10 
 1092       1.622799972034e-10 
 1093       1.626502906965e-10 
 1094       1.630131295209e-10 
 1095       1.633683709919e-10 
 1096       1.637158716196e-10 
 1097       1.640554871075e-10 
 1098       1.643870723513e-10 
 1099       1.647104814364e-10 
 1100       1.650255676370e-10 
 1101       1.653321834140e-10 
 1102       1.656301804135e-10 
 1103       1.659194094653e-10 
 1104       1.661997205809e-10 
 1105       1.664709629520e-10 
 1106       1.667329849490e-10 
 1107       1.669856341192e-10 
 1108       1.672287571851e-10 
 1109       1.674622000429e-10 
 1110       1.676858077608e-10 
 1111       1.678994245771e-10 
 1112       1.681028938990e-10 
 1113       1.682960583005e-10 
 1114       1.684787595212e-10 
 1115       1.686508384641e-10 
 1116       1.688121351945e-10 
 1117       1.689624889379e-10 
 1118       1.691017380787e-10 
 1119       1.692297201582e-10 
 1120       1.693462718733e-10 
 1121       1.694512290745e-10 
 1122       1.695444267647e-10 
 1123       1.696256990970e-10 
 1124       1.696948793734e-10 
 1125       1.697518000431e-10 
 1126       1.697962927008e-10 
 1127       1.698281880850e-10 
 1128       1.698473160765e-10 
 1129       1.698535440084e-10 
 1130       1.698468921432e-10 
 1131       1.698274196868e-10 
 1132       1.697951866149e-10 
 1133       1.697502536747e-10 
 1134       1.696926823866e-10 
 1135       1.696225350462e-10 
 1136       1.695398747268e-10 
 1137       1.694447652806e-10 
 1138       1.693372713410e-10 
 1139       1.692174583248e-10 
 1140       1.690853924335e-10 
 1141       1.689411406560e-10 
 1142       1.687847707700e-10 
 1143       1.686163513440e-10 
 1144       1.684359517398e-10 
 1145       1.682436421136e-10 
 1146       1.680394934186e-10 
 1147       1.678235774067e-10 
 1148       1.675959666306e-10 
 1149       1.673567344454e-10 
 1150       1.671059550110e-10 
 1151       1.668437032938e-10 
 1152       1.665700550685e-10 
 1153       1.662850869205e-10 
 1154       1.659888762474e-10 
 1155       1.656815012613e-10 
 1156       1.653630409905e-10 
 1157       1.650335752815e-10 
 1158       1.646931848011e-10 
 1159       1.643419510381e-10 
 1160       1.639799563055e-10 
 1161       1.636072837423e-10 
 1162       1.632240173156e-10 
 1163       1.628302418223e-10 
 1164       1.624260428912e-10 
 1165       1.620115069850e-10 
 1166       1.615867214022e-10 
 1167       1.611517742790e-10 
 1168       1.607067712574e-10 
 1169       1.602518857131e-10 
 1170       1.597873091602e-10 
 1171       1.593132346450e-10 
 1172       1.588298567498e-10 
 1173       1.583373715964e-10 
 1174       1.578359768491e-10 
 1175       1.573258717186e-10 
 1176       1.568072569650e-10 
 1177       1.562803349014e-10 
 1178       1.557453093974e-10 
 1179       1.552023858824e-10 
 1180       1.546517713489e-10 
 1181       1.540936743562e-10 
 1182       1.535283050336e-10 
 1183       1.529558750839e-10 
 1184       1.523765977869e-10 
 1185       1.517906880024e-10 
 1186       1.511983621744e-10 
 1187       1.505998383335e-10 
 1188       1.499953361013e-10 
 1189       1.493850766932e-10 
 1190       1.487692829219e-10 
 1191       1.481481792010e-10 
 1192       1.475219915484e-10 
 1193       1.468909475894e-10 
 1194       1.462552765605e-10 
 1195       1.456152093127e-10 
 1196       1.449709783148e-10 
 1197       1.443228176569e-10 
 1198       1.436709630539e-10 
 1199       1.430156518485e-10 
 1200       1.423571230154e-10 
 1201       1.416956171639e-10 
 1202       1.410313765419e-10 
 1203       1.403646450389e-10 
 1204       1.396956681896e-10 
 1205       1.390246931775e-10 
 1206       1.383519688380e-10 
 1207       1.376777353771e-10 
 1208       1.370021933846e-10 
 1209       1.363255344525e-10 
 1210       1.356479514282e-10 
 1211       1.349696384173e-10 
 1212       1.342907907860e-10 
 1213       1.336116051635e-10 
 1214       1.329322794451e-10 
 1215       1.322530127942e-10 
 1216       1.315740056452e-10 
 1217       1.308954597061e-10 
 1218       1.302175779607e-10 
 1219       1.295405646716e-10 
 1220       1.288646253824e-10 
 1221       1.281899669208e-10 
 1222       1.275167974004e-10 
 1223       1.268453262240e-10 
 1224       1.261757640857e-10 
 1225       1.255083229736e-10 
 1226       1.248432161727e-10 
 1227       1.241806582667e-10 
 1228       1.235208651415e-10 
 1229       1.228640539868e-10 
 1230       1.222104432997e-10 
 1231       1.215602528863e-10 
 1232       1.209137038650e-10 
 1233       1.202710186687e-10 
 1234       1.196324210473e-10 
 1235       1.189981360706e-10 
 1236       1.183683901305e-10 
 1237       1.177434109440e-10 
 1238       1.171234275554e-10 
 1239       1.165086703388e-10 
 1240       1.158993710012e-10 
 1241       1.152957625844e-10 
 1242       1.146980794682e-10 
 1243       1.141065573724e-10 
 1244       1.135214333598e-10 
 1245       1.129429458384e-10 
 1246       1.123713075978e-10 
 1247       1.118066245647e-10 
 1248       1.112489760990e-10 
 1249       1.106984418747e-10 
 1250       1.101551018800e-10 
 1251       1.096190364181e-10 
 1252       1.090903261076e-10 
 1253       1.085690518829e-10 
 1254       1.080552949946e-10 
 1255       1.075491370103e-10 
 1256       1.070506598150e-10 
 1257       1.065599456113e-10 
 1258       1.060770769202e-10 
 1259       1.056021365813e-10 
 1260       1.051352077538e-10 
 1261       1.046763739163e-10 
 1262       1.042257188678e-10 
 1263       1.037833267280e-10 
 1264       1.033492819377e-10 
 1265       1.029236692596e-10 
 1266       1.025065737784e-10 
 1267       1.020980809014e-10 
 1268       1.016982763593e-10 
 1269       1.013072462061e-10 
 1270       1.009250768203e-10 
 1271       1.005518549046e-10 
 1272       1.001876674872e-10 
 1273       9.983260192145e-11 
 1274       9.948674588707e-11 
 1275       9.915018739021e-11 
 1276       9.882301476408e-11 
 1277       9.850531666937e-11 
 1278       9.819718209483e-11 
 1279       9.789870035764e-11 
 1280       9.760996110400e-11 
 1281       9.733105430956e-11 
 1282       9.706207027991e-11 
 1283       9.680309965108e-11 
 1284       9.655423339002e-11 
 1285       9.631553698984e-11 
 1286       9.608697273335e-11 
 1287       9.586847654604e-11 
 1288       9.565998371971e-11 
 1289       9.546142891109e-11 
 1290       9.527274614044e-11 
 1291       9.509386879015e-11 
 1292       9.492472960340e-11 
 1293       9.476526068270e-11 
 1294       9.461539348857e-11 
 1295       9.447505883811e-11 
 1296       9.434418690363e-11 
 1297       9.422270721126e-11 
 1298       9.411054863954e-11 
 1299       9.400763941809e-11 
 1300       9.391390712614e-11 
 1301       9.382927869121e-11 
 1302       9.375368038769e-11 
 1303       9.368703783547e-11 
 1304       9.362927599852e-11 
 1305       9.358031918354e-11 
 1306       9.354009103856e-11 
 1307       9.350851455152e-11 
 1308       9.348551204895e-11 
 1309       9.347100519450e-11 
 1310       9.346491498763e-11 
 1311       9.346716176215e-11 
 1312       9.347766518491e-11 
 1313       9.349634425432e-11 
 1314       9.352311729904e-11 
 1315       9.355790197658e-11 
 1316       9.360061527186e-11 
 1317       9.365117349588e-11 
 1318       9.370949228430e-11 
 1319       9.377548659606e-11 
 1320       9.384907071201e-11 
 1321       9.393015823348e-11 
 1322       9.401866208095e-11 
 1323       9.411449449260e-11 
 1324       9.421755671552e-11 
 1325       9.432770795742e-11 
 1326       9.444479608929e-11 
 1327       9.456866791960e-11 
 1328       9.469916919225e-11 
 1329       9.483614458446e-11 
 1330       9.497943770467e-11 
 1331       9.512889109046e-11 
 1332       9.528434620645e-11 
 1333       9.544564344222e-11 
 1334       9.561262211019e-11 
 1335       9.578512044355e-11 
 1336       9.596297559416e-11 
 1337       9.614602363045e-11 
 1338       9.633409953534e-11 
 1339       9.652703720414e-11 
 1340       9.672466944246e-11 
 1341       9.692682796411e-11 
 1342       9.713334338902e-11 
 1343       9.734404524111e-11 
 1344       9.755876194627e-11 
 1345       9.777732083018e-11 
 1346       9.799954811630e-11 
 1347       9.822526892369e-11 
 1348       9.845430726500e-11 
 1349       9.868648604432e-11 
 1350       9.892162705512e-11 
 1351       9.915955097814e-11 
 1352       9.940007737930e-11 
 1353       9.964302470760e-11 
 1354       9.988821029305e-11 
 1355       1.001354503446e-10 
 1356       1.003845599478e-10 
 1357       1.006353530633e-10 
 1358       1.008876425240e-10 
 1359       1.011412400335e-10 
 1360       1.013959561639e-10 
 1361       1.016516003535e-10 
 1362       1.019079809049e-10 
 1363       1.021649136805e-10 
 1364       1.024222482955e-10 
 1365       1.026798422018e-10 
 1366       1.029375520140e-10 
 1367       1.031952335085e-10 
 1368       1.034527416213e-10 
 1369       1.037099304469e-10 
 1370       1.039666532367e-10 
 1371       1.042227623972e-10 
 1372       1.044781094889e-10 
 1373       1.047325452245e-10 
 1374       1.049859194671e-10 
 1375       1.052380812296e-10 
 1376       1.054888786719e-10 
 1377       1.057381591004e-10 
 1378       1.059857689660e-10 
 1379       1.062315538626e-10 
 1380       1.064753585257e-10 
 1381       1.067170268308e-10 
 1382       1.069564017917e-10 
 1383       1.071933255593e-10 
 1384       1.074276394198e-10 
 1385       1.076591837933e-10 
 1386       1.078877982323e-10 
 1387       1.081133214200e-10 
 1388       1.083355911688e-10 
 1389       1.085544444190e-10 
 1390       1.087697172370e-10 
 1391       1.089812448140e-10 
 1392       1.091888614642e-10 
 1393       1.093924006234e-10 
 1394       1.095916948476e-10 
 1395       1.097865758113e-10 
 1396       1.099768743060e-10 
 1397       1.101624202387e-10 
 1398       1.103430426303e-10 
 1399       1.105185696141e-10 
 1400       1.106888284345e-10 
 1401       1.108536454450e-10 
 1402       1.110128662618e-10 
 1403       1.111664164564e-10 
 1404       1.113142414927e-10 
 1405       1.114562866297e-10 
 1406       1.115924969213e-10 
 1407       1.117228172154e-10 
 1408       1.118471921542e-10 
 1409       1.119655661737e-10 
 1410       1.120778835032e-10 
 1411       1.121840881653e-10 
 1412       1.122841239756e-10 
 1413       1.123779345420e-10 
 1414       1.124654632648e-10 
 1415       1.125466533363e-10 
 1416       1.126214477404e-10 
 1417       1.126897892523e-10 
 1418       1.127516204385e-10 
 1419       1.128068836560e-10 
 1420       1.128555210523e-10 
 1421       1.128974745653e-10 
 1422       1.129326859223e-10 
 1423       1.129610966406e-10 
 1424       1.129826480265e-10 
 1425       1.129972811752e-10 
 1426       1.130049369708e-10 
 1427       1.130055560854e-10 
 1428       1.129990789795e-10 
 1429       1.129854459010e-10 
 1430       1.129645968855e-10 
 1431       1.129364717555e-10 
 1432       1.129010101206e-10 
 1433       1.128581513766e-10 
 1434       1.128078347058e-10 
 1435       1.127499990763e-10 
 1436       1.126845832419e-10 
 1437       1.126115257416e-10 
 1438       1.125307648995e-10 
 1439       1.124422388244e-10 
 1440       1.123458854095e-10 
 1441       1.122416612699e-10 
 1442       1.121295987656e-10 
 1443       1.120097495566e-10 
 1444       1.118821657184e-10 
 1445       1.117468997431e-10 
 1446       1.116040045395e-10 
 1447       1.114535334348e-10 
 1448       1.112955401745e-10 
 1449       1.111300789240e-10 
 1450       1.109572042687e-10 
 1451       1.107769712152e-10 
 1452       1.105894351921e-10 
 1453       1.103946520505e-10 
 1454       1.101926780651e-10 
 1455       1.099835699348e-10 
 1456       1.097673847836e-10 
 1457       1.095441801612e-10 
 1458       1.093140140443e-10 
 1459       1.090769448365e-10 
 1460       1.088330313701e-10 
 1461       1.085823329062e-10 
 1462       1.083249091356e-10 
 1463       1.080608201799e-10 
 1464       1.077901265921e-10 
 1465       1.075128893571e-10 
 1466       1.072291698930e-10 
 1467       1.069390300518e-10 
 1468       1.066425321196e-10 
 1469       1.063397388183e-10 
 1470       1.060307133057e-10 
 1471       1.057155191766e-10 
 1472       1.053942204634e-10 
 1473       1.050668816372e-10 
 1474       1.047335676084e-10 
 1475       1.043943437272e-10 
 1476       1.040492757850e-10 
 1477       1.036984300148e-10 
 1478       1.033418730921e-10 
 1479       1.029796721354e-10 
 1480       1.026119023848e-10 
 1481       1.022386703162e-10 
 1482       1.018600907569e-10 
 1483       1.014762792302e-10 
 1484       1.010873519565e-10 
 1485       1.006934258548e-10 
 1486       1.002946185436e-10 
 1487       9.989104834222e-11 
 1488       9.948283427216e-11 
 1489       9.907009605813e-11 
 1490       9.865295412933e-11 
 1491       9.823152962068e-11 
 1492       9.780594437399e-11 
 1493       9.737632093918e-11 
 1494       9.694278257554e-11 
 1495       9.650545325288e-11 
 1496       9.606445765276e-11 
 1497       9.561992116974e-11 
 1498       9.517196991252e-11 
 1499       9.472073070523e-11 
 1500       9.426633108859e-11 
 1501       9.380889932112e-11 
 1502       9.334856438040e-11 
 1503       9.288545596423e-11 
 1504       9.241970449186e-11 
 1505       9.195144110522e-11 
 1506       9.148079767011e-11 
 1507       9.100790677740e-11 
 1508       9.053290174429e-11 
 1509       9.005591661546e-11 
 1510       8.957708616434e-11 
 1511       8.909654589429e-11 
 1512       8.861443203980e-11 
 1513       8.813088156775e-11 
 1514       8.764603217855e-11 
 1515       8.716002230743e-11 
 1516       8.667299112560e-11 
 1517       8.618507854147e-11 
 1518       8.569642520188e-11 
 1519       8.520716657714e-11 
 1520       8.471741515146e-11 
 1521       8.422727806343e-11 
 1522       8.373686300755e-11 
 1523       8.324627823507e-11 
 1524       8.275563255499e-11 
 1525       8.226503533486e-11 
 1526       8.177459650175e-11 
 1527       8.128442654317e-11 
 1528       8.079463650789e-11 
 1529       8.030533800693e-11 
 1530       7.981664321444e-11 
 1531       7.932866486857e-11 
 1532       7.884151627241e-11 
 1533       7.835531129490e-11 
 1534       7.787016437170e-11 
 1535       7.738619050611e-11 
 1536       7.690350527001e-11 
 1537       7.642222480470e-11 
 1538       7.594246582186e-11 
 1539       7.546434560441e-11 
 1540       7.498798200745e-11 
 1541       7.451349345914e-11 
 1542       7.404099896164e-11 
 1543       7.357061809195e-11 
 1544       7.310247100289e-11 
 1545       7.263667842395e-11 
 1546       7.217336166220e-11 
 1547       7.171264260324e-11 
 1548       7.125464371205e-11 
 1549       7.079948803391e-11 
 1550       7.034729919531e-11 
 1551       6.989820140489e-11 
 1552       6.945231945425e-11 
 1553       6.900977871896e-11 
 1554       6.857070515941e-11 
 1555       6.813522532169e-11 
 1556       6.770346633857e-11 
 1557       6.727555593033e-11 
 1558       6.685160824439e-11 
 1559       6.643168122682e-11 
 1560       6.601581885237e-11 
 1561       6.560406524967e-11 
 1562       6.519646470146e-11 
 1563       6.479306164477e-11 
 1564       6.439390067111e-11 
 1565       6.399902652673e-11 
 1566       6.360848411277e-11 
 1567       6.322231848549e-11 
 1568       6.284057485646e-11 
 1569       6.246329859278e-11 
 1570       6.209053521731e-11 
 1571       6.172233040878e-11 
 1572       6.135873000213e-11 
 1573       6.099977998859e-11 
 1574       6.064552651597e-11 
 1575       6.029601588881e-11 
 1576       5.995129456864e-11 
 1577       5.961140917411e-11 
 1578       5.927640648128e-11 
 1579       5.894633342375e-11 
 1580       5.862123709292e-11 
 1581       5.830116473816e-11 
 1582       5.798616376703e-11 
 1583       5.767628174547e-11 
 1584       5.737156639805e-11 
 1585       5.707206560810e-11 
 1586       5.677782741798e-11 
 1587       5.648890002926e-11 
 1588       5.620533180291e-11 
 1589       5.592717125954e-11 
 1590       5.565446707957e-11 
 1591       5.538726810345e-11 
 1592       5.512562333188e-11 
 1593       5.486958192598e-11 
 1594       5.461919320753e-11 
 1595       5.437450665914e-11 
 1596       5.413557192450e-11 
 1597       5.390242529946e-11 
 1598       5.367504906979e-11 
 1599       5.345341180135e-11 
 1600       5.323748181497e-11 
 1601       5.302722718597e-11 
 1602       5.282261574381e-11 
 1603       5.262361507155e-11 
 1604       5.243019250553e-11 
 1605       5.224231513485e-11 
 1606       5.205994980100e-11 
 1607       5.188306309740e-11 
 1608       5.171162136897e-11 
 1609       5.154559071172e-11 
 1610       5.138493697229e-11 
 1611       5.122962574754e-11 
 1612       5.107962238413e-11 
 1613       5.093489197806e-11 
 1614       5.079539937424e-11 
 1615       5.066110916610e-11 
 1616       5.053198569513e-11 
 1617       5.040799305042e-11 
 1618       5.028909506831e-11 
 1619       5.017525533188e-11 
 1620       5.006643717055e-11 
 1621       4.996260365966e-11 
 1622       4.986371762004e-11 
 1623       4.976974161755e-11 
 1624       4.968063796269e-11 
 1625       4.959636871012e-11 
 1626       4.951689565828e-11 
 1627       4.944218034894e-11 
 1628       4.937218406675e-11 
 1629       4.930686783885e-11 
 1630       4.924619243439e-11 
 1631       4.919011836416e-11 
 1632       4.913860588008e-11 
 1633       4.909161497486e-11 
 1634       4.904910538150e-11 
 1635       4.901103657288e-11 
 1636       4.897736198617e-11 
 1637       4.894801164034e-11 
 1638       4.892290936231e-11 
 1639       4.890197854737e-11 
 1640       4.888514215849e-11 
 1641       4.887232272559e-11 
 1642       4.886344234492e-11 
 1643       4.885842267828e-11 
 1644       4.885718495243e-11 
 1645       4.885964995832e-11 
 1646       4.886573805044e-11 
 1647       4.887536914613e-11 
 1648       4.888846272487e-11 
 1649       4.890493782762e-11 
 1650       4.892471305611e-11 
 1651       4.894770657216e-11 
 1652       4.897383609697e-11 
 1653       4.900301891048e-11 
 1654       4.903517185061e-11 
 1655       4.907021131264e-11 
 1656       4.910805324848e-11 
 1657       4.914861316599e-11 
 1658       4.919180612829e-11 
 1659       4.923754675307e-11 
 1660       4.928574921192e-11 
 1661       4.933632722961e-11 
 1662       4.938919408341e-11 
 1663       4.944426260241e-11 
 1664       4.950144516685e-11 
 1665       4.956065370736e-11 
 1666       4.962179970437e-11 
 1667       4.968479418733e-11 
 1668       4.974954773407e-11 
 1669       4.981597047011e-11 
 1670       4.988397206796e-11 
 1671       4.995346174641e-11 
 1672       5.002434826990e-11 
 1673       5.009653994775e-11 
 1674       5.016994463356e-11 
 1675       5.024447330177e-11 
 1676       5.032005081316e-11 
 1677       5.039660524206e-11 
 1678       5.047406430699e-11 
 1679       5.055235537015e-11 
 1680       5.063140543688e-11 
 1681       5.071114115509e-11 
 1682       5.079148881478e-11 
 1683       5.087237434746e-11 
 1684       5.095372332562e-11 
 1685       5.103546096222e-11 
 1686       5.111751211013e-11 
 1687       5.119980126159e-11 
 1688       5.128225254769e-11 
 1689       5.136478973783e-11 
 1690       5.144733623917e-11 
 1691       5.152981509612e-11 
 1692       5.161214898976e-11 
 1693       5.169426023736e-11 
 1694       5.177607079180e-11 
 1695       5.185750224105e-11 
 1696       5.193847580764e-11 
 1697       5.201891234810e-11 
 1698       5.209873235246e-11 
 1699       5.217785594368e-11 
 1700       5.225620287712e-11 
 1701       5.233369254004e-11 
 1702       5.241024395101e-11 
 1703       5.248577575939e-11 
 1704       5.256020624483e-11 
 1705       5.263345331668e-11 
 1706       5.270543451350e-11 
 1707       5.277606700249e-11 
 1708       5.284526757897e-11 
 1709       5.291295266584e-11 
 1710       5.297903831304e-11 
 1711       5.304344019703e-11 
 1712       5.310607362022e-11 
 1713       5.316685351048e-11 
 1714       5.322570379349e-11 
 1715       5.328258559854e-11 
 1716       5.333746929244e-11 
 1717       5.339032512831e-11 
 1718       5.344112324546e-11 
 1719       5.348983366917e-11 
 1720       5.353642631058e-11 
 1721       5.358087096654e-11 
 1722       5.362313731942e-11 
 1723       5.366319493700e-11 
 1724       5.370101327228e-11 
 1725       5.373656166335e-11 
 1726       5.376980933323e-11 
 1727       5.380072538972e-11 
 1728       5.382927882522e-11 
 1729       5.385543851661e-11 
 1730       5.387917322510e-11 
 1731       5.390045159602e-11 
 1732       5.391924215875e-11 
 1733       5.393551332649e-11 
 1734       5.394923339616e-11 
 1735       5.396037054820e-11 
 1736       5.396889284648e-11 
 1737       5.397476823807e-11 
 1738       5.397796455314e-11 
 1739       5.397844950480e-11 
 1740       5.397619068892e-11 
 1741       5.397115558400e-11 
 1742       5.396331155102e-11 
 1743       5.395262583325e-11 
 1744       5.393906555614e-11 
 1745       5.392259772716e-11 
 1746       5.390318923560e-11 
 1747       5.388080685249e-11 
 1748       5.385541723038e-11 
 1749       5.382698690323e-11 
 1750       5.379548228622e-11 
 1751       5.376086967564e-11 
 1752       5.372311524870e-11 
 1753       5.368219414024e-11 
 1754       5.363811775604e-11 
 1755       5.359090668715e-11 
 1756       5.354058165401e-11 
 1757       5.348716350660e-11 
 1758       5.343067322466e-11 
 1759       5.337113191788e-11 
 1760       5.330856082610e-11 
 1761       5.324298131953e-11 
 1762       5.317441489892e-11 
 1763       5.310288319579e-11 
 1764       5.302840797262e-11 
 1765       5.295101112304e-11 
 1766       5.287071467203e-11 
 1767       5.278754077616e-11 
 1768       5.270151172372e-11 
 1769       5.261264993499e-11 
 1770       5.252097796239e-11 
 1771       5.242651849074e-11 
 1772       5.232929433737e-11 
 1773       5.222932845241e-11 
 1774       5.212664391894e-11 
 1775       5.202126395321e-11 
 1776       5.191321190482e-11 
 1777       5.180251125696e-11 
 1778       5.168918562655e-11 
 1779       5.157325876452e-11 
 1780       5.145475455593e-11 
 1781       5.133369702022e-11 
 1782       5.121011031142e-11 
 1783       5.108401871828e-11 
 1784       5.095544666456e-11 
 1785       5.082441870918e-11 
 1786       5.069095954643e-11 
 1787       5.055509400615e-11 
 1788       5.041684705399e-11 
 1789       5.027624379153e-11 
 1790       5.013330945656e-11 
 1791       4.998806942322e-11 
 1792       4.984055316520e-11 
 1793       4.969080618017e-11 
 1794       4.953887816311e-11 
 1795       4.938481905256e-11 
 1796       4.922867903091e-11 
 1797       4.907050852480e-11 
 1798       4.891035820544e-11 
 1799       4.874827898896e-11 
 1800       4.858432203679e-11 
 1801       4.841853875597e-11 
 1802       4.825098079950e-11 
 1803       4.808170006673e-11 
 1804       4.791074870366e-11 
 1805       4.773817910332e-11 
 1806       4.756404390610e-11 
 1807       4.738839600011e-11 
 1808       4.721128852152e-11 
 1809       4.703277485492e-11 
 1810       4.685290863366e-11 
 1811       4.667174374020e-11 
 1812       4.648933430646e-11 
 1813       4.630573471416e-11 
 1814       4.612099959520e-11 
 1815       4.593518383194e-11 
 1816       4.574834255765e-11 
 1817       4.556053115676e-11 
 1818       4.537180526525e-11 
 1819       4.518222077104e-11 
 1820       4.499183381425e-11 
 1821       4.480070078763e-11 
 1822       4.460887833685e-11 
 1823       4.441642336089e-11 
 1824       4.422339301237e-11 
 1825       4.402984469789e-11 
 1826       4.383583607841e-11 
 1827       4.364142506955e-11 
 1828       4.344666984199e-11 
 1829       4.325162882178e-11 
 1830       4.305636069071e-11 
 1831       4.286092210125e-11 
 1832       4.266536080069e-11 
 1833       4.246972245272e-11 
 1834       4.227405291817e-11 
 1835       4.207839825519e-11 
 1836       4.188280471961e-11 
 1837       4.168731876512e-11 
 1838       4.149198704361e-11 
 1839       4.129685640539e-11 
 1840       4.110197389948e-11 
 1841       4.090738677386e-11 
 1842       4.071314247574e-11 
 1843       4.051928865185e-11 
 1844       4.032587314868e-11 
 1845       4.013294401276e-11 
 1846       3.994054949091e-11 
 1847       3.974873803054e-11 
 1848       3.955755827988e-11 
 1849       3.936705908826e-11 
 1850       3.917728950640e-11 
 1851       3.898829878664e-11 
 1852       3.880013638322e-11 
 1853       3.861285195258e-11 
 1854       3.842649535356e-11 
 1855       3.824111664773e-11 
 1856       3.805676609962e-11 
 1857       3.787349417699e-11 
 1858       3.769135155113e-11 
 1859       3.751038909707e-11 
 1860       3.733065789390e-11 
 1861       3.715220922501e-11 
 1862       3.697509457836e-11 
 1863       3.679936564676e-11 
 1864       3.662507432809e-11 
 1865       3.645227272565e-11 
 1866       3.628101314834e-11 
 1867       3.611134811099e-11 
 1868       3.594333033459e-11 
 1869       3.577701274659e-11 
 1870       3.561244234225e-11 
 1871       3.544964171590e-11 
 1872       3.528862738566e-11 
 1873       3.512941591934e-11 
 1874       3.497202393440e-11 
 1875       3.481646809808e-11 
 1876       3.466276512741e-11 
 1877       3.451093178928e-11 
 1878       3.436098490052e-11 
 1879       3.421294132791e-11 
 1880       3.406681798827e-11 
 1881       3.392263184851e-11 
 1882       3.378039992569e-11 
 1883       3.364013928705e-11 
 1884       3.350186705010e-11 
 1885       3.336560038266e-11 
 1886       3.323135650292e-11 
 1887       3.309915267949e-11 
 1888       3.296900623148e-11 
 1889       3.284093452850e-11 
 1890       3.271495499080e-11 
 1891       3.259108508923e-11 
 1892       3.246934234539e-11 
 1893       3.234974433162e-11 
 1894       3.223230867109e-11 
 1895       3.211705303783e-11 
 1896       3.200399515681e-11 
 1897       3.189315280399e-11 
 1898       3.178454380637e-11 
 1899       3.167818604205e-11 
 1900       3.157409744030e-11 
 1901       3.147229598158e-11 
 1902       3.137279969764e-11 
 1903       3.127562667153e-11 
 1904       3.118079503771e-11 
 1905       3.108832298205e-11 
 1906       3.099822874194e-11 
 1907       3.091053060631e-11 
 1908       3.082524691569e-11 
 1909       3.074239015058e-11 
 1910       3.066194914689e-11 
 1911       3.058390674424e-11 
 1912       3.050824568518e-11 
 1913       3.043494861503e-11 
 1914       3.036399808177e-11 
 1915       3.029537653584e-11 
 1916       3.022906633009e-11 
 1917       3.016504971956e-11 
 1918       3.010330886138e-11 
 1919       3.004382581464e-11 
 1920       2.998658254023e-11 
 1921       2.993156090071e-11 
 1922       2.987874266017e-11 
 1923       2.982810948412e-11 
 1924       2.977964293928e-11 
 1925       2.973332449352e-11 
 1926       2.968913551569e-11 
 1927       2.964705727547e-11 
 1928       2.960707094323e-11 
 1929       2.956915758994e-11 
 1930       2.953329818697e-11 
 1931       2.949947360597e-11 
 1932       2.946766461877e-11 
 1933       2.943785189719e-11 
 1934       2.941001601292e-11 
 1935       2.938413743740e-11 
 1936       2.936019654165e-11 
 1937       2.933817359616e-11 
 1938       2.931804877073e-11 
 1939       2.929980213436e-11 
 1940       2.928341365508e-11 
 1941       2.926886319981e-11 
 1942       2.925613053426e-11 
 1943       2.924519532276e-11 
 1944       2.923603712814e-11 
 1945       2.922863541155e-11 
 1946       2.922296953240e-11 
 1947       2.921901874813e-11 
 1948       2.921675972842e-11 
 1949       2.921615907737e-11 
 1950       2.921718075485e-11 
 1951       2.921978855689e-11 
 1952       2.922394611544e-11 
 1953       2.922961689820e-11 
 1954       2.923676420838e-11 
 1955       2.924535118448e-11 
 1956       2.925534080009e-11 
 1957       2.926669586363e-11 
 1958       2.927937901820e-11 
 1959       2.929335274130e-11 
 1960       2.930857934465e-11 
 1961       2.932502097398e-11 
 1962       2.934263960876e-11 
 1963       2.936139706205e-11 
 1964       2.938125498024e-11 
 1965       2.940217484286e-11 
 1966       2.942411796232e-11 
 1967       2.944704548375e-11 
 1968       2.947091838475e-11 
 1969       2.949569747516e-11 
 1970       2.952134339689e-11 
 1971       2.954781662365e-11 
 1972       2.957507746078e-11 
 1973       2.960308604498e-11 
 1974       2.963180234416e-11 
 1975       2.966118615717e-11 
 1976       2.969119711359e-11 
 1977       2.972179467354e-11 
 1978       2.975293812744e-11 
 1979       2.978458659581e-11 
 1980       2.981669902903e-11 
 1981       2.984923420713e-11 
 1982       2.988215073961e-11 
 1983       2.991540706515e-11 
 1984       2.994896145148e-11 
 1985       2.998277199508e-11 
 1986       3.001679662103e-11 
 1987       3.005099481063e-11 
 1988       3.008533279880e-11 
 1989       3.011977841451e-11 
 1990       3.015429935628e-11 
 1991       3.018886319199e-11 
 1992       3.022343735869e-11 
 1993       3.025798916245e-11 
 1994       3.029248577823e-11 
 1995       3.032689424967e-11 
 1996       3.036118148893e-11 
 1997       3.039531427656e-11 
 1998       3.042925926130e-11 
 1999       3.046298295994e-11 
 2000       3.049645175713e-11 
 2001       3.052963190524e-11 
 2002       3.056248952419e-11 
 2003       3.059499060127e-11 
 2004       3.062710099100e-11 
 2005       3.065878641494e-11 
 2006       3.069001246155e-11 
 2007       3.072074458602e-11 
 2008       3.075094811007e-11 
 2009       3.078058822185e-11 
 2010       3.080962997572e-11 
 2011       3.083803829212e-11 
 2012       3.086577795738e-11 
 2013       3.089281362358e-11 
 2014       3.091910980836e-11 
 2015       3.094463089478e-11 
 2016       3.096934113115e-11 
 2017       3.099320463084e-11 
 2018       3.101618537216e-11 
 2019       3.103824719816e-11 
 2020       3.105935381647e-11 
 2021       3.107946879917e-11 
 2022       3.109855558256e-11 
 2023       3.111657746706e-11 
 2024       3.113349761703e-11 
 2025       3.114927906057e-11 
 2026       3.116388897815e-11 
 2027       3.117731160261e-11 
 2028       3.118953541202e-11 
 2029       3.120054884933e-11 
 2030       3.121034032235e-11 
 2031       3.121889820372e-11 
 2032       3.122621083084e-11 
 2033       3.123226650584e-11 
 2034       3.123705349558e-11 
 2035       3.124056003154e-11 
 2036       3.124277430984e-11 
 2037       3.124368449118e-11 
 2038       3.124327870081e-11 
 2039       3.124154502846e-11 
 2040       3.123847152833e-11 
 2041       3.123404621907e-11 
 2042       3.122825708368e-11 
 2043       3.122109206953e-11 
 2044       3.121253908829e-11 
 2045       3.120258601590e-11 
 2046       3.119122069251e-11 
 2047       3.117843092250e-11 
 2048       3.116420447437e-11 
 2049       3.114852908074e-11 
 2050       3.113139243831e-11 
 2051       3.111278220780e-11 
 2052       3.109268601394e-11 
 2053       3.107109144540e-11 
 2054       3.104798605479e-11 
 2055       3.102335735857e-11 
 2056       3.099719283706e-11 
 2057       3.096947993438e-11 
 2058       3.094020605839e-11 
 2059       3.090935858069e-11 
 2060       3.087692483656e-11 
 2061       3.084289212493e-11 
 2062       3.080724770831e-11 
 2063       3.076997881280e-11 
 2064       3.073107262801e-11 
 2065       3.069052043806e-11 
 2066       3.064833004652e-11 
 2067       3.060451343946e-11 
 2068       3.055908266249e-11 
 2069       3.051204982087e-11 
 2070       3.046342707955e-11 
 2071       3.041322666329e-11 
 2072       3.036146085671e-11 
 2073       3.030814200436e-11 
 2074       3.025328251082e-11 
 2075       3.019689484077e-11 
 2076       3.013899151904e-11 
 2077       3.007958513073e-11 
 2078       3.001868832128e-11 
 2079       2.995631379651e-11 
 2080       2.989247432273e-11 
 2081       2.982718272681e-11 
 2082       2.976045189626e-11 
 2083       2.969229477931e-11 
 2084       2.962272438496e-11 
 2085       2.955175378309e-11 
 2086       2.947939610452e-11 
 2087       2.940566454112e-11 
 2088       2.933057234581e-11 
 2089       2.925413283272e-11 
 2090       2.917635937723e-11 
 2091       2.909726541604e-11 
 2092       2.901686444727e-11 
 2093       2.893517003052e-11 
 2094       2.885219578694e-11 
 2095       2.876795539935e-11 
 2096       2.868246261225e-11 
 2097       2.859573123195e-11 
 2098       2.850777512664e-11 
 2099       2.841860822645e-11 
 2100       2.832824452354e-11 
 2101       2.823669807215e-11 
 2102       2.814398298872e-11 
 2103       2.805011345195e-11 
 2104       2.795510549541e-11 
 2105       2.785898239896e-11 
 2106       2.776176933496e-11 
 2107       2.766349157935e-11 
 2108       2.756417451170e-11 
 2109       2.746384361535e-11 
 2110       2.736252447756e-11 
 2111       2.726024278962e-11 
 2112       2.715702434698e-11 
 2113       2.705289504935e-11 
 2114       2.694788090087e-11 
 2115       2.684200801020e-11 
 2116       2.673530259068e-11 
 2117       2.662779096041e-11 
 2118       2.651949954241e-11 
 2119       2.641045486475e-11 
 2120       2.630068356064e-11 
 2121       2.619021236859e-11 
 2122       2.607906813253e-11 
 2123       2.596727780190e-11 
 2124       2.585486843185e-11 
 2125       2.574186718328e-11 
 2126       2.562830132304e-11 
 2127       2.551419822399e-11 
 2128       2.539958536518e-11 
 2129       2.528449033194e-11 
 2130       2.516894081604e-11 
 2131       2.505296461577e-11 
 2132       2.493658963610e-11 
 2133       2.481984388882e-11 
 2134       2.470275549259e-11 
 2135       2.458535267317e-11 
 2136       2.446766376347e-11 
 2137       2.434971720370e-11 
 2138       2.423154154149e-11 
 2139       2.411316543204e-11 
 2140       2.399461763821e-11 
 2141       2.387592703065e-11 
 2142       2.375712258798e-11 
 2143       2.363823233694e-11 
 2144       2.351928016495e-11 
 2145       2.340028898608e-11 
 2146       2.328128179904e-11 
 2147       2.316228168728e-11 
 2148       2.304331181912e-11 
 2149       2.292439544781e-11 
 2150       2.280555591165e-11 
 2151       2.268681663409e-11 
 2152       2.256820112381e-11 
 2153       2.244973297482e-11 
 2154       2.233143586658e-11 
 2155       2.221333356408e-11 
 2156       2.209544991795e-11 
 2157       2.197780886454e-11 
 2158       2.186043442603e-11 
 2159       2.174335071052e-11 
 2160       2.162658191216e-11 
 2161       2.151015231119e-11 
 2162       2.139408627409e-11 
 2163       2.127840825365e-11 
 2164       2.116314278909e-11 
 2165       2.104831450613e-11 
 2166       2.093394811710e-11 
 2167       2.082006842106e-11 
 2168       2.070670030386e-11 
 2169       2.059386873827e-11 
 2170       2.048159878405e-11 
 2171       2.036991558808e-11 
 2172       2.025884438442e-11 
 2173       2.014841049446e-11 
 2174       2.003863932695e-11 
 2175       1.992955637816e-11 
 2176       1.982118723195e-11 
 2177       1.971355755986e-11 
 2178       1.960669312124e-11 
 2179       1.950061976329e-11 
 2180       1.939536342124e-11 
 2181       1.929095011837e-11 
 2182       1.918740311654e-11 
 2183       1.908473434655e-11 
 2184       1.898295292046e-11 
 2185       1.888206797603e-11 
 2186       1.878208867673e-11 
 2187       1.868302421176e-11 
 2188       1.858488379611e-11 
 2189       1.848767667054e-11 
 2190       1.839141210164e-11 
 2191       1.829609938186e-11 
 2192       1.820174782949e-11 
 2193       1.810836678875e-11 
 2194       1.801596562977e-11 
 2195       1.792455374864e-11 
 2196       1.783414056740e-11 
 2197       1.774473553413e-11 
 2198       1.765634812292e-11 
 2199       1.756898783392e-11 
 2200       1.748266419336e-11 
 2201       1.739738675359e-11 
 2202       1.731316509307e-11 
 2203       1.723000881644e-11 
 2204       1.714792755453e-11 
 2205       1.706693096437e-11 
 2206       1.698702872925e-11 
 2207       1.690823055869e-11 
 2208       1.683054618855e-11 
 2209       1.675398538096e-11 
 2210       1.667855792443e-11 
 2211       1.660427363383e-11 
 2212       1.653114235043e-11 
 2213       1.645917394191e-11 
 2214       1.638837830241e-11 
 2215       1.631876535255e-11 
 2216       1.625034503944e-11 
 2217       1.618312733673e-11 
 2218       1.611712224463e-11 
 2219       1.605233978991e-11 
 2220       1.598879002597e-11 
 2221       1.592648022068e-11 
 2222       1.586540639982e-11 
 2223       1.580556174794e-11 
 2224       1.574693941548e-11 
 2225       1.568953251863e-11 
 2226       1.563333413936e-11 
 2227       1.557833732537e-11 
 2228       1.552453508999e-11 
 2229       1.547192041222e-11 
 2230       1.542048623663e-11 
 2231       1.537022547334e-11 
 2232       1.532113099797e-11 
 2233       1.527319565161e-11 
 2234       1.522641224076e-11 
 2235       1.518077353731e-11 
 2236       1.513627227847e-11 
 2237       1.509290116674e-11 
 2238       1.505065286990e-11 
 2239       1.500952002092e-11 
 2240       1.496949521793e-11 
 2241       1.493057102418e-11 
 2242       1.489273996804e-11 
 2243       1.485599454288e-11 
 2244       1.482032720708e-11 
 2245       1.478573038399e-11 
 2246       1.475219646186e-11 
 2247       1.471971779381e-11 
 2248       1.468828669781e-11 
 2249       1.465789545658e-11 
 2250       1.462853631762e-11 
 2251       1.460020149312e-11 
 2252       1.457288315994e-11 
 2253       1.454657345954e-11 
 2254       1.452126449797e-11 
 2255       1.449694834582e-11 
 2256       1.447361703817e-11 
 2257       1.445126257453e-11 
 2258       1.442987691885e-11 
 2259       1.440945199943e-11 
 2260       1.438997839769e-11 
 2261       1.437144140530e-11 
 2262       1.435382494139e-11 
 2263       1.433711286144e-11 
 2264       1.432128895714e-11 
 2265       1.430633695635e-11 
 2266       1.429224052300e-11 
 2267       1.427898325706e-11 
 2268       1.426654869442e-11 
 2269       1.425492030685e-11 
 2270       1.424408150192e-11 
 2271       1.423401562290e-11 
 2272       1.422470594874e-11 
 2273       1.421613569395e-11 
 2274       1.420828800854e-11 
 2275       1.420114597797e-11 
 2276       1.419469262304e-11 
 2277       1.418891089984e-11 
 2278       1.418378369967e-11 
 2279       1.417929384898e-11 
 2280       1.417542410929e-11 
 2281       1.417215717709e-11 
 2282       1.416947568380e-11 
 2283       1.416736219570e-11 
 2284       1.416579921384e-11 
 2285       1.416476917397e-11 
 2286       1.416425444646e-11 
 2287       1.416423733624e-11 
 2288       1.416470008274e-11 
 2289       1.416562485978e-11 
 2290       1.416699377553e-11 
 2291       1.416878887241e-11 
 2292       1.417099212704e-11 
 2293       1.417358545017e-11 
 2294       1.417655068657e-11 
 2295       1.417986961501e-11 
 2296       1.418352394813e-11 
 2297       1.418749533244e-11 
 2298       1.419176534815e-11 
 2299       1.419631609199e-11 
 2300       1.420113192949e-11 
 2301       1.420619775368e-11 
 2302       1.421149840325e-11 
 2303       1.421701866246e-11 
 2304       1.422274326111e-11 
 2305       1.422865687446e-11 
 2306       1.423474412319e-11 
 2307       1.424098957333e-11 
 2308       1.424737773619e-11 
 2309       1.425389306833e-11 
 2310       1.426051997145e-11 
 2311       1.426724279239e-11 
 2312       1.427404582303e-11 
 2313       1.428091330025e-11 
 2314       1.428782940584e-11 
 2315       1.429477826649e-11 
 2316       1.430174395368e-11 
 2317       1.430871048367e-11 
 2318       1.431566181738e-11 
 2319       1.432258186039e-11 
 2320       1.432945446284e-11 
 2321       1.433626341940e-11 
 2322       1.434299246917e-11 
 2323       1.434962529567e-11 
 2324       1.435614552674e-11 
 2325       1.436253673450e-11 
 2326       1.436878243528e-11 
 2327       1.437486608957e-11 
 2328       1.438077110197e-11 
 2329       1.438648082109e-11 
 2330       1.439197853954e-11 
 2331       1.439724749384e-11 
 2332       1.440227086436e-11 
 2333       1.440703177529e-11 
 2334       1.441151329452e-11 
 2335       1.441569843365e-11 
 2336       1.441957014790e-11 
 2337       1.442311133603e-11 
 2338       1.442630663763e-11 
 2339       1.442914783734e-11 
 2340       1.443162849437e-11 
 2341       1.443374214816e-11 
 2342       1.443548231844e-11 
 2343       1.443684250516e-11 
 2344       1.443781618849e-11 
 2345       1.443839682879e-11 
 2346       1.443857786661e-11 
 2347       1.443835272263e-11 
 2348       1.443771479767e-11 
 2349       1.443665747268e-11 
 2350       1.443517410867e-11 
 2351       1.443325804677e-11 
 2352       1.443090260812e-11 
 2353       1.442810109390e-11 
 2354       1.442484678533e-11 
 2355       1.442113294358e-11 
 2356       1.441695280984e-11 
 2357       1.441229960519e-11 
 2358       1.440716653070e-11 
 2359       1.440154676732e-11 
 2360       1.439543347589e-11 
 2361       1.438881979713e-11 
 2362       1.438169885161e-11 
 2363       1.437406373971e-11 
 2364       1.436590754166e-11 
 2365       1.435722331743e-11 
 2366       1.434800410679e-11 
 2367       1.433824292926e-11 
 2368       1.432793278407e-11 
 2369       1.431706665017e-11 
 2370       1.430563748619e-11 
 2371       1.429363823045e-11 
 2372       1.428106180088e-11 
 2373       1.426790109507e-11 
 2374       1.425414899020e-11 
 2375       1.423979834304e-11 
 2376       1.422484198992e-11 
 2377       1.420927458040e-11 
 2378       1.419309809052e-11 
 2379       1.417631634348e-11 
 2380       1.415893317901e-11 
 2381       1.414095245345e-11 
 2382       1.412237803975e-11 
 2383       1.410321382748e-11 
 2384       1.408346372283e-11 
 2385       1.406313164868e-11 
 2386       1.404222154458e-11 
 2387       1.402073736677e-11 
 2388       1.399868308822e-11 
 2389       1.397606269862e-11 
 2390       1.395288020444e-11 
 2391       1.392913962890e-11 
 2392       1.390484501202e-11 
 2393       1.388000041062e-11 
 2394       1.385460989837e-11 
 2395       1.382867756578e-11 
 2396       1.380220752021e-11 
 2397       1.377520388593e-11 
 2398       1.374767080409e-11 
 2399       1.371961243279e-11 
 2400       1.369103294704e-11 
 2401       1.366193653883e-11 
 2402       1.363232741713e-11 
 2403       1.360220980789e-11 
 2404       1.357158795410e-11 
 2405       1.354046611576e-11 
 2406       1.350884856994e-11 
 2407       1.347673961077e-11 
 2408       1.344414354949e-11 
 2409       1.341106471442e-11 
 2410       1.337750745103e-11 
 2411       1.334347612193e-11 
 2412       1.330897510689e-11 
 2413       1.327400880288e-11 
 2414       1.323858162405e-11 
 2415       1.320269800179e-11 
 2416       1.316636325545e-11 
 2417       1.312958621030e-11 
 2418       1.309237659550e-11 
 2419       1.305474417481e-11 
 2420       1.301669874667e-11 
 2421       1.297825014418e-11 
 2422       1.293940823521e-11 
 2423       1.290018292236e-11 
 2424       1.286058414306e-11 
 2425       1.282062186956e-11 
 2426       1.278030610899e-11 
 2427       1.273964690341e-11 
 2428       1.269865432980e-11 
 2429       1.265733850015e-11 
 2430       1.261570956147e-11 
 2431       1.257377769581e-11 
 2432       1.253155312033e-11 
 2433       1.248904608732e-11 
 2434       1.244626688424e-11 
 2435       1.240322583376e-11 
 2436       1.235993329377e-11 
 2437       1.231639965746e-11 
 2438       1.227263535333e-11 
 2439       1.222865084523e-11 
 2440       1.218445663239e-11 
 2441       1.214006324947e-11 
 2442       1.209548126660e-11 
 2443       1.205072128940e-11 
 2444       1.200579395902e-11 
 2445       1.196070995219e-11 
 2446       1.191547998123e-11 
 2447       1.187011479412e-11 
 2448       1.182462517452e-11 
 2449       1.177902194180e-11 
 2450       1.173331595109e-11 
 2451       1.168751809331e-11 
 2452       1.164163929519e-11 
 2453       1.159569051934e-11 
 2454       1.154968276427e-11 
 2455       1.150362680354e-11 
 2456       1.145753240150e-11 
 2457       1.141140909292e-11 
 2458       1.136526644355e-11 
 2459       1.131911405007e-11 
 2460       1.127296154018e-11 
 2461       1.122681857263e-11 
 2462       1.118069483719e-11 
 2463       1.113460005477e-11 
 2464       1.108854397738e-11 
 2465       1.104253638819e-11 
 2466       1.099658710156e-11 
 2467       1.095070596308e-11 
 2468       1.090490284958e-11 
 2469       1.085918766918e-11 
 2470       1.081357036131e-11 
 2471       1.076806089675e-11 
 2472       1.072266927766e-11 
 2473       1.067740553760e-11 
 2474       1.063227974157e-11 
 2475       1.058730198606e-11 
 2476       1.054248239903e-11 
 2477       1.049783114000e-11 
 2478       1.045335840005e-11 
 2479       1.040907440185e-11 
 2480       1.036498939971e-11 
 2481       1.032111367958e-11 
 2482       1.027745755913e-11 
 2483       1.023403138772e-11 
 2484       1.019084554649e-11 
 2485       1.014791044834e-11 
 2486       1.010523653802e-11 
 2487       1.006283429210e-11 
 2488       1.002071421903e-11 
 2489       9.978886859192e-12 
 2490       9.937362784886e-12 
 2491       9.896152600398e-12 
 2492       9.855266942017e-12 
 2493       9.814716478065e-12 
 2494       9.774506124101e-12 
 2495       9.734617651328e-12 
 2496       9.695026976138e-12 
 2497       9.655709935594e-12 
 2498       9.616642287344e-12 
 2499       9.577799709549e-12 
 2500       9.539157800796e-12 
