# dimensionless total [l(l+1)/2pi] C_l's
# for l=2 to 2500, i.e. number of multipoles equal to 2499
#
# -> if you prefer output in CAMB/HealPix/LensPix units/order, set 'format' to 'camb' in input file
# -> if you don't want to see such a header, set 'headers' to 'no' in input file
#
# 1:l     2:TT                 
    2       1.383643928710e-10 
    3       1.309317892060e-10 
    4       1.238723552662e-10 
    5       1.185625752295e-10 
    6       1.148951048145e-10 
    7       1.125529367195e-10 
    8       1.111448693627e-10 
    9       1.104613786549e-10 
   10       1.103192105178e-10 
   11       1.105772389396e-10 
   12       1.112000187497e-10 
   13       1.120480073563e-10 
   14       1.130492262268e-10 
   15       1.142351258527e-10 
   16       1.156060315711e-10 
   17       1.170337343087e-10 
   18       1.185673411928e-10 
   19       1.202219030699e-10 
   20       1.219267687491e-10 
   21       1.236945082208e-10 
   22       1.255314249921e-10 
   23       1.274272280591e-10 
   24       1.293486004992e-10 
   25       1.313103487613e-10 
   26       1.333255178057e-10 
   27       1.353895108358e-10 
   28       1.374832708263e-10 
   29       1.396122079389e-10 
   30       1.417774296771e-10 
   31       1.439695635380e-10 
   32       1.461915072578e-10 
   33       1.484415438441e-10 
   34       1.507117920181e-10 
   35       1.530081374987e-10 
   36       1.553356389623e-10 
   37       1.576943440330e-10 
   38       1.600857389861e-10 
   39       1.625072298324e-10 
   40       1.649495830908e-10 
   41       1.674016804783e-10 
   42       1.698682078297e-10 
   43       1.723566299348e-10 
   44       1.748720088730e-10 
   45       1.774171602740e-10 
   46       1.799938359872e-10 
   47       1.826014198782e-10 
   48       1.852362753411e-10 
   49       1.878914910800e-10 
   50       1.905598295767e-10 
   51       1.932441057914e-10 
   52       1.959491862110e-10 
   53       1.986789313385e-10 
   54       2.014360921890e-10 
   55       2.042224917245e-10 
   56       2.070398590563e-10 
   57       2.098890211815e-10 
   58       2.127695458100e-10 
   59       2.156796489629e-10 
   60       2.186161025693e-10 
   61       2.215756094557e-10 
   62       2.245594980042e-10 
   63       2.275699220872e-10 
   64       2.306084417274e-10 
   65       2.336759772553e-10 
   66       2.367727634658e-10 
   67       2.398983037756e-10 
   68       2.430519756706e-10 
   69       2.462350919806e-10 
   70       2.494491768382e-10 
   71       2.526953226797e-10 
   72       2.559741610599e-10 
   73       2.592858334657e-10 
   74       2.626299621302e-10 
   75       2.660056208468e-10 
   76       2.694118311490e-10 
   77       2.728492198254e-10 
   78       2.763186120400e-10 
   79       2.798205146653e-10 
   80       2.833550978698e-10 
   81       2.869221767048e-10 
   82       2.905211926916e-10 
   83       2.941511954087e-10 
   84       2.978112528004e-10 
   85       3.015018005907e-10 
   86       3.052234838547e-10 
   87       3.089767371444e-10 
   88       3.127617732811e-10 
   89       3.165785721482e-10 
   90       3.204268694834e-10 
   91       3.243061456711e-10 
   92       3.282156145356e-10 
   93       3.321544982472e-10 
   94       3.361229236831e-10 
   95       3.401211407856e-10 
   96       3.441492412767e-10 
   97       3.482071513781e-10 
   98       3.522946245315e-10 
   99       3.564112341183e-10 
  100       3.605563661794e-10 
  101       3.647292121356e-10 
  102       3.689287615070e-10 
  103       3.731537946334e-10 
  104       3.774031400199e-10 
  105       3.816765016463e-10 
  106       3.859737303634e-10 
  107       3.902945649276e-10 
  108       3.946386276285e-10 
  109       3.990054199174e-10 
  110       4.033943180346e-10 
  111       4.078045686378e-10 
  112       4.122352844297e-10 
  113       4.166854397863e-10 
  114       4.211538663843e-10 
  115       4.256392488297e-10 
  116       4.301403083812e-10 
  117       4.346563888117e-10 
  118       4.391869338982e-10 
  119       4.437313030196e-10 
  120       4.482887684478e-10 
  121       4.528585126386e-10 
  122       4.574396255225e-10 
  123       4.620311017964e-10 
  124       4.666318382138e-10 
  125       4.712406308765e-10 
  126       4.758561725252e-10 
  127       4.804770498307e-10 
  128       4.851017406850e-10 
  129       4.897287705476e-10 
  130       4.943572066311e-10 
  131       4.989862130618e-10 
  132       5.036148951277e-10 
  133       5.082422977083e-10 
  134       5.128674037031e-10 
  135       5.174891324615e-10 
  136       5.221063382115e-10 
  137       5.267178084889e-10 
  138       5.313222625666e-10 
  139       5.359183498836e-10 
  140       5.405046484744e-10 
  141       5.450796633979e-10 
  142       5.496418251669e-10 
  143       5.541894881769e-10 
  144       5.587210620927e-10 
  145       5.632354239227e-10 
  146       5.677315437722e-10 
  147       5.722083547353e-10 
  148       5.766647520875e-10 
  149       5.810995924795e-10 
  150       5.855116931302e-10 
  151       5.898998310199e-10 
  152       5.942627420838e-10 
  153       5.985991204054e-10 
  154       6.029076174095e-10 
  155       6.071868410554e-10 
  156       6.114353550307e-10 
  157       6.156516779441e-10 
  158       6.198342825190e-10 
  159       6.239815947865e-10 
  160       6.280919932789e-10 
  161       6.321639213415e-10 
  162       6.361962369224e-10 
  163       6.401878923179e-10 
  164       6.441378235520e-10 
  165       6.480449500899e-10 
  166       6.519081745521e-10 
  167       6.557263824280e-10 
  168       6.594984417893e-10 
  169       6.632232030045e-10 
  170       6.668994984517e-10 
  171       6.705261422332e-10 
  172       6.741019298884e-10 
  173       6.776256381084e-10 
  174       6.810960244489e-10 
  175       6.845118270446e-10 
  176       6.878717643225e-10 
  177       6.911745347159e-10 
  178       6.944188163780e-10 
  179       6.976032668954e-10 
  180       7.007266105699e-10 
  181       7.037879086174e-10 
  182       7.067863099470e-10 
  183       7.097209655588e-10 
  184       7.125910285809e-10 
  185       7.153956543053e-10 
  186       7.181340002240e-10 
  187       7.208052260657e-10 
  188       7.234084938320e-10 
  189       7.259429678331e-10 
  190       7.284078147248e-10 
  191       7.308022035443e-10 
  192       7.331253057467e-10 
  193       7.353762952411e-10 
  194       7.375543484270e-10 
  195       7.396586442303e-10 
  196       7.416883641401e-10 
  197       7.436426922444e-10 
  198       7.455208152666e-10 
  199       7.473219226017e-10 
  200       7.490452063528e-10 
  201       7.506899201058e-10 
  202       7.522555598577e-10 
  203       7.537416960971e-10 
  204       7.551479164359e-10 
  205       7.564738258191e-10 
  206       7.577190467345e-10 
  207       7.588832194228e-10 
  208       7.599660020871e-10 
  209       7.609670711034e-10 
  210       7.618861212297e-10 
  211       7.627228658164e-10 
  212       7.634770370161e-10 
  213       7.641483859932e-10 
  214       7.647366831341e-10 
  215       7.652417182569e-10 
  216       7.656633008211e-10 
  217       7.660012601379e-10 
  218       7.662554455798e-10 
  219       7.664257267902e-10 
  220       7.665119938938e-10 
  221       7.665141577062e-10 
  222       7.664321499437e-10 
  223       7.662659234334e-10 
  224       7.660154723651e-10 
  225       7.656808940603e-10 
  226       7.652623315814e-10 
  227       7.647599543025e-10 
  228       7.641739581672e-10 
  229       7.635045659458e-10 
  230       7.627520274931e-10 
  231       7.619166200062e-10 
  232       7.609986482816e-10 
  233       7.599984449731e-10 
  234       7.589163708495e-10 
  235       7.577528150519e-10 
  236       7.565081953514e-10 
  237       7.551829584068e-10 
  238       7.537775800219e-10 
  239       7.522925654035e-10 
  240       7.507284494186e-10 
  241       7.490857968523e-10 
  242       7.473652026650e-10 
  243       7.455672922504e-10 
  244       7.436927216929e-10 
  245       7.417421780252e-10 
  246       7.397163794859e-10 
  247       7.376160757769e-10 
  248       7.354420483214e-10 
  249       7.331951105211e-10 
  250       7.308760804341e-10 
  251       7.284856965270e-10 
  252       7.260246975606e-10 
  253       7.234938499349e-10 
  254       7.208939478949e-10 
  255       7.182258137351e-10 
  256       7.154902980043e-10 
  257       7.126882797102e-10 
  258       7.098206665250e-10 
  259       7.068883949894e-10 
  260       7.038924307180e-10 
  261       7.008337686039e-10 
  262       6.977134330236e-10 
  263       6.945324780419e-10 
  264       6.912919876167e-10 
  265       6.879930758038e-10 
  266       6.846368869616e-10 
  267       6.812245959566e-10 
  268       6.777574083673e-10 
  269       6.742365606898e-10 
  270       6.706633205421e-10 
  271       6.670389868697e-10 
  272       6.633648901493e-10 
  273       6.596423925949e-10 
  274       6.558728883616e-10 
  275       6.520578037511e-10 
  276       6.481985974163e-10 
  277       6.442967605662e-10 
  278       6.403538171706e-10 
  279       6.363712430458e-10 
  280       6.323502180489e-10 
  281       6.282918614438e-10 
  282       6.241973119442e-10 
  283       6.200677277941e-10 
  284       6.159042868476e-10 
  285       6.117081866492e-10 
  286       6.074806445146e-10 
  287       6.032228976100e-10 
  288       5.989362030331e-10 
  289       5.946218378932e-10 
  290       5.902810993910e-10 
  291       5.859153048994e-10 
  292       5.815257920434e-10 
  293       5.771139187804e-10 
  294       5.726810634805e-10 
  295       5.682286250068e-10 
  296       5.637580227953e-10 
  297       5.592706969355e-10 
  298       5.547681082507e-10 
  299       5.502517383777e-10 
  300       5.457230898477e-10 
  301       5.411836861660e-10 
  302       5.366350718925e-10 
  303       5.320788127221e-10 
  304       5.275164955646e-10 
  305       5.229497286249e-10 
  306       5.183801414837e-10 
  307       5.138093851773e-10 
  308       5.092391322780e-10 
  309       5.046710769743e-10 
  310       5.001069351513e-10 
  311       4.955484444706e-10 
  312       4.909972461768e-10 
  313       4.864545242904e-10 
  314       4.819213498300e-10 
  315       4.773987975124e-10 
  316       4.728879456877e-10 
  317       4.683898762738e-10 
  318       4.639056746914e-10 
  319       4.594364297991e-10 
  320       4.549832338283e-10 
  321       4.505471823178e-10 
  322       4.461293740489e-10 
  323       4.417309109804e-10 
  324       4.373528981833e-10 
  325       4.329964437757e-10 
  326       4.286626588581e-10 
  327       4.243526574477e-10 
  328       4.200675564137e-10 
  329       4.158084754122e-10 
  330       4.115765368208e-10 
  331       4.073728656739e-10 
  332       4.031985895972e-10 
  333       3.990548387430e-10 
  334       3.949427457249e-10 
  335       3.908634455525e-10 
  336       3.868180755667e-10 
  337       3.828077753744e-10 
  338       3.788336867834e-10 
  339       3.748969537373e-10 
  340       3.709987222503e-10 
  341       3.671401403425e-10 
  342       3.633223579743e-10 
  343       3.595465269816e-10 
  344       3.558138010106e-10 
  345       3.521253354528e-10 
  346       3.484822873797e-10 
  347       3.448858154780e-10 
  348       3.413370799842e-10 
  349       3.378371422286e-10 
  350       3.343866587950e-10 
  351       3.309861745295e-10 
  352       3.276362216226e-10 
  353       3.243373194448e-10 
  354       3.210899743836e-10 
  355       3.178946796793e-10 
  356       3.147519152613e-10 
  357       3.116621475848e-10 
  358       3.086258294666e-10 
  359       3.056433999215e-10 
  360       3.027152839987e-10 
  361       2.998418926180e-10 
  362       2.970236224062e-10 
  363       2.942608555330e-10 
  364       2.915539595478e-10 
  365       2.889032872157e-10 
  366       2.863091763536e-10 
  367       2.837719496668e-10 
  368       2.812919145853e-10 
  369       2.788693630996e-10 
  370       2.765045715977e-10 
  371       2.741978007006e-10 
  372       2.719492950993e-10 
  373       2.697592833906e-10 
  374       2.676279779134e-10 
  375       2.655555745854e-10 
  376       2.635422527387e-10 
  377       2.615881749569e-10 
  378       2.596934869104e-10 
  379       2.578583171937e-10 
  380       2.560827771610e-10 
  381       2.543669607625e-10 
  382       2.527109443812e-10 
  383       2.511147866684e-10 
  384       2.495785283808e-10 
  385       2.481021922161e-10 
  386       2.466857826498e-10 
  387       2.453292857709e-10 
  388       2.440326535271e-10 
  389       2.427957561424e-10 
  390       2.416184275984e-10 
  391       2.405004808891e-10 
  392       2.394417078451e-10 
  393       2.384418789576e-10 
  394       2.375007432023e-10 
  395       2.366180278628e-10 
  396       2.357934383551e-10 
  397       2.350266580511e-10 
  398       2.343173481025e-10 
  399       2.336651472650e-10 
  400       2.330696717218e-10 
  401       2.325305149076e-10 
  402       2.320472473325e-10 
  403       2.316194164061e-10 
  404       2.312465462610e-10 
  405       2.309281375768e-10 
  406       2.306636674043e-10 
  407       2.304525889887e-10 
  408       2.302943315944e-10 
  409       2.301883003281e-10 
  410       2.301338759628e-10 
  411       2.301304147623e-10 
  412       2.301772483043e-10 
  413       2.302736833046e-10 
  414       2.304190014412e-10 
  415       2.306124591778e-10 
  416       2.308532875879e-10 
  417       2.311406921787e-10 
  418       2.314738527147e-10 
  419       2.318519230421e-10 
  420       2.322740309123e-10 
  421       2.327392778056e-10 
  422       2.332467387557e-10 
  423       2.337954621730e-10 
  424       2.343844696687e-10 
  425       2.350127558789e-10 
  426       2.356792882881e-10 
  427       2.363830897426e-10 
  428       2.371234894410e-10 
  429       2.378998801367e-10 
  430       2.387116360985e-10 
  431       2.395581129886e-10 
  432       2.404386477412e-10 
  433       2.413525584402e-10 
  434       2.422991441977e-10 
  435       2.432776850322e-10 
  436       2.442874417465e-10 
  437       2.453276558060e-10 
  438       2.463975492172e-10 
  439       2.474963244052e-10 
  440       2.486231640925e-10 
  441       2.497772311769e-10 
  442       2.509576686098e-10 
  443       2.521635992740e-10 
  444       2.533941258626e-10 
  445       2.546483307564e-10 
  446       2.559252759025e-10 
  447       2.572240026925e-10 
  448       2.585435318405e-10 
  449       2.598828632615e-10 
  450       2.612409759491e-10 
  451       2.626168278542e-10 
  452       2.640093557632e-10 
  453       2.654174751755e-10 
  454       2.668400801826e-10 
  455       2.682760433454e-10 
  456       2.697242155730e-10 
  457       2.711834260007e-10 
  458       2.726524818681e-10 
  459       2.741301683972e-10 
  460       2.756152486709e-10 
  461       2.771064635107e-10 
  462       2.786025313555e-10 
  463       2.801021481390e-10 
  464       2.816039871686e-10 
  465       2.831066990033e-10 
  466       2.846090523963e-10 
  467       2.861103622108e-10 
  468       2.876100746153e-10 
  469       2.891076271815e-10 
  470       2.906024488408e-10 
  471       2.920939598398e-10 
  472       2.935815716964e-10 
  473       2.950646871559e-10 
  474       2.965427001467e-10 
  475       2.980149957366e-10 
  476       2.994809500884e-10 
  477       3.009399304161e-10 
  478       3.023912949409e-10 
  479       3.038343928469e-10 
  480       3.052685642373e-10 
  481       3.066931400902e-10 
  482       3.081074422149e-10 
  483       3.095107832073e-10 
  484       3.109024664063e-10 
  485       3.122817858495e-10 
  486       3.136480262296e-10 
  487       3.150004628498e-10 
  488       3.163383615800e-10 
  489       3.176609788129e-10 
  490       3.189675614197e-10 
  491       3.202573467064e-10 
  492       3.215295623694e-10 
  493       3.227834264515e-10 
  494       3.240181472984e-10 
  495       3.252329235137e-10 
  496       3.264269439159e-10 
  497       3.275993874936e-10 
  498       3.287494233617e-10 
  499       3.298762107176e-10 
  500       3.309788987967e-10 
  501       3.320566268288e-10 
  502       3.331085239938e-10 
  503       3.341337093778e-10 
  504       3.351312919288e-10 
  505       3.361005001157e-10 
  506       3.370410751014e-10 
  507       3.379528888095e-10 
  508       3.388358152632e-10 
  509       3.396897306017e-10 
  510       3.405145130975e-10 
  511       3.413100431731e-10 
  512       3.420762034178e-10 
  513       3.428128786048e-10 
  514       3.435199557077e-10 
  515       3.441973239177e-10 
  516       3.448448746605e-10 
  517       3.454625016128e-10 
  518       3.460501007195e-10 
  519       3.466075702105e-10 
  520       3.471348106175e-10 
  521       3.476317247910e-10 
  522       3.480982179169e-10 
  523       3.485341975339e-10 
  524       3.489395735496e-10 
  525       3.493142582582e-10 
  526       3.496581663568e-10 
  527       3.499712149624e-10 
  528       3.502533236288e-10 
  529       3.505044143638e-10 
  530       3.507244116453e-10 
  531       3.509132424389e-10 
  532       3.510708362146e-10 
  533       3.511971249633e-10 
  534       3.512920432141e-10 
  535       3.513555280511e-10 
  536       3.513875191301e-10 
  537       3.513879586955e-10 
  538       3.513567915973e-10 
  539       3.512939653079e-10 
  540       3.511994299391e-10 
  541       3.510731382585e-10 
  542       3.509150457072e-10 
  543       3.507251104157e-10 
  544       3.505033534398e-10 
  545       3.502500412016e-10 
  546       3.499655079639e-10 
  547       3.496500960938e-10 
  548       3.493041561050e-10 
  549       3.489280466981e-10 
  550       3.485221348025e-10 
  551       3.480867956175e-10 
  552       3.476224126535e-10 
  553       3.471293777729e-10 
  554       3.466080912320e-10 
  555       3.460589617218e-10 
  556       3.454824064094e-10 
  557       3.448788509790e-10 
  558       3.442487296738e-10 
  559       3.435924853362e-10 
  560       3.429105694502e-10 
  561       3.422034421816e-10 
  562       3.414715724201e-10 
  563       3.407154378200e-10 
  564       3.399355248415e-10 
  565       3.391323287923e-10 
  566       3.383063538685e-10 
  567       3.374581131959e-10 
  568       3.365881288713e-10 
  569       3.356969320039e-10 
  570       3.347850627561e-10 
  571       3.338530703853e-10 
  572       3.329015132848e-10 
  573       3.319309590249e-10 
  574       3.309419843947e-10 
  575       3.299351754427e-10 
  576       3.289111275186e-10 
  577       3.278704453142e-10 
  578       3.268137429046e-10 
  579       3.257416437899e-10 
  580       3.246547809357e-10 
  581       3.235537968153e-10 
  582       3.224393434499e-10 
  583       3.213120559373e-10 
  584       3.201724722250e-10 
  585       3.190211114138e-10 
  586       3.178585001223e-10 
  587       3.166851725180e-10 
  588       3.155016703498e-10 
  589       3.143085429796e-10 
  590       3.131063474145e-10 
  591       3.118956483383e-10 
  592       3.106770181436e-10 
  593       3.094510369637e-10 
  594       3.082182927046e-10 
  595       3.069793810767e-10 
  596       3.057349056268e-10 
  597       3.044854777700e-10 
  598       3.032317168217e-10 
  599       3.019742500292e-10 
  600       3.007137126039e-10 
  601       2.994507477531e-10 
  602       2.981860067120e-10 
  603       2.969201487752e-10 
  604       2.956538413292e-10 
  605       2.943877598838e-10 
  606       2.931225881042e-10 
  607       2.918590178431e-10 
  608       2.905977491722e-10 
  609       2.893394904143e-10 
  610       2.880849581753e-10 
  611       2.868348773759e-10 
  612       2.855899812836e-10 
  613       2.843510115446e-10 
  614       2.831187182157e-10 
  615       2.818938597964e-10 
  616       2.806772032601e-10 
  617       2.794695240871e-10 
  618       2.782716062953e-10 
  619       2.770842424732e-10 
  620       2.759082338110e-10 
  621       2.747443901329e-10 
  622       2.735934479729e-10 
  623       2.724558226316e-10 
  624       2.713318503739e-10 
  625       2.702218698666e-10 
  626       2.691262221842e-10 
  627       2.680452508154e-10 
  628       2.669793016704e-10 
  629       2.659287230864e-10 
  630       2.648938658348e-10 
  631       2.638750831275e-10 
  632       2.628727306234e-10 
  633       2.618871664351e-10 
  634       2.609187511351e-10 
  635       2.599678477627e-10 
  636       2.590348218300e-10 
  637       2.581200413291e-10 
  638       2.572238767381e-10 
  639       2.563467010277e-10 
  640       2.554888896680e-10 
  641       2.546508206348e-10 
  642       2.538328744159e-10 
  643       2.530354340181e-10 
  644       2.522588849734e-10 
  645       2.515036153457e-10 
  646       2.507700157371e-10 
  647       2.500584792947e-10 
  648       2.493694017168e-10 
  649       2.487031812597e-10 
  650       2.480602187441e-10 
  651       2.474409175615e-10 
  652       2.468456836811e-10 
  653       2.462749256558e-10 
  654       2.457290546292e-10 
  655       2.452084843419e-10 
  656       2.447136311378e-10 
  657       2.442449139712e-10 
  658       2.438027544126e-10 
  659       2.433875766560e-10 
  660       2.429998075246e-10 
  661       2.426397949253e-10 
  662       2.423075612226e-10 
  663       2.420030444386e-10 
  664       2.417261792978e-10 
  665       2.414768972110e-10 
  666       2.412551262596e-10 
  667       2.410607911798e-10 
  668       2.408938133466e-10 
  669       2.407541107579e-10 
  670       2.406415980191e-10 
  671       2.405561863266e-10 
  672       2.404977834526e-10 
  673       2.404662937288e-10 
  674       2.404616180306e-10 
  675       2.404836537616e-10 
  676       2.405322948374e-10 
  677       2.406074316699e-10 
  678       2.407089511515e-10 
  679       2.408367366389e-10 
  680       2.409906679380e-10 
  681       2.411706212873e-10 
  682       2.413764693423e-10 
  683       2.416080811600e-10 
  684       2.418653221825e-10 
  685       2.421480542216e-10 
  686       2.424561354427e-10 
  687       2.427894203490e-10 
  688       2.431477597658e-10 
  689       2.435310008245e-10 
  690       2.439389869469e-10 
  691       2.443715578289e-10 
  692       2.448285494255e-10 
  693       2.453097939342e-10 
  694       2.458151197794e-10 
  695       2.463443515968e-10 
  696       2.468973102172e-10 
  697       2.474738126507e-10 
  698       2.480736720711e-10 
  699       2.486966977999e-10 
  700       2.493426630409e-10 
  701       2.500112073781e-10 
  702       2.507019322158e-10 
  703       2.514144328198e-10 
  704       2.521482982944e-10 
  705       2.529031115581e-10 
  706       2.536784493203e-10 
  707       2.544738820570e-10 
  708       2.552889739879e-10 
  709       2.561232830519e-10 
  710       2.569763608838e-10 
  711       2.578477527903e-10 
  712       2.587369977267e-10 
  713       2.596436282725e-10 
  714       2.605671706084e-10 
  715       2.615071444921e-10 
  716       2.624630632345e-10 
  717       2.634344336765e-10 
  718       2.644207561646e-10 
  719       2.654215245278e-10 
  720       2.664362260534e-10 
  721       2.674643414635e-10 
  722       2.685053448911e-10 
  723       2.695587038566e-10 
  724       2.706238792438e-10 
  725       2.717003252765e-10 
  726       2.727874894946e-10 
  727       2.738848127300e-10 
  728       2.749917290837e-10 
  729       2.761076659013e-10 
  730       2.772320437496e-10 
  731       2.783642763929e-10 
  732       2.795037707692e-10 
  733       2.806499269663e-10 
  734       2.818021381985e-10 
  735       2.829597907825e-10 
  736       2.841222641137e-10 
  737       2.852889306425e-10 
  738       2.864591558510e-10 
  739       2.876323293455e-10 
  740       2.888079588589e-10 
  741       2.899855780569e-10 
  742       2.911647155724e-10 
  743       2.923448949884e-10 
  744       2.935256348212e-10 
  745       2.947064485038e-10 
  746       2.958868443682e-10 
  747       2.970663256292e-10 
  748       2.982443903674e-10 
  749       2.994205315120e-10 
  750       3.005942368242e-10 
  751       3.017649888800e-10 
  752       3.029322650537e-10 
  753       3.040955375006e-10 
  754       3.052542731403e-10 
  755       3.064079336397e-10 
  756       3.075559753965e-10 
  757       3.086978495214e-10 
  758       3.098330018222e-10 
  759       3.109608727863e-10 
  760       3.120808975639e-10 
  761       3.131925059513e-10 
  762       3.142951223736e-10 
  763       3.153881658683e-10 
  764       3.164710500680e-10 
  765       3.175431831837e-10 
  766       3.186039679877e-10 
  767       3.196528017970e-10 
  768       3.206890764562e-10 
  769       3.217121783206e-10 
  770       3.227214882392e-10 
  771       3.237163815382e-10 
  772       3.246962280035e-10 
  773       3.256603918644e-10 
  774       3.266082317763e-10 
  775       3.275391008038e-10 
  776       3.284523464041e-10 
  777       3.293473104099e-10 
  778       3.302233999867e-10 
  779       3.310803019989e-10 
  780       3.319177726306e-10 
  781       3.327355667721e-10 
  782       3.335334380174e-10 
  783       3.343111386612e-10 
  784       3.350684196962e-10 
  785       3.358050308102e-10 
  786       3.365207203829e-10 
  787       3.372152354837e-10 
  788       3.378883218684e-10 
  789       3.385397239764e-10 
  790       3.391691849279e-10 
  791       3.397764465212e-10 
  792       3.403612492295e-10 
  793       3.409233321985e-10 
  794       3.414624332430e-10 
  795       3.419782888447e-10 
  796       3.424706341488e-10 
  797       3.429392029614e-10 
  798       3.433837277466e-10 
  799       3.438039396237e-10 
  800       3.441995683644e-10 
  801       3.445703423896e-10 
  802       3.449159887670e-10 
  803       3.452362332081e-10 
  804       3.455308000653e-10 
  805       3.457994123289e-10 
  806       3.460417916245e-10 
  807       3.462576582102e-10 
  808       3.464467309735e-10 
  809       3.466087274285e-10 
  810       3.467433637133e-10 
  811       3.468503545867e-10 
  812       3.469294134259e-10 
  813       3.469802522232e-10 
  814       3.470025815834e-10 
  815       3.469961107208e-10 
  816       3.469605474565e-10 
  817       3.468956650432e-10 
  818       3.468015039554e-10 
  819       3.466781736980e-10 
  820       3.465257863142e-10 
  821       3.463444563948e-10 
  822       3.461343010873e-10 
  823       3.458954401050e-10 
  824       3.456279957360e-10 
  825       3.453320928527e-10 
  826       3.450078589207e-10 
  827       3.446554240080e-10 
  828       3.442749207942e-10 
  829       3.438664845797e-10 
  830       3.434302532944e-10 
  831       3.429663675077e-10 
  832       3.424749704368e-10 
  833       3.419562079563e-10 
  834       3.414102286075e-10 
  835       3.408371836069e-10 
  836       3.402372268561e-10 
  837       3.396105149504e-10 
  838       3.389572071884e-10 
  839       3.382774655806e-10 
  840       3.375714548592e-10 
  841       3.368393424865e-10 
  842       3.360812986649e-10 
  843       3.352974963454e-10 
  844       3.344881112369e-10 
  845       3.336533218155e-10 
  846       3.327933093335e-10 
  847       3.319082578287e-10 
  848       3.309983541335e-10 
  849       3.300637878839e-10 
  850       3.291047515287e-10 
  851       3.281214403388e-10 
  852       3.271140524164e-10 
  853       3.260827887038e-10 
  854       3.250278529928e-10 
  855       3.239494519339e-10 
  856       3.228478211462e-10 
  857       3.217233040165e-10 
  858       3.205762742625e-10 
  859       3.194071099662e-10 
  860       3.182161935882e-10 
  861       3.170039119805e-10 
  862       3.157706564003e-10 
  863       3.145168225229e-10 
  864       3.132428104561e-10 
  865       3.119490247523e-10 
  866       3.106358744233e-10 
  867       3.093037729524e-10 
  868       3.079531383090e-10 
  869       3.065843929612e-10 
  870       3.051979638895e-10 
  871       3.037942826003e-10 
  872       3.023737851393e-10 
  873       3.009369121045e-10 
  874       2.994841086605e-10 
  875       2.980158245511e-10 
  876       2.965325141130e-10 
  877       2.950346362892e-10 
  878       2.935226546427e-10 
  879       2.919970373695e-10 
  880       2.904582573121e-10 
  881       2.889067919732e-10 
  882       2.873431235289e-10 
  883       2.857677388421e-10 
  884       2.841811294760e-10 
  885       2.825837917074e-10 
  886       2.809762265403e-10 
  887       2.793589397192e-10 
  888       2.777324417427e-10 
  889       2.760972478764e-10 
  890       2.744538781672e-10 
  891       2.728028574558e-10 
  892       2.711447153906e-10 
  893       2.694799864412e-10 
  894       2.678092099115e-10 
  895       2.661329054686e-10 
  896       2.644514992634e-10 
  897       2.627653966316e-10 
  898       2.610750064786e-10 
  899       2.593807412894e-10 
  900       2.576830171383e-10 
  901       2.559822536990e-10 
  902       2.542788742538e-10 
  903       2.525733057038e-10 
  904       2.508659785783e-10 
  905       2.491573270451e-10 
  906       2.474477889195e-10 
  907       2.457378056748e-10 
  908       2.440278224514e-10 
  909       2.423182880672e-10 
  910       2.406096550267e-10 
  911       2.389023795314e-10 
  912       2.371969214890e-10 
  913       2.354937445234e-10 
  914       2.337933159846e-10 
  915       2.320961069583e-10 
  916       2.304025922755e-10 
  917       2.287132505224e-10 
  918       2.270285640505e-10 
  919       2.253490189856e-10 
  920       2.236751052382e-10 
  921       2.220073165132e-10 
  922       2.203461503190e-10 
  923       2.186921079783e-10 
  924       2.170456946370e-10 
  925       2.154074192743e-10 
  926       2.137777947124e-10 
  927       2.121573376263e-10 
  928       2.105465685536e-10 
  929       2.089460119041e-10 
  930       2.073561959695e-10 
  931       2.057776529337e-10 
  932       2.042109188817e-10 
  933       2.026565338100e-10 
  934       2.011149857486e-10 
  935       1.995865421504e-10 
  936       1.980714158851e-10 
  937       1.965698208899e-10 
  938       1.950819721711e-10 
  939       1.936080858069e-10 
  940       1.921483789490e-10 
  941       1.907030698250e-10 
  942       1.892723777399e-10 
  943       1.878565230790e-10 
  944       1.864557273092e-10 
  945       1.850702129816e-10 
  946       1.837002037333e-10 
  947       1.823459242896e-10 
  948       1.810076004661e-10 
  949       1.796854591706e-10 
  950       1.783797284054e-10 
  951       1.770906372692e-10 
  952       1.758184159592e-10 
  953       1.745632957734e-10 
  954       1.733255091124e-10 
  955       1.721052894814e-10 
  956       1.709028714928e-10 
  957       1.697184908676e-10 
  958       1.685523844379e-10 
  959       1.674047901491e-10 
  960       1.662759470614e-10 
  961       1.651660953525e-10 
  962       1.640754763193e-10 
  963       1.630043323799e-10 
  964       1.619529070763e-10 
  965       1.609214450756e-10 
  966       1.599101921726e-10 
  967       1.589193952921e-10 
  968       1.579493024903e-10 
  969       1.570001629573e-10 
  970       1.560722270193e-10 
  971       1.551657461403e-10 
  972       1.542809729244e-10 
  973       1.534181077641e-10 
  974       1.525771379039e-10 
  975       1.517579959649e-10 
  976       1.509606130751e-10 
  977       1.501849188649e-10 
  978       1.494308414619e-10 
  979       1.486983074868e-10 
  980       1.479872420481e-10 
  981       1.472975687382e-10 
  982       1.466292096279e-10 
  983       1.459820852624e-10 
  984       1.453561146562e-10 
  985       1.447512152884e-10 
  986       1.441673030984e-10 
  987       1.436042924809e-10 
  988       1.430620962813e-10 
  989       1.425406257911e-10 
  990       1.420397907430e-10 
  991       1.415594993064e-10 
  992       1.410996580828e-10 
  993       1.406601721010e-10 
  994       1.402409448123e-10 
  995       1.398418780860e-10 
  996       1.394628722048e-10 
  997       1.391038258597e-10 
  998       1.387646361459e-10 
  999       1.384451985577e-10 
 1000       1.381454069840e-10 
 1001       1.378651537034e-10 
 1002       1.376043293800e-10 
 1003       1.373628230582e-10 
 1004       1.371405221581e-10 
 1005       1.369373124713e-10 
 1006       1.367530781556e-10 
 1007       1.365877017306e-10 
 1008       1.364410640733e-10 
 1009       1.363130444127e-10 
 1010       1.362035203259e-10 
 1011       1.361123677328e-10 
 1012       1.360394383345e-10 
 1013       1.359844915790e-10 
 1014       1.359472617040e-10 
 1015       1.359274801978e-10 
 1016       1.359248757923e-10 
 1017       1.359391744553e-10 
 1018       1.359700993837e-10 
 1019       1.360173709954e-10 
 1020       1.360807069228e-10 
 1021       1.361598220049e-10 
 1022       1.362544282804e-10 
 1023       1.363642349799e-10 
 1024       1.364889485191e-10 
 1025       1.366282724911e-10 
 1026       1.367819076593e-10 
 1027       1.369495519498e-10 
 1028       1.371309004445e-10 
 1029       1.373256453735e-10 
 1030       1.375334761076e-10 
 1031       1.377540791517e-10 
 1032       1.379871381364e-10 
 1033       1.382323338117e-10 
 1034       1.384893440391e-10 
 1035       1.387578437844e-10 
 1036       1.390375051105e-10 
 1037       1.393279971699e-10 
 1038       1.396289861975e-10 
 1039       1.399401355032e-10 
 1040       1.402611054648e-10 
 1041       1.405915535203e-10 
 1042       1.409311341608e-10 
 1043       1.412794989234e-10 
 1044       1.416362963834e-10 
 1045       1.420011721474e-10 
 1046       1.423737688455e-10 
 1047       1.427537261247e-10 
 1048       1.431406806410e-10 
 1049       1.435342660520e-10 
 1050       1.439341130103e-10 
 1051       1.443398646531e-10 
 1052       1.447512233253e-10 
 1053       1.451679044917e-10 
 1054       1.455896212924e-10 
 1055       1.460160845375e-10 
 1056       1.464470027011e-10 
 1057       1.468820819157e-10 
 1058       1.473210259667e-10 
 1059       1.477635362868e-10 
 1060       1.482093119502e-10 
 1061       1.486580496669e-10 
 1062       1.491094437774e-10 
 1063       1.495631862468e-10 
 1064       1.500189666592e-10 
 1065       1.504764722121e-10 
 1066       1.509353877106e-10 
 1067       1.513953955620e-10 
 1068       1.518561757702e-10 
 1069       1.523174059298e-10 
 1070       1.527787612205e-10 
 1071       1.532399144016e-10 
 1072       1.537005358065e-10 
 1073       1.541602933365e-10 
 1074       1.546188524560e-10 
 1075       1.550758761860e-10 
 1076       1.555310250990e-10 
 1077       1.559839573133e-10 
 1078       1.564343284872e-10 
 1079       1.568817918134e-10 
 1080       1.573259980134e-10 
 1081       1.577665953320e-10 
 1082       1.582032295315e-10 
 1083       1.586355438859e-10 
 1084       1.590631791757e-10 
 1085       1.594857736819e-10 
 1086       1.599029631804e-10 
 1087       1.603143809365e-10 
 1088       1.607196576993e-10 
 1089       1.611184216958e-10 
 1090       1.615103380977e-10 
 1091       1.618952280121e-10 
 1092       1.622729510744e-10 
 1093       1.626433661193e-10 
 1094       1.630063311795e-10 
 1095       1.633617034832e-10 
 1096       1.637093394534e-10 
 1097       1.640490947055e-10 
 1098       1.643808240461e-10 
 1099       1.647043814710e-10 
 1100       1.650196201640e-10 
 1101       1.653263924947e-10 
 1102       1.656245500172e-10 
 1103       1.659139434685e-10 
 1104       1.661944227665e-10 
 1105       1.664658370086e-10 
 1106       1.667280344701e-10 
 1107       1.669808626023e-10 
 1108       1.672241680311e-10 
 1109       1.674577965552e-10 
 1110       1.676815931444e-10 
 1111       1.678954019381e-10 
 1112       1.680990662436e-10 
 1113       1.682924285342e-10 
 1114       1.684753304479e-10 
 1115       1.686476127858e-10 
 1116       1.688091155098e-10 
 1117       1.689596777417e-10 
 1118       1.690991377612e-10 
 1119       1.692273330043e-10 
 1120       1.693441000613e-10 
 1121       1.694492746759e-10 
 1122       1.695426917430e-10 
 1123       1.696241853069e-10 
 1124       1.696935885602e-10 
 1125       1.697507338417e-10 
 1126       1.697954526349e-10 
 1127       1.698275755664e-10 
 1128       1.698469324042e-10 
 1129       1.698533903713e-10 
 1130       1.698469696334e-10 
 1131       1.698277293031e-10 
 1132       1.697957292615e-10 
 1133       1.697510301607e-10 
 1134       1.696936934255e-10 
 1135       1.696237812550e-10 
 1136       1.695413566254e-10 
 1137       1.694464832912e-10 
 1138       1.693392257872e-10 
 1139       1.692196494310e-10 
 1140       1.690878203245e-10 
 1141       1.689438053557e-10 
 1142       1.687876722013e-10 
 1143       1.686194893279e-10 
 1144       1.684393259944e-10 
 1145       1.682472522539e-10 
 1146       1.680433389555e-10 
 1147       1.678276577464e-10 
 1148       1.676002810738e-10 
 1149       1.673612821868e-10 
 1150       1.671107351383e-10 
 1151       1.668487147872e-10 
 1152       1.665752968000e-10 
 1153       1.662905576531e-10 
 1154       1.659945746344e-10 
 1155       1.656874258456e-10 
 1156       1.653691902040e-10 
 1157       1.650399474442e-10 
 1158       1.646997781204e-10 
 1159       1.643487636082e-10 
 1160       1.639869861067e-10 
 1161       1.636145286402e-10 
 1162       1.632314750602e-10 
 1163       1.628379100476e-10 
 1164       1.624339191143e-10 
 1165       1.620195886054e-10 
 1166       1.615950057011e-10 
 1167       1.611602584185e-10 
 1168       1.607154522923e-10 
 1169       1.602607606407e-10 
 1170       1.597963749325e-10 
 1171       1.593224881685e-10 
 1172       1.588392948853e-10 
 1173       1.583469911587e-10 
 1174       1.578457746069e-10 
 1175       1.573358443941e-10 
 1176       1.568174012339e-10 
 1177       1.562906473925e-10 
 1178       1.557557866924e-10 
 1179       1.552130245158e-10 
 1180       1.546625678078e-10 
 1181       1.541046250798e-10 
 1182       1.535394064133e-10 
 1183       1.529671234628e-10 
 1184       1.523879894598e-10 
 1185       1.518022192155e-10 
 1186       1.512100291248e-10 
 1187       1.506116371696e-10 
 1188       1.500072629220e-10 
 1189       1.493971275479e-10 
 1190       1.487814538102e-10 
 1191       1.481604660727e-10 
 1192       1.475343903028e-10 
 1193       1.469034540757e-10 
 1194       1.462678865771e-10 
 1195       1.456279186070e-10 
 1196       1.449837825832e-10 
 1197       1.443357125444e-10 
 1198       1.436839441539e-10 
 1199       1.430287147028e-10 
 1200       1.423702631134e-10 
 1201       1.417088299431e-10 
 1202       1.410446573869e-10 
 1203       1.403779892819e-10 
 1204       1.397090711097e-10 
 1205       1.390381500006e-10 
 1206       1.383654747365e-10 
 1207       1.376912854830e-10 
 1208       1.370157828419e-10 
 1209       1.363391584304e-10 
 1210       1.356616051217e-10 
 1211       1.349833170474e-10 
 1212       1.343044895997e-10 
 1213       1.336253194346e-10 
 1214       1.329460044741e-10 
 1215       1.322667439088e-10 
 1216       1.315877382006e-10 
 1217       1.309091890849e-10 
 1218       1.302312995737e-10 
 1219       1.295542739579e-10 
 1220       1.288783178097e-10 
 1221       1.282036379856e-10 
 1222       1.275304426286e-10 
 1223       1.268589411707e-10 
 1224       1.261893443360e-10 
 1225       1.255218641427e-10 
 1226       1.248567139060e-10 
 1227       1.241941082404e-10 
 1228       1.235342630628e-10 
 1229       1.228773955942e-10 
 1230       1.222237243632e-10 
 1231       1.215734692079e-10 
 1232       1.209268512789e-10 
 1233       1.202840930415e-10 
 1234       1.196454182784e-10 
 1235       1.190110520927e-10 
 1236       1.183812209097e-10 
 1237       1.177561524800e-10 
 1238       1.171360758819e-10 
 1239       1.165212215240e-10 
 1240       1.159118211479e-10 
 1241       1.153081078305e-10 
 1242       1.147103159866e-10 
 1243       1.141186813717e-10 
 1244       1.135334410847e-10 
 1245       1.129548335696e-10 
 1246       1.123830716588e-10 
 1247       1.118182613466e-10 
 1248       1.112604820675e-10 
 1249       1.107098135704e-10 
 1250       1.101663359190e-10 
 1251       1.096301294926e-10 
 1252       1.091012749863e-10 
 1253       1.085798534119e-10 
 1254       1.080659460976e-10 
 1255       1.075596346896e-10 
 1256       1.070610011514e-10 
 1257       1.065701277653e-10 
 1258       1.060870971322e-10 
 1259       1.056119921724e-10 
 1260       1.051448961261e-10 
 1261       1.046858925536e-10 
 1262       1.042350653362e-10 
 1263       1.037924986766e-10 
 1264       1.033582770988e-10 
 1265       1.029324854496e-10 
 1266       1.025152088983e-10 
 1267       1.021065329373e-10 
 1268       1.017065433829e-10 
 1269       1.013153263756e-10 
 1270       1.009329683805e-10 
 1271       1.005595561881e-10 
 1272       1.001951769142e-10 
 1273       9.983991800116e-11 
 1274       9.949386721769e-11 
 1275       9.915711265975e-11 
 1276       9.882974275090e-11 
 1277       9.851184624281e-11 
 1278       9.820351221573e-11 
 1279       9.790483007900e-11 
 1280       9.761588957150e-11 
 1281       9.733678076221e-11 
 1282       9.706759405059e-11 
 1283       9.680842016718e-11 
 1284       9.655935017400e-11 
 1285       9.632044965622e-11 
 1286       9.609168097467e-11 
 1287       9.587298012969e-11 
 1288       9.566428248844e-11 
 1289       9.546552278342e-11 
 1290       9.527663511114e-11 
 1291       9.509755293074e-11 
 1292       9.492820906255e-11 
 1293       9.476853568677e-11 
 1294       9.461846434203e-11 
 1295       9.447792592402e-11 
 1296       9.434685068411e-11 
 1297       9.422516822796e-11 
 1298       9.411280751413e-11 
 1299       9.400969685269e-11 
 1300       9.391576390384e-11 
 1301       9.383093567651e-11 
 1302       9.375513852700e-11 
 1303       9.368829815757e-11 
 1304       9.363033961504e-11 
 1305       9.358118728945e-11 
 1306       9.354076491262e-11 
 1307       9.350899555680e-11 
 1308       9.348580163326e-11 
 1309       9.347110489092e-11 
 1310       9.346482641497e-11 
 1311       9.346688662543e-11 
 1312       9.347720527584e-11 
 1313       9.349570145182e-11 
 1314       9.352229356969e-11 
 1315       9.355689937510e-11 
 1316       9.359943594163e-11 
 1317       9.364981966940e-11 
 1318       9.370796628371e-11 
 1319       9.377379083360e-11 
 1320       9.384720769052e-11 
 1321       9.392813054692e-11 
 1322       9.401647241483e-11 
 1323       9.411214562454e-11 
 1324       9.421505150541e-11 
 1325       9.432504930654e-11 
 1326       9.444198693017e-11 
 1327       9.456571121614e-11 
 1328       9.469606793984e-11 
 1329       9.483290181010e-11 
 1330       9.497605646711e-11 
 1331       9.512537448031e-11 
 1332       9.528069734630e-11 
 1333       9.544186548677e-11 
 1334       9.560871824637e-11 
 1335       9.578109389066e-11 
 1336       9.595882960397e-11 
 1337       9.614176148735e-11 
 1338       9.632972455644e-11 
 1339       9.652255273941e-11 
 1340       9.672007887485e-11 
 1341       9.692213470967e-11 
 1342       9.712855089704e-11 
 1343       9.733915699425e-11 
 1344       9.755378146065e-11 
 1345       9.777225165555e-11 
 1346       9.799439383613e-11 
 1347       9.822003315533e-11 
 1348       9.844899365977e-11 
 1349       9.868109828768e-11 
 1350       9.891616886676e-11 
 1351       9.915402611212e-11 
 1352       9.939448962417e-11 
 1353       9.963737788655e-11 
 1354       9.988250826402e-11 
 1355       1.001296970004e-10 
 1356       1.003787592163e-10 
 1357       1.006295089074e-10 
 1358       1.008817589419e-10 
 1359       1.011353210590e-10 
 1360       1.013900058660e-10 
 1361       1.016456228370e-10 
 1362       1.019019803104e-10 
 1363       1.021588941742e-10 
 1364       1.024162140275e-10 
 1365       1.026737972955e-10 
 1366       1.029315005663e-10 
 1367       1.031891795890e-10 
 1368       1.034466892723e-10 
 1369       1.037038836832e-10 
 1370       1.039606160454e-10 
 1371       1.042167387373e-10 
 1372       1.044721032912e-10 
 1373       1.047265603912e-10 
 1374       1.049799598720e-10 
 1375       1.052321507170e-10 
 1376       1.054829810573e-10 
 1377       1.057322981698e-10 
 1378       1.059799484755e-10 
 1379       1.062257775385e-10 
 1380       1.064696300642e-10 
 1381       1.067113498974e-10 
 1382       1.069507800215e-10 
 1383       1.071877625563e-10 
 1384       1.074221387569e-10 
 1385       1.076537490121e-10 
 1386       1.078824328426e-10 
 1387       1.081080288996e-10 
 1388       1.083303749637e-10 
 1389       1.085493079425e-10 
 1390       1.087646638699e-10 
 1391       1.089762779041e-10 
 1392       1.091839843262e-10 
 1393       1.093876165388e-10 
 1394       1.095870070640e-10 
 1395       1.097819875424e-10 
 1396       1.099723887315e-10 
 1397       1.101580405039e-10 
 1398       1.103387718457e-10 
 1399       1.105144108556e-10 
 1400       1.106847847425e-10 
 1401       1.108497198247e-10 
 1402       1.110090616781e-10 
 1403       1.111627358153e-10 
 1404       1.113106876365e-10 
 1405       1.114528623365e-10 
 1406       1.115892049044e-10 
 1407       1.117196601231e-10 
 1408       1.118441725694e-10 
 1409       1.119626866134e-10 
 1410       1.120751464180e-10 
 1411       1.121814959392e-10 
 1412       1.122816789252e-10 
 1413       1.123756389167e-10 
 1414       1.124633192458e-10 
 1415       1.125446630364e-10 
 1416       1.126196132037e-10 
 1417       1.126881124537e-10 
 1418       1.127501032830e-10 
 1419       1.128055279787e-10 
 1420       1.128543286178e-10 
 1421       1.128964470671e-10 
 1422       1.129318249828e-10 
 1423       1.129604038102e-10 
 1424       1.129821247834e-10 
 1425       1.129969289251e-10 
 1426       1.130047570462e-10 
 1427       1.130055497455e-10 
 1428       1.129992474092e-10 
 1429       1.129857902112e-10 
 1430       1.129651181121e-10 
 1431       1.129371708594e-10 
 1432       1.129018879867e-10 
 1433       1.128592088141e-10 
 1434       1.128090724471e-10 
 1435       1.127514177770e-10 
 1436       1.126861834801e-10 
 1437       1.126133080176e-10 
 1438       1.125327296354e-10 
 1439       1.124443863635e-10 
 1440       1.123482160161e-10 
 1441       1.122441751317e-10 
 1442       1.121322960064e-10 
 1443       1.120126302392e-10 
 1444       1.118852298440e-10 
 1445       1.117501472512e-10 
 1446       1.116074353075e-10 
 1447       1.114571472775e-10 
 1448       1.112993368441e-10 
 1449       1.111340581094e-10 
 1450       1.109613655953e-10 
 1451       1.107813142448e-10 
 1452       1.105939594222e-10 
 1453       1.103993569141e-10 
 1454       1.101975629304e-10 
 1455       1.099886341048e-10 
 1456       1.097726274957e-10 
 1457       1.095496005872e-10 
 1458       1.093196112894e-10 
 1459       1.090827179398e-10 
 1460       1.088389793035e-10 
 1461       1.085884545743e-10 
 1462       1.083312033757e-10 
 1463       1.080672857613e-10 
 1464       1.077967622156e-10 
 1465       1.075196936551e-10 
 1466       1.072361414289e-10 
 1467       1.069461673195e-10 
 1468       1.066498335436e-10 
 1469       1.063472027529e-10 
 1470       1.060383380349e-10 
 1471       1.057233029136e-10 
 1472       1.054021613505e-10 
 1473       1.050749777451e-10 
 1474       1.047418169361e-10 
 1475       1.044027442016e-10 
 1476       1.040578252605e-10 
 1477       1.037071262729e-10 
 1478       1.033507138411e-10 
 1479       1.029886550102e-10 
 1480       1.026210249546e-10 
 1481       1.022479301184e-10 
 1482       1.018694853050e-10 
 1483       1.014858060138e-10 
 1484       1.010970084415e-10 
 1485       1.007032094829e-10 
 1486       1.003045267325e-10 
 1487       9.990107848549e-11 
 1488       9.949298373905e-11 
 1489       9.908036219358e-11 
 1490       9.866333425386e-11 
 1491       9.824202103030e-11 
 1492       9.781654434012e-11 
 1493       9.738702670858e-11 
 1494       9.695359137018e-11 
 1495       9.651636226990e-11 
 1496       9.607546406438e-11 
 1497       9.563102212313e-11 
 1498       9.518316252979e-11 
 1499       9.473201208326e-11 
 1500       9.427769829901e-11 
 1501       9.382034941020e-11 
 1502       9.336009436896e-11 
 1503       9.289706284755e-11 
 1504       9.243138523961e-11 
 1505       9.196319266136e-11 
 1506       9.149261695281e-11 
 1507       9.101979067895e-11 
 1508       9.054484713101e-11 
 1509       9.006792032764e-11 
 1510       8.958914501611e-11 
 1511       8.910865667355e-11 
 1512       8.862659150816e-11 
 1513       8.814308646038e-11 
 1514       8.765827920418e-11 
 1515       8.717230814817e-11 
 1516       8.668531243693e-11 
 1517       8.619743195210e-11 
 1518       8.570880731369e-11 
 1519       8.521957397310e-11 
 1520       8.472984442778e-11 
 1521       8.423972583772e-11 
 1522       8.374932591897e-11 
 1523       8.325875294453e-11 
 1524       8.276811574529e-11 
 1525       8.227752371087e-11 
 1526       8.178708679058e-11 
 1527       8.129691549431e-11 
 1528       8.080712089342e-11 
 1529       8.031781462166e-11 
 1530       7.982910887608e-11 
 1531       7.934111641790e-11 
 1532       7.885395057348e-11 
 1533       7.836772523514e-11 
 1534       7.788255486213e-11 
 1535       7.739855448152e-11 
 1536       7.691583968909e-11 
 1537       7.643452665024e-11 
 1538       7.595473210091e-11 
 1539       7.547657334846e-11 
 1540       7.500016827260e-11 
 1541       7.452563532626e-11 
 1542       7.405309353654e-11 
 1543       7.358266250558e-11 
 1544       7.311446241148e-11 
 1545       7.264861400921e-11 
 1546       7.218523863147e-11 
 1547       7.172445818968e-11 
 1548       7.126639517480e-11 
 1549       7.081117265827e-11 
 1550       7.035891429295e-11 
 1551       6.990974431394e-11 
 1552       6.946378753956e-11 
 1553       6.902116937223e-11 
 1554       6.858201579938e-11 
 1555       6.814645339432e-11 
 1556       6.771460931719e-11 
 1557       6.728661131585e-11 
 1558       6.686257356928e-11 
 1559       6.644255407055e-11 
 1560       6.602659684553e-11 
 1561       6.561474607426e-11 
 1562       6.520704609119e-11 
 1563       6.480354138534e-11 
 1564       6.440427660054e-11 
 1565       6.400929653561e-11 
 1566       6.361864614459e-11 
 1567       6.323237053693e-11 
 1568       6.285051497770e-11 
 1569       6.247312488780e-11 
 1570       6.210024584415e-11 
 1571       6.173192357989e-11 
 1572       6.136820398464e-11 
 1573       6.100913310464e-11 
 1574       6.065475714297e-11 
 1575       6.030512245979e-11 
 1576       5.996027557251e-11 
 1577       5.962026315600e-11 
 1578       5.928513204281e-11 
 1579       5.895492922336e-11 
 1580       5.862970184617e-11 
 1581       5.830949721802e-11 
 1582       5.799436280419e-11 
 1583       5.768434622868e-11 
 1584       5.737949527437e-11 
 1585       5.707985788326e-11 
 1586       5.678548215665e-11 
 1587       5.649641635536e-11 
 1588       5.621270889996e-11 
 1589       5.593440837092e-11 
 1590       5.566156350886e-11 
 1591       5.539422321473e-11 
 1592       5.513243655003e-11 
 1593       5.487625273702e-11 
 1594       5.462572115889e-11 
 1595       5.438089136001e-11 
 1596       5.414181304613e-11 
 1597       5.390852257271e-11 
 1598       5.368100227439e-11 
 1599       5.345922076339e-11 
 1600       5.324314640712e-11 
 1601       5.303274732773e-11 
 1602       5.282799140171e-11 
 1603       5.262884625943e-11 
 1604       5.243527928472e-11 
 1605       5.224725761444e-11 
 1606       5.206474813806e-11 
 1607       5.188771749722e-11 
 1608       5.171613208529e-11 
 1609       5.154995804696e-11 
 1610       5.138916127780e-11 
 1611       5.123370742383e-11 
 1612       5.108356188109e-11 
 1613       5.093868979521e-11 
 1614       5.079905606097e-11 
 1615       5.066462532191e-11 
 1616       5.053536196983e-11 
 1617       5.041123014444e-11 
 1618       5.029219373285e-11 
 1619       5.017821636922e-11 
 1620       5.006926143427e-11 
 1621       4.996529205485e-11 
 1622       4.986627110357e-11 
 1623       4.977216119830e-11 
 1624       4.968292470179e-11 
 1625       4.959852372119e-11 
 1626       4.951892010767e-11 
 1627       4.944407545598e-11 
 1628       4.937395110399e-11 
 1629       4.930850813228e-11 
 1630       4.924770736371e-11 
 1631       4.919150936301e-11 
 1632       4.913987443628e-11 
 1633       4.909276263067e-11 
 1634       4.905013373384e-11 
 1635       4.901194727360e-11 
 1636       4.897815673627e-11 
 1637       4.894869216616e-11 
 1638       4.892347740965e-11 
 1639       4.890243588153e-11 
 1640       4.888549056432e-11 
 1641       4.887256400762e-11 
 1642       4.886357832735e-11 
 1643       4.885845520512e-11 
 1644       4.885711588753e-11 
 1645       4.885948118545e-11 
 1646       4.886547147337e-11 
 1647       4.887500668869e-11 
 1648       4.888800633101e-11 
 1649       4.890438946150e-11 
 1650       4.892407470216e-11 
 1651       4.894698023514e-11 
 1652       4.897302380207e-11 
 1653       4.900212270336e-11 
 1654       4.903419379749e-11 
 1655       4.906915350036e-11 
 1656       4.910691778457e-11 
 1657       4.914740217875e-11 
 1658       4.919052176685e-11 
 1659       4.923619118749e-11 
 1660       4.928432463320e-11 
 1661       4.933483584982e-11 
 1662       4.938763813575e-11 
 1663       4.944264434126e-11 
 1664       4.949976686785e-11 
 1665       4.955891766750e-11 
 1666       4.962000824203e-11 
 1667       4.968294964237e-11 
 1668       4.974765246792e-11 
 1669       4.981402686580e-11 
 1670       4.988198253022e-11 
 1671       4.995142870175e-11 
 1672       5.002227416664e-11 
 1673       5.009442725616e-11 
 1674       5.016779584586e-11 
 1675       5.024229092573e-11 
 1676       5.031783734605e-11 
 1677       5.039436316401e-11 
 1678       5.047179608092e-11 
 1679       5.055006344160e-11 
 1680       5.062909223393e-11 
 1681       5.070880908825e-11 
 1682       5.078914027685e-11 
 1683       5.087001171343e-11 
 1684       5.095134895256e-11 
 1685       5.103307718915e-11 
 1686       5.111512125792e-11 
 1687       5.119740563283e-11 
 1688       5.127985442657e-11 
 1689       5.136239139005e-11 
 1690       5.144493991179e-11 
 1691       5.152742301746e-11 
 1692       5.160976336930e-11 
 1693       5.169188326559e-11 
 1694       5.177370464012e-11 
 1695       5.185514906165e-11 
 1696       5.193613773338e-11 
 1697       5.201659149241e-11 
 1698       5.209643080920e-11 
 1699       5.217557578701e-11 
 1700       5.225394616143e-11 
 1701       5.233146129978e-11 
 1702       5.240804020059e-11 
 1703       5.248360149308e-11 
 1704       5.255806343661e-11 
 1705       5.263134392015e-11 
 1706       5.270336046174e-11 
 1707       5.277403020794e-11 
 1708       5.284326993332e-11 
 1709       5.291099603990e-11 
 1710       5.297712455664e-11 
 1711       5.304157113886e-11 
 1712       5.310425106777e-11 
 1713       5.316507924986e-11 
 1714       5.322397958687e-11 
 1715       5.328091317419e-11 
 1716       5.333585034206e-11 
 1717       5.338876130686e-11 
 1718       5.343961617096e-11 
 1719       5.348838492250e-11 
 1720       5.353503743531e-11 
 1721       5.357954346871e-11 
 1722       5.362187266739e-11 
 1723       5.366199456121e-11 
 1724       5.369987856509e-11 
 1725       5.373549397884e-11 
 1726       5.376880998699e-11 
 1727       5.379979565868e-11 
 1728       5.382841994744e-11 
 1729       5.385465169109e-11 
 1730       5.387845961159e-11 
 1731       5.389981231484e-11 
 1732       5.391867829055e-11 
 1733       5.393502591211e-11 
 1734       5.394882343638e-11 
 1735       5.396003900359e-11 
 1736       5.396864063718e-11 
 1737       5.397459624361e-11 
 1738       5.397787361222e-11 
 1739       5.397844041510e-11 
 1740       5.397626420693e-11 
 1741       5.397131242478e-11 
 1742       5.396355238803e-11 
 1743       5.395295129816e-11 
 1744       5.393947623860e-11 
 1745       5.392309417462e-11 
 1746       5.390377195311e-11 
 1747       5.388147630251e-11 
 1748       5.385617383256e-11 
 1749       5.382783103422e-11 
 1750       5.379641427948e-11 
 1751       5.376188982122e-11 
 1752       5.372422379305e-11 
 1753       5.368339128765e-11 
 1754       5.363940367483e-11 
 1755       5.359228151120e-11 
 1756       5.354204548256e-11 
 1757       5.348871640411e-11 
 1758       5.343231522063e-11 
 1759       5.337286300672e-11 
 1760       5.331038096696e-11 
 1761       5.324489043612e-11 
 1762       5.317641287940e-11 
 1763       5.310496989256e-11 
 1764       5.303058320218e-11 
 1765       5.295327466585e-11 
 1766       5.287306627232e-11 
 1767       5.278998014177e-11 
 1768       5.270403852598e-11 
 1769       5.261526380852e-11 
 1770       5.252367850497e-11 
 1771       5.242930526308e-11 
 1772       5.233216686305e-11 
 1773       5.223228621765e-11 
 1774       5.212968637245e-11 
 1775       5.202439050604e-11 
 1776       5.191642193020e-11 
 1777       5.180580409011e-11 
 1778       5.169256056456e-11 
 1779       5.157671506615e-11 
 1780       5.145829144148e-11 
 1781       5.133731367133e-11 
 1782       5.121380587093e-11 
 1783       5.108779229007e-11 
 1784       5.095929731338e-11 
 1785       5.082834546047e-11 
 1786       5.069496138617e-11 
 1787       5.055916988072e-11 
 1788       5.042099586995e-11 
 1789       5.028046441552e-11 
 1790       5.013760071507e-11 
 1791       4.999243010246e-11 
 1792       4.984498201562e-11 
 1793       4.969530193509e-11 
 1794       4.954343954333e-11 
 1795       4.938944476633e-11 
 1796       4.923336777390e-11 
 1797       4.907525898005e-11 
 1798       4.891516904331e-11 
 1799       4.875314886711e-11 
 1800       4.858924960013e-11 
 1801       4.842352263661e-11 
 1802       4.825601961673e-11 
 1803       4.808679242695e-11 
 1804       4.791589320036e-11 
 1805       4.774337431704e-11 
 1806       4.756928840438e-11 
 1807       4.739368833745e-11 
 1808       4.721662723935e-11 
 1809       4.703815848154e-11 
 1810       4.685833568422e-11 
 1811       4.667721271663e-11 
 1812       4.649484369746e-11 
 1813       4.631128299515e-11 
 1814       4.612658522825e-11 
 1815       4.594080526578e-11 
 1816       4.575399822757e-11 
 1817       4.556621948462e-11 
 1818       4.537752465941e-11 
 1819       4.518796962633e-11 
 1820       4.499761051192e-11 
 1821       4.480650369530e-11 
 1822       4.461470580850e-11 
 1823       4.442227373679e-11 
 1824       4.422926461904e-11 
 1825       4.403573584807e-11 
 1826       4.384174507101e-11 
 1827       4.364735018961e-11 
 1828       4.345260936064e-11 
 1829       4.325758099619e-11 
 1830       4.306232376407e-11 
 1831       4.286689430725e-11 
 1832       4.267134038182e-11 
 1833       4.247570766489e-11 
 1834       4.228004203077e-11 
 1835       4.208438955119e-11 
 1836       4.188879649562e-11 
 1837       4.169330933150e-11 
 1838       4.149797472450e-11 
 1839       4.130283953882e-11 
 1840       4.110795083744e-11 
 1841       4.091335588237e-11 
 1842       4.071910213497e-11 
 1843       4.052523725614e-11 
 1844       4.033180910665e-11 
 1845       4.013886574737e-11 
 1846       3.994645543958e-11 
 1847       3.975462664517e-11 
 1848       3.956342802699e-11 
 1849       3.937290844902e-11 
 1850       3.918311697673e-11 
 1851       3.899410287730e-11 
 1852       3.880591561988e-11 
 1853       3.861860487587e-11 
 1854       3.843222051921e-11 
 1855       3.824681262659e-11 
 1856       3.806243147778e-11 
 1857       3.787912755585e-11 
 1858       3.769695154747e-11 
 1859       3.751595434315e-11 
 1860       3.733618703751e-11 
 1861       3.715770092958e-11 
 1862       3.698054752303e-11 
 1863       3.680477852645e-11 
 1864       3.663044585360e-11 
 1865       3.645760162373e-11 
 1866       3.628629816177e-11 
 1867       3.611658799868e-11 
 1868       3.594852387162e-11 
 1869       3.578215872433e-11 
 1870       3.561753957029e-11 
 1871       3.545468902954e-11 
 1872       3.529362364791e-11 
 1873       3.513436002102e-11 
 1874       3.497691479432e-11 
 1875       3.482130466313e-11 
 1876       3.466754637268e-11 
 1877       3.451565671825e-11 
 1878       3.436565254511e-11 
 1879       3.421755074867e-11 
 1880       3.407136827450e-11 
 1881       3.392712211837e-11 
 1882       3.378482932635e-11 
 1883       3.364450699482e-11 
 1884       3.350617227055e-11 
 1885       3.336984235077e-11 
 1886       3.323553448320e-11 
 1887       3.310326596610e-11 
 1888       3.297305414838e-11 
 1889       3.284491642959e-11 
 1890       3.271887026002e-11 
 1891       3.259493314074e-11 
 1892       3.247312262366e-11 
 1893       3.235345631158e-11 
 1894       3.223595185826e-11 
 1895       3.212062696846e-11 
 1896       3.200749939802e-11 
 1897       3.189658695388e-11 
 1898       3.178790749417e-11 
 1899       3.168147892827e-11 
 1900       3.157731921681e-11 
 1901       3.147544637181e-11 
 1902       3.137587845668e-11 
 1903       3.127863358627e-11 
 1904       3.118372992697e-11 
 1905       3.109118569673e-11 
 1906       3.100101916514e-11 
 1907       3.091324865347e-11 
 1908       3.082789253474e-11 
 1909       3.074496332070e-11 
 1910       3.066444987317e-11 
 1911       3.058633505645e-11 
 1912       3.051060163786e-11 
 1913       3.043723228761e-11 
 1914       3.036620957864e-11 
 1915       3.029751598648e-11 
 1916       3.023113388915e-11 
 1917       3.016704556697e-11 
 1918       3.010523320248e-11 
 1919       3.004567888025e-11 
 1920       2.998836458676e-11 
 1921       2.993327221028e-11 
 1922       2.988038354070e-11 
 1923       2.982968026941e-11 
 1924       2.978114398917e-11 
 1925       2.973475619395e-11 
 1926       2.969049827881e-11 
 1927       2.964835153976e-11 
 1928       2.960829717361e-11 
 1929       2.957031627783e-11 
 1930       2.953438985043e-11 
 1931       2.950049878982e-11 
 1932       2.946862389466e-11 
 1933       2.943874586371e-11 
 1934       2.941084529574e-11 
 1935       2.938490268932e-11 
 1936       2.936089844275e-11 
 1937       2.933881285390e-11 
 1938       2.931862612003e-11 
 1939       2.930031833772e-11 
 1940       2.928386950270e-11 
 1941       2.926925950967e-11 
 1942       2.925646815226e-11 
 1943       2.924547512279e-11 
 1944       2.923626001220e-11 
 1945       2.922880230988e-11 
 1946       2.922308140354e-11 
 1947       2.921907657907e-11 
 1948       2.921676453128e-11 
 1949       2.921611187587e-11 
 1950       2.921708258092e-11 
 1951       2.921964045071e-11 
 1952       2.922374912547e-11 
 1953       2.922937208119e-11 
 1954       2.923647262938e-11 
 1955       2.924501391690e-11 
 1956       2.925495892567e-11 
 1957       2.926627047253e-11 
 1958       2.927891120897e-11 
 1959       2.929284362094e-11 
 1960       2.930803002860e-11 
 1961       2.932443258615e-11 
 1962       2.934201328159e-11 
 1963       2.936073393650e-11 
 1964       2.938055620581e-11 
 1965       2.940144157763e-11 
 1966       2.942335137297e-11 
 1967       2.944624674559e-11 
 1968       2.947008868171e-11 
 1969       2.949483799988e-11 
 1970       2.952045535066e-11 
 1971       2.954690121651e-11 
 1972       2.957413591149e-11 
 1973       2.960211958109e-11 
 1974       2.963081220198e-11 
 1975       2.966017358184e-11 
 1976       2.969016335909e-11 
 1977       2.972074100270e-11 
 1978       2.975186581198e-11 
 1979       2.978349691636e-11 
 1980       2.981559327515e-11 
 1981       2.984811367735e-11 
 1982       2.988101674141e-11 
 1983       2.991426091506e-11 
 1984       2.994780447502e-11 
 1985       2.998160552685e-11 
 1986       3.001562200469e-11 
 1987       3.004981339568e-11 
 1988       3.008414592740e-11 
 1989       3.011858741820e-11 
 1990       3.015310555591e-11 
 1991       3.018766789762e-11 
 1992       3.022224186960e-11 
 1993       3.025679476705e-11 
 1994       3.029129375401e-11 
 1995       3.032570586313e-11 
 1996       3.035999799557e-11 
 1997       3.039413692076e-11 
 1998       3.042808927633e-11 
 1999       3.046182156785e-11 
 2000       3.049530016872e-11 
 2001       3.052849132001e-11 
 2002       3.056136113027e-11 
 2003       3.059387557536e-11 
 2004       3.062600049833e-11 
 2005       3.065770160922e-11 
 2006       3.068894448487e-11 
 2007       3.071969456884e-11 
 2008       3.074991717116e-11 
 2009       3.077957746819e-11 
 2010       3.080864050250e-11 
 2011       3.083707118265e-11 
 2012       3.086483428303e-11 
 2013       3.089189444374e-11 
 2014       3.091821617039e-11 
 2015       3.094376383393e-11 
 2016       3.096850167050e-11 
 2017       3.099239378128e-11 
 2018       3.101540413229e-11 
 2019       3.103749655426e-11 
 2020       3.105863474243e-11 
 2021       3.107878225643e-11 
 2022       3.109790252007e-11 
 2023       3.111595882122e-11 
 2024       3.113291431160e-11 
 2025       3.114873200665e-11 
 2026       3.116337907274e-11 
 2027       3.117683972306e-11 
 2028       3.118910241455e-11 
 2029       3.120015556898e-11 
 2030       3.120998757287e-11 
 2031       3.121858677746e-11 
 2032       3.122594149869e-11 
 2033       3.123204001713e-11 
 2034       3.123687057797e-11 
 2035       3.124042139095e-11 
 2036       3.124268063037e-11 
 2037       3.124363643498e-11 
 2038       3.124327690800e-11 
 2039       3.124159011707e-11 
 2040       3.123856409419e-11 
 2041       3.123418683569e-11 
 2042       3.122844630221e-11 
 2043       3.122133041861e-11 
 2044       3.121282707401e-11 
 2045       3.120292412167e-11 
 2046       3.119160937900e-11 
 2047       3.117887062752e-11 
 2048       3.116469561279e-11 
 2049       3.114907204439e-11 
 2050       3.113198759589e-11 
 2051       3.111342990480e-11 
 2052       3.109338657253e-11 
 2053       3.107184516435e-11 
 2054       3.104879320935e-11 
 2055       3.102421820041e-11 
 2056       3.099810759417e-11 
 2057       3.097044881094e-11 
 2058       3.094122923473e-11 
 2059       3.091043621316e-11 
 2060       3.087805705745e-11 
 2061       3.084407904237e-11 
 2062       3.080848940617e-11 
 2063       3.077127535062e-11 
 2064       3.073242404088e-11 
 2065       3.069192673757e-11 
 2066       3.064979122480e-11 
 2067       3.060602947015e-11 
 2068       3.056065350068e-11 
 2069       3.051367540300e-11 
 2070       3.046510732337e-11 
 2071       3.041496146776e-11 
 2072       3.036325010195e-11 
 2073       3.030998555158e-11 
 2074       3.025518020222e-11 
 2075       3.019884649950e-11 
 2076       3.014099694912e-11 
 2077       3.008164411699e-11 
 2078       3.002080062923e-11 
 2079       2.995847917235e-11 
 2080       2.989469249322e-11 
 2081       2.982945339924e-11 
 2082       2.976277475833e-11 
 2083       2.969466949909e-11 
 2084       2.962515061082e-11 
 2085       2.955423114362e-11 
 2086       2.948192420845e-11 
 2087       2.940824297725e-11 
 2088       2.933320068294e-11 
 2089       2.925681061959e-11 
 2090       2.917908614243e-11 
 2091       2.910004066795e-11 
 2092       2.901968767396e-11 
 2093       2.893804069971e-11 
 2094       2.885511334592e-11 
 2095       2.877091927489e-11 
 2096       2.868547221053e-11 
 2097       2.859878593852e-11 
 2098       2.851087430630e-11 
 2099       2.842175122320e-11 
 2100       2.833143066050e-11 
 2101       2.823992665150e-11 
 2102       2.814725329161e-11 
 2103       2.805342473842e-11 
 2104       2.795845700683e-11 
 2105       2.786237336786e-11 
 2106       2.776519898754e-11 
 2107       2.766695913540e-11 
 2108       2.756767918463e-11 
 2109       2.746738461216e-11 
 2110       2.736610099882e-11 
 2111       2.726385402945e-11 
 2112       2.716066949303e-11 
 2113       2.705657328279e-11 
 2114       2.695159139638e-11 
 2115       2.684574993593e-11 
 2116       2.673907510825e-11 
 2117       2.663159322488e-11 
 2118       2.652333070228e-11 
 2119       2.641431406192e-11 
 2120       2.630456993040e-11 
 2121       2.619412503962e-11 
 2122       2.608300622686e-11 
 2123       2.597124043491e-11 
 2124       2.585885471222e-11 
 2125       2.574587621301e-11 
 2126       2.563233219741e-11 
 2127       2.551825003156e-11 
 2128       2.540365718774e-11 
 2129       2.528858124454e-11 
 2130       2.517304988692e-11 
 2131       2.505709090638e-11 
 2132       2.494073220106e-11 
 2133       2.482400177591e-11 
 2134       2.470692774276e-11 
 2135       2.458953832045e-11 
 2136       2.447186183503e-11 
 2137       2.435392671978e-11 
 2138       2.423576151542e-11 
 2139       2.411739487018e-11 
 2140       2.399885553996e-11 
 2141       2.388017238844e-11 
 2142       2.376137438723e-11 
 2143       2.364248955846e-11 
 2144       2.352354179471e-11 
 2145       2.340455401760e-11 
 2146       2.328554923348e-11 
 2147       2.316655053345e-11 
 2148       2.304758109353e-11 
 2149       2.292866417469e-11 
 2150       2.280982312301e-11 
 2151       2.269108136973e-11 
 2152       2.257246243136e-11 
 2153       2.245398990981e-11 
 2154       2.233568749244e-11 
 2155       2.221757895219e-11 
 2156       2.209968814767e-11 
 2157       2.198203902326e-11 
 2158       2.186465560919e-11 
 2159       2.174756202167e-11 
 2160       2.163078246297e-11 
 2161       2.151434122150e-11 
 2162       2.139826267196e-11 
 2163       2.128257127537e-11 
 2164       2.116729157924e-11 
 2165       2.105244821760e-11 
 2166       2.093806591115e-11 
 2167       2.082416946732e-11 
 2168       2.071078378040e-11 
 2169       2.059793383163e-11 
 2170       2.048564468928e-11 
 2171       2.037394150875e-11 
 2172       2.026284953271e-11 
 2173       2.015239409113e-11 
 2174       2.004260060145e-11 
 2175       1.993349456861e-11 
 2176       1.982510158520e-11 
 2177       1.971744733154e-11 
 2178       1.961055757576e-11 
 2179       1.950445817393e-11 
 2180       1.939917507015e-11 
 2181       1.929473429661e-11 
 2182       1.919115912516e-11 
 2183       1.908846150071e-11 
 2184       1.898665055056e-11 
 2185       1.888573542770e-11 
 2186       1.878572531094e-11 
 2187       1.868662940489e-11 
 2188       1.858845693996e-11 
 2189       1.849121717244e-11 
 2190       1.839491938449e-11 
 2191       1.829957288418e-11 
 2192       1.820518700552e-11 
 2193       1.811177110846e-11 
 2194       1.801933457896e-11 
 2195       1.792788682897e-11 
 2196       1.783743729650e-11 
 2197       1.774799544561e-11 
 2198       1.765957076645e-11 
 2199       1.757217277530e-11 
 2200       1.748581101458e-11 
 2201       1.740049505287e-11 
 2202       1.731623448496e-11 
 2203       1.723303893186e-11 
 2204       1.715091804081e-11 
 2205       1.706988148536e-11 
 2206       1.698993896533e-11 
 2207       1.691110020689e-11 
 2208       1.683337496256e-11 
 2209       1.675677301123e-11 
 2210       1.668130415820e-11 
 2211       1.660697823521e-11 
 2212       1.653380510046e-11 
 2213       1.646179463863e-11 
 2214       1.639095676093e-11 
 2215       1.632130140507e-11 
 2216       1.625283853536e-11 
 2217       1.618557814270e-11 
 2218       1.611953024458e-11 
 2219       1.605470488517e-11 
 2220       1.599111213527e-11 
 2221       1.592875927962e-11 
 2222       1.586764235818e-11 
 2223       1.580775456910e-11 
 2224       1.574908907643e-11 
 2225       1.569163901008e-11 
 2226       1.563539746573e-11 
 2227       1.558035750486e-11 
 2228       1.552651215466e-11 
 2229       1.547385440798e-11 
 2230       1.542237722333e-11 
 2231       1.537207352482e-11 
 2232       1.532293620208e-11 
 2233       1.527495811030e-11 
 2234       1.522813207009e-11 
 2235       1.518245086752e-11 
 2236       1.513790725403e-11 
 2237       1.509449394641e-11 
 2238       1.505220362674e-11 
 2239       1.501102894237e-11 
 2240       1.497096250587e-11 
 2241       1.493199689497e-11 
 2242       1.489412465254e-11 
 2243       1.485733828654e-11 
 2244       1.482163026997e-11 
 2245       1.478699304086e-11 
 2246       1.475341900218e-11 
 2247       1.472090052182e-11 
 2248       1.468942993258e-11 
 2249       1.465899953207e-11 
 2250       1.462960158270e-11 
 2251       1.460122831165e-11 
 2252       1.457387191078e-11 
 2253       1.454752453665e-11 
 2254       1.452217831043e-11 
 2255       1.449782531789e-11 
 2256       1.447445760933e-11 
 2257       1.445206719956e-11 
 2258       1.443064606784e-11 
 2259       1.441018615785e-11 
 2260       1.439067806470e-11 
 2261       1.437210708670e-11 
 2262       1.435445714793e-11 
 2263       1.433771210878e-11 
 2264       1.432185576590e-11 
 2265       1.430687185209e-11 
 2266       1.429274403627e-11 
 2267       1.427945592340e-11 
 2268       1.426699105436e-11 
 2269       1.425533290595e-11 
 2270       1.424446489075e-11 
 2271       1.423437035710e-11 
 2272       1.422503258898e-11 
 2273       1.421643480597e-11 
 2274       1.420856016318e-11 
 2275       1.420139175116e-11 
 2276       1.419491259581e-11 
 2277       1.418910565836e-11 
 2278       1.418395383524e-11 
 2279       1.417943995806e-11 
 2280       1.417554679349e-11 
 2281       1.417225704321e-11 
 2282       1.416955334384e-11 
 2283       1.416741826686e-11 
 2284       1.416583431854e-11 
 2285       1.416478393986e-11 
 2286       1.416424950644e-11 
 2287       1.416421332849e-11 
 2288       1.416465765070e-11 
 2289       1.416556465218e-11 
 2290       1.416691644641e-11 
 2291       1.416869508113e-11 
 2292       1.417088253828e-11 
 2293       1.417346073397e-11 
 2294       1.417641151833e-11 
 2295       1.417971667549e-11 
 2296       1.418335792350e-11 
 2297       1.418731691425e-11 
 2298       1.419157523338e-11 
 2299       1.419611498131e-11 
 2300       1.420092052043e-11 
 2301       1.420597673886e-11 
 2302       1.421126847035e-11 
 2303       1.421678049422e-11 
 2304       1.422249753528e-11 
 2305       1.422840426383e-11 
 2306       1.423448529551e-11 
 2307       1.424072519132e-11 
 2308       1.424710845751e-11 
 2309       1.425361954555e-11 
 2310       1.426024285205e-11 
 2311       1.426696271872e-11 
 2312       1.427376343229e-11 
 2313       1.428062922447e-11 
 2314       1.428754427186e-11 
 2315       1.429449269594e-11 
 2316       1.430145856295e-11 
 2317       1.430842588388e-11 
 2318       1.431537861439e-11 
 2319       1.432230065474e-11 
 2320       1.432917584975e-11 
 2321       1.433598798874e-11 
 2322       1.434272080544e-11 
 2323       1.434935797798e-11 
 2324       1.435588312877e-11 
 2325       1.436227982451e-11 
 2326       1.436853157607e-11 
 2327       1.437462183845e-11 
 2328       1.438053401075e-11 
 2329       1.438625143604e-11 
 2330       1.439175740139e-11 
 2331       1.439703513774e-11 
 2332       1.440206781987e-11 
 2333       1.440683856634e-11 
 2334       1.441133043942e-11 
 2335       1.441552644503e-11 
 2336       1.441940953271e-11 
 2337       1.442296259549e-11 
 2338       1.442617026650e-11 
 2339       1.442902432077e-11 
 2340       1.443151830710e-11 
 2341       1.443364575454e-11 
 2342       1.443540017233e-11 
 2343       1.443677504992e-11 
 2344       1.443776385693e-11 
 2345       1.443836004314e-11 
 2346       1.443855703847e-11 
 2347       1.443834825294e-11 
 2348       1.443772707669e-11 
 2349       1.443668687990e-11 
 2350       1.443522101282e-11 
 2351       1.443332280576e-11 
 2352       1.443098556899e-11 
 2353       1.442820259282e-11 
 2354       1.442496714751e-11 
 2355       1.442127248327e-11 
 2356       1.441711183026e-11 
 2357       1.441247839854e-11 
 2358       1.440736537805e-11 
 2359       1.440176593863e-11 
 2360       1.439567322995e-11 
 2361       1.438908038151e-11 
 2362       1.438198050263e-11 
 2363       1.437436668242e-11 
 2364       1.436623198975e-11 
 2365       1.435756947324e-11 
 2366       1.434837216126e-11 
 2367       1.433863306186e-11 
 2368       1.432834516279e-11 
 2369       1.431750143148e-11 
 2370       1.430609481500e-11 
 2371       1.429411824003e-11 
 2372       1.428156461288e-11 
 2373       1.426842681945e-11 
 2374       1.425469772519e-11 
 2375       1.424037017509e-11 
 2376       1.422543699370e-11 
 2377       1.420989281913e-11 
 2378       1.419373961771e-11 
 2379       1.417698120327e-11 
 2380       1.415962140620e-11 
 2381       1.414166407343e-11 
 2382       1.412311306846e-11 
 2383       1.410397227140e-11 
 2384       1.408424557896e-11 
 2385       1.406393690446e-11 
 2386       1.404305017791e-11 
 2387       1.402158934595e-11 
 2388       1.399955837193e-11 
 2389       1.397696123588e-11 
 2390       1.395380193457e-11 
 2391       1.393008448150e-11 
 2392       1.390581290696e-11 
 2393       1.388099125797e-11 
 2394       1.385562359838e-11 
 2395       1.382971400884e-11 
 2396       1.380326658686e-11 
 2397       1.377628544677e-11 
 2398       1.374877471979e-11 
 2399       1.372073855402e-11 
 2400       1.369218111449e-11 
 2401       1.366310658313e-11 
 2402       1.363351915884e-11 
 2403       1.360342305746e-11 
 2404       1.357282251184e-11 
 2405       1.354172177181e-11 
 2406       1.351012510424e-11 
 2407       1.347803679302e-11 
 2408       1.344546113912e-11 
 2409       1.341240246055e-11 
 2410       1.337886509246e-11 
 2411       1.334485338709e-11 
 2412       1.331037171381e-11 
 2413       1.327542445915e-11 
 2414       1.324001602680e-11 
 2415       1.320415083766e-11 
 2416       1.316783420171e-11 
 2417       1.313107493959e-11 
 2418       1.309388277698e-11 
 2419       1.305626747415e-11 
 2420       1.301823882602e-11 
 2421       1.297980666223e-11 
 2422       1.294098084708e-11 
 2423       1.290177127969e-11 
 2424       1.286218789392e-11 
 2425       1.282224065850e-11 
 2426       1.278193957699e-11 
 2427       1.274129468789e-11 
 2428       1.270031606462e-11 
 2429       1.265901381558e-11 
 2430       1.261739808417e-11 
 2431       1.257547904886e-11 
 2432       1.253326692319e-11 
 2433       1.249077195584e-11 
 2434       1.244800443062e-11 
 2435       1.240497466658e-11 
 2436       1.236169301795e-11 
 2437       1.231816987427e-11 
 2438       1.227441566036e-11 
 2439       1.223044083640e-11 
 2440       1.218625589794e-11 
 2441       1.214187137594e-11 
 2442       1.209729783681e-11 
 2443       1.205254588246e-11 
 2444       1.200762615032e-11 
 2445       1.196254931337e-11 
 2446       1.191732608021e-11 
 2447       1.187196719506e-11 
 2448       1.182648343780e-11 
 2449       1.178088562403e-11 
 2450       1.173518460511e-11 
 2451       1.168939126815e-11 
 2452       1.164351653609e-11 
 2453       1.159757136773e-11 
 2454       1.155156675775e-11 
 2455       1.150551347716e-11 
 2456       1.145942129285e-11 
 2457       1.141329974346e-11 
 2458       1.136715839858e-11 
 2459       1.132100685879e-11 
 2460       1.127485475567e-11 
 2461       1.122871175186e-11 
 2462       1.118258754109e-11 
 2463       1.113649184817e-11 
 2464       1.109043442909e-11 
 2465       1.104442507097e-11 
 2466       1.099847359217e-11 
 2467       1.095258984227e-11 
 2468       1.090678370213e-11 
 2469       1.086106508388e-11 
 2470       1.081544393101e-11 
 2471       1.076993021835e-11 
 2472       1.072453395215e-11 
 2473       1.067926517006e-11 
 2474       1.063413394118e-11 
 2475       1.058915036612e-11 
 2476       1.054432457700e-11 
 2477       1.049966673749e-11 
 2478       1.045518704282e-11 
 2479       1.041089571987e-11 
 2480       1.036680302714e-11 
 2481       1.032291925480e-11 
 2482       1.027925472475e-11 
 2483       1.023581979061e-11 
 2484       1.019262483778e-11 
 2485       1.014968028344e-11 
 2486       1.010699657662e-11 
 2487       1.006458419822e-11 
 2488       1.002245366102e-11 
 2489       9.980615509736e-12 
 2490       9.939080321032e-12 
 2491       9.897858703569e-12 
 2492       9.856961298025e-12 
 2493       9.816398777132e-12 
 2494       9.776176057827e-12 
 2495       9.736274900527e-12 
 2496       9.696671207754e-12 
 2497       9.657340802658e-12 
 2498       9.618259428937e-12 
 2499       9.579402750752e-12 
 2500       9.540746352651e-12 
