# dimensionless total [l(l+1)/2pi] C_l's
# for l=2 to 2500, i.e. number of multipoles equal to 2499
#
# -> if you prefer output in CAMB/HealPix/LensPix units/order, set 'format' to 'camb' in input file
# -> if you don't want to see such a header, set 'headers' to 'no' in input file
#
# 1:l     2:TT                 
    2       1.383640733401e-10 
    3       1.309312566928e-10 
    4       1.238718138473e-10 
    5       1.185620808238e-10 
    6       1.148946629018e-10 
    7       1.125525568353e-10 
    8       1.111445128213e-10 
    9       1.104610513947e-10 
   10       1.103189231769e-10 
   11       1.105769697858e-10 
   12       1.111997716859e-10 
   13       1.120477673252e-10 
   14       1.130490032079e-10 
   15       1.142349197627e-10 
   16       1.156058235431e-10 
   17       1.170335379749e-10 
   18       1.185671546672e-10 
   19       1.202217230622e-10 
   20       1.219266006633e-10 
   21       1.236943533102e-10 
   22       1.255312773983e-10 
   23       1.274270876341e-10 
   24       1.293484740365e-10 
   25       1.313102284731e-10 
   26       1.333253795427e-10 
   27       1.353893512217e-10 
   28       1.374831159641e-10 
   29       1.396120793862e-10 
   30       1.417773305997e-10 
   31       1.439694788675e-10 
   32       1.461914241323e-10 
   33       1.484414595006e-10 
   34       1.507117130193e-10 
   35       1.530080662987e-10 
   36       1.553355686170e-10 
   37       1.576942593582e-10 
   38       1.600856288900e-10 
   39       1.625070922316e-10 
   40       1.649494270066e-10 
   41       1.674015246685e-10 
   42       1.698680673479e-10 
   43       1.723565110564e-10 
   44       1.748719071690e-10 
   45       1.774170615790e-10 
   46       1.799937273520e-10 
   47       1.826012933296e-10 
   48       1.852361289501e-10 
   49       1.878913300898e-10 
   50       1.905596655437e-10 
   51       1.932439489900e-10 
   52       1.959490430497e-10 
   53       1.986788036257e-10 
   54       2.014359763630e-10 
   55       2.042223794419e-10 
   56       2.070397423354e-10 
   57       2.098888940576e-10 
   58       2.127694047125e-10 
   59       2.156794931087e-10 
   60       2.186159343752e-10 
   61       2.215754341695e-10 
   62       2.245593207517e-10 
   63       2.275697469520e-10 
   64       2.306082715700e-10 
   65       2.336758135243e-10 
   66       2.367726060015e-10 
   67       2.398981506058e-10 
   68       2.430518232251e-10 
   69       2.462349366774e-10 
   70       2.494490155630e-10 
   71       2.526951528674e-10 
   72       2.559739807790e-10 
   73       2.592856415057e-10 
   74       2.626297580926e-10 
   75       2.660054052390e-10 
   76       2.694116052913e-10 
   77       2.728489851499e-10 
   78       2.763183698918e-10 
   79       2.798202662837e-10 
   80       2.833548443689e-10 
   81       2.869219190528e-10 
   82       2.905209316901e-10 
   83       2.941509316707e-10 
   84       2.978109867507e-10 
   85       3.015015325362e-10 
   86       3.052232139952e-10 
   87       3.089764655612e-10 
   88       3.127614999255e-10 
   89       3.165782968297e-10 
   90       3.204265918573e-10 
   91       3.243058652262e-10 
   92       3.282153305809e-10 
   93       3.321542099454e-10 
   94       3.361226302302e-10 
   95       3.401208414648e-10 
   96       3.441489354697e-10 
   97       3.482068385756e-10 
   98       3.522943043446e-10 
   99       3.564109062896e-10 
  100       3.605560305953e-10 
  101       3.647288688380e-10 
  102       3.689284107057e-10 
  103       3.731534367190e-10 
  104       3.774027755364e-10 
  105       3.816761311368e-10 
  106       3.859733543262e-10 
  107       3.902941838107e-10 
  108       3.946382418244e-10 
  109       3.990050297573e-10 
  110       4.033939237829e-10 
  111       4.078041704857e-10 
  112       4.122348824899e-10 
  113       4.166850340861e-10 
  114       4.211534568600e-10 
  115       4.256388353195e-10 
  116       4.301398906410e-10 
  117       4.346559665987e-10 
  118       4.391865069943e-10 
  119       4.437308712337e-10 
  120       4.482883316183e-10 
  121       4.528580706356e-10 
  122       4.574391782506e-10 
  123       4.620306491970e-10 
  124       4.666313802679e-10 
  125       4.712401676071e-10 
  126       4.758557040002e-10 
  127       4.804765761655e-10 
  128       4.851012620455e-10 
  129       4.897282871436e-10 
  130       4.943567186814e-10 
  131       4.989857207845e-10 
  132       5.036143987398e-10 
  133       5.082417974252e-10 
  134       5.128668997381e-10 
  135       5.174886250252e-10 
  136       5.221058275112e-10 
  137       5.267172947282e-10 
  138       5.313217459445e-10 
  139       5.359178305945e-10 
  140       5.405041267068e-10 
  141       5.450791393344e-10 
  142       5.496412989831e-10 
  143       5.541889600411e-10 
  144       5.587205321670e-10 
  145       5.632348923702e-10 
  146       5.677310107592e-10 
  147       5.722078204309e-10 
  148       5.766642166638e-10 
  149       5.810990561115e-10 
  150       5.855111559956e-10 
  151       5.898992932995e-10 
  152       5.942622039610e-10 
  153       5.985985820665e-10 
  154       6.029070790434e-10 
  155       6.071863028538e-10 
  156       6.114348171881e-10 
  157       6.156511406575e-10 
  158       6.198337459879e-10 
  159       6.239810592131e-10 
  160       6.280914588680e-10 
  161       6.321633883005e-10 
  162       6.361957054620e-10 
  163       6.401873626527e-10 
  164       6.441372958999e-10 
  165       6.480444246727e-10 
  166       6.519076515952e-10 
  167       6.557258621604e-10 
  168       6.594979244439e-10 
  169       6.632226888177e-10 
  170       6.668989876638e-10 
  171       6.705256350880e-10 
  172       6.741014266338e-10 
  173       6.776251389958e-10 
  174       6.810955297336e-10 
  175       6.845113369857e-10 
  176       6.878712791829e-10 
  177       6.911740547622e-10 
  178       6.944183418808e-10 
  179       6.976027981292e-10 
  180       7.007261478122e-10 
  181       7.037874521465e-10 
  182       7.067858600404e-10 
  183       7.097205224939e-10 
  184       7.125905926341e-10 
  185       7.153952257521e-10 
  186       7.181335793391e-10 
  187       7.208048131224e-10 
  188       7.234080891022e-10 
  189       7.259425715871e-10 
  190       7.284074272312e-10 
  191       7.308018250697e-10 
  192       7.331249365554e-10 
  193       7.353759355952e-10 
  194       7.375539985858e-10 
  195       7.396583044507e-10 
  196       7.416880346757e-10 
  197       7.436423733457e-10 
  198       7.455205071808e-10 
  199       7.473216255725e-10 
  200       7.490449206199e-10 
  201       7.506896459051e-10 
  202       7.522552974217e-10 
  203       7.537414456552e-10 
  204       7.551476782139e-10 
  205       7.564736000391e-10 
  206       7.577188336147e-10 
  207       7.588830191774e-10 
  208       7.599658149261e-10 
  209       7.609668972322e-10 
  210       7.618859608492e-10 
  211       7.627227191227e-10 
  212       7.634769042002e-10 
  213       7.641482672410e-10 
  214       7.647365786260e-10 
  215       7.652416281676e-10 
  216       7.656632253197e-10 
  217       7.660011993873e-10 
  218       7.662553997366e-10 
  219       7.664256960048e-10 
  220       7.665119783098e-10 
  221       7.665141574603e-10 
  222       7.664321651655e-10 
  223       7.662659542452e-10 
  224       7.660155188822e-10 
  225       7.656809563927e-10 
  226       7.652624098344e-10 
  227       7.647600485762e-10 
  228       7.641740685567e-10 
  229       7.635046925409e-10 
  230       7.627521703784e-10 
  231       7.619167792607e-10 
  232       7.609988239787e-10 
  233       7.599986371807e-10 
  234       7.589165796294e-10 
  235       7.577530404600e-10 
  236       7.565084374375e-10 
  237       7.551832172144e-10 
  238       7.537778555884e-10 
  239       7.522928577596e-10 
  240       7.507287585884e-10 
  241       7.490861228532e-10 
  242       7.473655455076e-10 
  243       7.455676519381e-10 
  244       7.436930982222e-10 
  245       7.417425713851e-10 
  246       7.397167896580e-10 
  247       7.376165027353e-10 
  248       7.354424920326e-10 
  249       7.331955709436e-10 
  250       7.308765575189e-10 
  251       7.284861902191e-10 
  252       7.260252077988e-10 
  253       7.234943766525e-10 
  254       7.208944910191e-10 
  255       7.182263731870e-10 
  256       7.154908736988e-10 
  257       7.126888715563e-10 
  258       7.098212744252e-10 
  259       7.068890188402e-10 
  260       7.038930704093e-10 
  261       7.008344240192e-10 
  262       6.977141040401e-10 
  263       6.945331645299e-10 
  264       6.912926894401e-10 
  265       6.879937928196e-10 
  266       6.846376190203e-10 
  267       6.812253429016e-10 
  268       6.777581700352e-10 
  269       6.742373369102e-10 
  270       6.706641111376e-10 
  271       6.670397916557e-10 
  272       6.633657089341e-10 
  273       6.596432251794e-10 
  274       6.558737345395e-10 
  275       6.520586633087e-10 
  276       6.481994701323e-10 
  277       6.442976462120e-10 
  278       6.403547155098e-10 
  279       6.363721538350e-10 
  280       6.323511410397e-10 
  281       6.282927963839e-10 
  282       6.241982585770e-10 
  283       6.200686858589e-10 
  284       6.159052560795e-10 
  285       6.117091667795e-10 
  286       6.074816352702e-10 
  287       6.032238987142e-10 
  288       5.989372142050e-10 
  289       5.946228588480e-10 
  290       5.902821298401e-10 
  291       5.859163445502e-10 
  292       5.815268405997e-10 
  293       5.771149759421e-10 
  294       5.726821289438e-10 
  295       5.682296984642e-10 
  296       5.637591039357e-10 
  297       5.592717854442e-10 
  298       5.547692038093e-10 
  299       5.502528406645e-10 
  300       5.457241985373e-10 
  301       5.411848009298e-10 
  302       5.366361923985e-10 
  303       5.320799386348e-10 
  304       5.275176265453e-10 
  305       5.229508643317e-10 
  306       5.183812815714e-10 
  307       5.138105292977e-10 
  308       5.092402800798e-10 
  309       5.046722281031e-10 
  310       5.001080892497e-10 
  311       4.955496011783e-10 
  312       4.909984051311e-10 
  313       4.864556851275e-10 
  314       4.819225121854e-10 
  315       4.773999610215e-10 
  316       4.728891099853e-10 
  317       4.683910409946e-10 
  318       4.639068394700e-10 
  319       4.594375942702e-10 
  320       4.549843976267e-10 
  321       4.505483450784e-10 
  322       4.461305354073e-10 
  323       4.417320705724e-10 
  324       4.373540556455e-10 
  325       4.329975987455e-10 
  326       4.286638109736e-10 
  327       4.243538063482e-10 
  328       4.200687017395e-10 
  329       4.158096168048e-10 
  330       4.115776739233e-10 
  331       4.073739981308e-10 
  332       4.031997170546e-10 
  333       3.990559608490e-10 
  334       3.949438621292e-10 
  335       3.908645559071e-10 
  336       3.868191795257e-10 
  337       3.828088725944e-10 
  338       3.788347769232e-10 
  339       3.748980364584e-10 
  340       3.709997972171e-10 
  341       3.671412072222e-10 
  342       3.633234164372e-10 
  343       3.595475767010e-10 
  344       3.558148416634e-10 
  345       3.521263667191e-10 
  346       3.484833089435e-10 
  347       3.448868270269e-10 
  348       3.413380812098e-10 
  349       3.378381328265e-10 
  350       3.343876384649e-10 
  351       3.309871429750e-10 
  352       3.276371785513e-10 
  353       3.243382645690e-10 
  354       3.210909074199e-10 
  355       3.178956003489e-10 
  356       3.147528232904e-10 
  357       3.116630427043e-10 
  358       3.086267114126e-10 
  359       3.056442684353e-10 
  360       3.027161388271e-10 
  361       2.998427335133e-10 
  362       2.970244491265e-10 
  363       2.942616678423e-10 
  364       2.915547572160e-10 
  365       2.889040700190e-10 
  366       2.863099440747e-10 
  367       2.837727020949e-10 
  368       2.812926515161e-10 
  369       2.788700843360e-10 
  370       2.765052769494e-10 
  371       2.741984899848e-10 
  372       2.719499681402e-10 
  373       2.697599400202e-10 
  374       2.676286179715e-10 
  375       2.655561979195e-10 
  376       2.635428592046e-10 
  377       2.615887644184e-10 
  378       2.596940592401e-10 
  379       2.578588722725e-10 
  380       2.560833148787e-10 
  381       2.543674810180e-10 
  382       2.527114470824e-10 
  383       2.511152717327e-10 
  384       2.495789957350e-10 
  385       2.481026417967e-10 
  386       2.466862144033e-10 
  387       2.453296996539e-10 
  388       2.440330495056e-10 
  389       2.427961341887e-10 
  390       2.416187876903e-10 
  391       2.405008230101e-10 
  392       2.394420319844e-10 
  393       2.384421851103e-10 
  394       2.375010313691e-10 
  395       2.366182980508e-10 
  396       2.357936905771e-10 
  397       2.350268923264e-10 
  398       2.343175644565e-10 
  399       2.336653457295e-10 
  400       2.330698523349e-10 
  401       2.325306777142e-10 
  402       2.320473923841e-10 
  403       2.316195437608e-10 
  404       2.312466559838e-10 
  405       2.309282297397e-10 
  406       2.306637420861e-10 
  407       2.304526462757e-10 
  408       2.302943715797e-10 
  409       2.301883231124e-10 
  410       2.301338816542e-10 
  411       2.301304034762e-10 
  412       2.301772201639e-10 
  413       2.302736384408e-10 
  414       2.304189399926e-10 
  415       2.306123812910e-10 
  416       2.308531934175e-10 
  417       2.311405818873e-10 
  418       2.314737264734e-10 
  419       2.318517810301e-10 
  420       2.322738733171e-10 
  421       2.327391048236e-10 
  422       2.332465505916e-10 
  423       2.337952590403e-10 
  424       2.343842517899e-10 
  425       2.350125234852e-10 
  426       2.356790416199e-10 
  427       2.363828290484e-10 
  428       2.371232149734e-10 
  429       2.378995921515e-10 
  430       2.387113348545e-10 
  431       2.395577987478e-10 
  432       2.404383207685e-10 
  433       2.413522190038e-10 
  434       2.422987925688e-10 
  435       2.432773214849e-10 
  436       2.442870665581e-10 
  437       2.453272692569e-10 
  438       2.463971515906e-10 
  439       2.474959159876e-10 
  440       2.486227451732e-10 
  441       2.497768020483e-10 
  442       2.509572295673e-10 
  443       2.521631506160e-10 
  444       2.533936678903e-10 
  445       2.546478637742e-10 
  446       2.559248002176e-10 
  447       2.572235186151e-10 
  448       2.585430396837e-10 
  449       2.598823633413e-10 
  450       2.612404685844e-10 
  451       2.626163133670e-10 
  452       2.640088344781e-10 
  453       2.654169474201e-10 
  454       2.668395462872e-10 
  455       2.682755036434e-10 
  456       2.697236704006e-10 
  457       2.711828756967e-10 
  458       2.726519267742e-10 
  459       2.741296088581e-10 
  460       2.756146850337e-10 
  461       2.771058961256e-10 
  462       2.786019605752e-10 
  463       2.801015743192e-10 
  464       2.816034106675e-10 
  465       2.831061201819e-10 
  466       2.846084716176e-10 
  467       2.861097798368e-10 
  468       2.876094910063e-10 
  469       2.891070426960e-10 
  470       2.906018638355e-10 
  471       2.920933746691e-10 
  472       2.935809867129e-10 
  473       2.950641027098e-10 
  474       2.965421165861e-10 
  475       2.980144134072e-10 
  476       2.994803693333e-10 
  477       3.009393515761e-10 
  478       3.023907183539e-10 
  479       3.038338188481e-10 
  480       3.052679931592e-10 
  481       3.066925722623e-10 
  482       3.081068779636e-10 
  483       3.095102228558e-10 
  484       3.109019102747e-10 
  485       3.122812342547e-10 
  486       3.136474794847e-10 
  487       3.149999212646e-10 
  488       3.163378254607e-10 
  489       3.176604484619e-10 
  490       3.189670371356e-10 
  491       3.202568287838e-10 
  492       3.215290510989e-10 
  493       3.227829221196e-10 
  494       3.240176501872e-10 
  495       3.252324339013e-10 
  496       3.264264620755e-10 
  497       3.275989136940e-10 
  498       3.287489578672e-10 
  499       3.298757537875e-10 
  500       3.309784506856e-10 
  501       3.320561877861e-10 
  502       3.331080942639e-10 
  503       3.341332891999e-10 
  504       3.351308815369e-10 
  505       3.361000997383e-10 
  506       3.370406849617e-10 
  507       3.379525091257e-10 
  508       3.388354462480e-10 
  509       3.396893724624e-10 
  510       3.405141660360e-10 
  511       3.413097073855e-10 
  512       3.420758790945e-10 
  513       3.428125659303e-10 
  514       3.435196548605e-10 
  515       3.441970350704e-10 
  516       3.448445979792e-10 
  517       3.454622372575e-10 
  518       3.460498488437e-10 
  519       3.466073309612e-10 
  520       3.471345841351e-10 
  521       3.476315112090e-10 
  522       3.480980173622e-10 
  523       3.485340101262e-10 
  524       3.489393994016e-10 
  525       3.493140974753e-10 
  526       3.496580190372e-10 
  527       3.499710811967e-10 
  528       3.502532035002e-10 
  529       3.505043079477e-10 
  530       3.507243190093e-10 
  531       3.509131636429e-10 
  532       3.510707713102e-10 
  533       3.511970739942e-10 
  534       3.512920062155e-10 
  535       3.513555050500e-10 
  536       3.513875101448e-10 
  537       3.513879637358e-10 
  538       3.513568106642e-10 
  539       3.512939983935e-10 
  540       3.511994770265e-10 
  541       3.510731993218e-10 
  542       3.509151207111e-10 
  543       3.507251993157e-10 
  544       3.505034561823e-10 
  545       3.502501577277e-10 
  546       3.499656382091e-10 
  547       3.496502399888e-10 
  548       3.493043135750e-10 
  549       3.489282176632e-10 
  550       3.485223191774e-10 
  551       3.480869933114e-10 
  552       3.476226235701e-10 
  553       3.471296018106e-10 
  554       3.466083282834e-10 
  555       3.460592116739e-10 
  556       3.454826691434e-10 
  557       3.448791263705e-10 
  558       3.442490175923e-10 
  559       3.435927856456e-10 
  560       3.429108820081e-10 
  561       3.422037668398e-10 
  562       3.414719090243e-10 
  563       3.407157862095e-10 
  564       3.399358848497e-10 
  565       3.391327002461e-10 
  566       3.383067365885e-10 
  567       3.374585069963e-10 
  568       3.365885335599e-10 
  569       3.356973473817e-10 
  570       3.347854886178e-10 
  571       3.338535065187e-10 
  572       3.329019594710e-10 
  573       3.319314150383e-10 
  574       3.309424500026e-10 
  575       3.299356504057e-10 
  576       3.289116115902e-10 
  577       3.278709382408e-10 
  578       3.268142444255e-10 
  579       3.257421536370e-10 
  580       3.246552988340e-10 
  581       3.235543224821e-10 
  582       3.224398765953e-10 
  583       3.213125962649e-10 
  584       3.201730194363e-10 
  585       3.190216652094e-10 
  586       3.178590602018e-10 
  587       3.166857385800e-10 
  588       3.155022420921e-10 
  589       3.143091200991e-10 
  590       3.131069296070e-10 
  591       3.118962352989e-10 
  592       3.106776095666e-10 
  593       3.094516325426e-10 
  594       3.082188921320e-10 
  595       3.069799840445e-10 
  596       3.057355118262e-10 
  597       3.044860868914e-10 
  598       3.032323285548e-10 
  599       3.019748640630e-10 
  600       3.007143286269e-10 
  601       2.994513654530e-10 
  602       2.981866257759e-10 
  603       2.969207688897e-10 
  604       2.956544621802e-10 
  605       2.943883811568e-10 
  606       2.931232094843e-10 
  607       2.918596390146e-10 
  608       2.905983698191e-10 
  609       2.893401102201e-10 
  610       2.880855768231e-10 
  611       2.868354945484e-10 
  612       2.855905966632e-10 
  613       2.843516248134e-10 
  614       2.831193290553e-10 
  615       2.818944678881e-10 
  616       2.806778082852e-10 
  617       2.794701257263e-10 
  618       2.782722042294e-10 
  619       2.770848363826e-10 
  620       2.759088233759e-10 
  621       2.747449750335e-10 
  622       2.735940278899e-10 
  623       2.724563972485e-10 
  624       2.713324193780e-10 
  625       2.702224329489e-10 
  626       2.691267790393e-10 
  627       2.680458011421e-10 
  628       2.669798451711e-10 
  629       2.659292594677e-10 
  630       2.648943948074e-10 
  631       2.638756044063e-10 
  632       2.628732439274e-10 
  633       2.618876714877e-10 
  634       2.609192476641e-10 
  635       2.599683355002e-10 
  636       2.590353005130e-10 
  637       2.581205106989e-10 
  638       2.572243365409e-10 
  639       2.563471510144e-10 
  640       2.554893295944e-10 
  641       2.546512502615e-10 
  642       2.538332935086e-10 
  643       2.530358423478e-10 
  644       2.522592823160e-10 
  645       2.515040014825e-10 
  646       2.507703904547e-10 
  647       2.500588423851e-10 
  648       2.493697529775e-10 
  649       2.487035204938e-10 
  650       2.480605457603e-10 
  651       2.474412321744e-10 
  652       2.468459857110e-10 
  653       2.462752149290e-10 
  654       2.457293309779e-10 
  655       2.452087476043e-10 
  656       2.447138811585e-10 
  657       2.442451506009e-10 
  658       2.438029775084e-10 
  659       2.433877860812e-10 
  660       2.430000031493e-10 
  661       2.426399766260e-10 
  662       2.423077288817e-10 
  663       2.420031979447e-10 
  664       2.417263185457e-10 
  665       2.414770221016e-10 
  666       2.412552367002e-10 
  667       2.410608870841e-10 
  668       2.408938946346e-10 
  669       2.407541773563e-10 
  670       2.406416498612e-10 
  671       2.405562233524e-10 
  672       2.404978056087e-10 
  673       2.404663009689e-10 
  674       2.404616103152e-10 
  675       2.404836310584e-10 
  676       2.405322571210e-10 
  677       2.406073789221e-10 
  678       2.407088833615e-10 
  679       2.408366538032e-10 
  680       2.409905700605e-10 
  681       2.411705083793e-10 
  682       2.413763414230e-10 
  683       2.416079382561e-10 
  684       2.418651643284e-10 
  685       2.421478814597e-10 
  686       2.424559478233e-10 
  687       2.427892179304e-10 
  688       2.431475426144e-10 
  689       2.435307690150e-10 
  690       2.439387405619e-10 
  691       2.443712969599e-10 
  692       2.448282741722e-10 
  693       2.453095044047e-10 
  694       2.458148160907e-10 
  695       2.463440338744e-10 
  696       2.468969785955e-10 
  697       2.474734672729e-10 
  698       2.480733130896e-10 
  699       2.486963253759e-10 
  700       2.493422773440e-10 
  701       2.500108085831e-10 
  702       2.507015205017e-10 
  703       2.514140083702e-10 
  704       2.521478612969e-10 
  705       2.529026622051e-10 
  706       2.536779878083e-10 
  707       2.544734085874e-10 
  708       2.552884887663e-10 
  709       2.561227862885e-10 
  710       2.569758527934e-10 
  711       2.578472335925e-10 
  712       2.587364676455e-10 
  713       2.596430875368e-10 
  714       2.605666194517e-10 
  715       2.615065831525e-10 
  716       2.624624919553e-10 
  717       2.634338527055e-10 
  718       2.644201657547e-10 
  719       2.654209249366e-10 
  720       2.664356175434e-10 
  721       2.674637243023e-10 
  722       2.685047193512e-10 
  723       2.695580702156e-10 
  724       2.706232377845e-10 
  725       2.716996762866e-10 
  726       2.727868332669e-10 
  727       2.738841495627e-10 
  728       2.749910592800e-10 
  729       2.761069897697e-10 
  730       2.772313616040e-10 
  731       2.783635885523e-10 
  732       2.795030775581e-10 
  733       2.806492287147e-10 
  734       2.818014352416e-10 
  735       2.829590834610e-10 
  736       2.841215527739e-10 
  737       2.852882156362e-10 
  738       2.864584375355e-10 
  739       2.876316080828e-10 
  740       2.888072350115e-10 
  741       2.899848519870e-10 
  742       2.911639876418e-10 
  743       2.923441655583e-10 
  744       2.935249042525e-10 
  745       2.947057171567e-10 
  746       2.958861126024e-10 
  747       2.970655938040e-10 
  748       2.982436588412e-10 
  749       2.994198006428e-10 
  750       3.005935069692e-10 
  751       3.017642603959e-10 
  752       3.029315382962e-10 
  753       3.040948128248e-10 
  754       3.052535509006e-10 
  755       3.064072141897e-10 
  756       3.075552590886e-10 
  757       3.086971367076e-10 
  758       3.098322928533e-10 
  759       3.109601680122e-10 
  760       3.120801973336e-10 
  761       3.131918106128e-10 
  762       3.142944322739e-10 
  763       3.153874813532e-10 
  764       3.164703714824e-10 
  765       3.175425108712e-10 
  766       3.186033022910e-10 
  767       3.196521430574e-10 
  768       3.206884250137e-10 
  769       3.217115345142e-10 
  770       3.227208524065e-10 
  771       3.237157540155e-10 
  772       3.246956091258e-10 
  773       3.256597819653e-10 
  774       3.266076311879e-10 
  775       3.275385098569e-10 
  776       3.284517654280e-10 
  777       3.293467397322e-10 
  778       3.302228399331e-10 
  779       3.310797528909e-10 
  780       3.319172347846e-10 
  781       3.327350404996e-10 
  782       3.335329236250e-10 
  783       3.343106364502e-10 
  784       3.350679299629e-10 
  785       3.358045538454e-10 
  786       3.365202564725e-10 
  787       3.372147849080e-10 
  788       3.378878849022e-10 
  789       3.385393008892e-10 
  790       3.391687759834e-10 
  791       3.397760519776e-10 
  792       3.403608693392e-10 
  793       3.409229672082e-10 
  794       3.414620833936e-10 
  795       3.419779543709e-10 
  796       3.424703152796e-10 
  797       3.429388999196e-10 
  798       3.433834407489e-10 
  799       3.438036688806e-10 
  800       3.441993140800e-10 
  801       3.445701047618e-10 
  802       3.449157679873e-10 
  803       3.452360294614e-10 
  804       3.455306135299e-10 
  805       3.457992431766e-10 
  806       3.460416400203e-10 
  807       3.462575243124e-10 
  808       3.464466149334e-10 
  809       3.466086293906e-10 
  810       3.467432838149e-10 
  811       3.468502929584e-10 
  812       3.469293701908e-10 
  813       3.469802274973e-10 
  814       3.470025754754e-10 
  815       3.469961233320e-10 
  816       3.469605788807e-10 
  817       3.468957153671e-10 
  818       3.468015732590e-10 
  819       3.466782620550e-10 
  820       3.465258937921e-10 
  821       3.463445830546e-10 
  822       3.461344469834e-10 
  823       3.458956052853e-10 
  824       3.456281802418e-10 
  825       3.453322967186e-10 
  826       3.450080821745e-10 
  827       3.446556666708e-10 
  828       3.442751828801e-10 
  829       3.438667660958e-10 
  830       3.434305542410e-10 
  831       3.429666878777e-10 
  832       3.424753102163e-10 
  833       3.419565671241e-10 
  834       3.414106071350e-10 
  835       3.408375814583e-10 
  836       3.402376439881e-10 
  837       3.396109513123e-10 
  838       3.389576627219e-10 
  839       3.382779402199e-10 
  840       3.375719485307e-10 
  841       3.368398551090e-10 
  842       3.360818301493e-10 
  843       3.352980465948e-10 
  844       3.344886801463e-10 
  845       3.336539092722e-10 
  846       3.327939152165e-10 
  847       3.319088820090e-10 
  848       3.309989964737e-10 
  849       3.300644482385e-10 
  850       3.291054297438e-10 
  851       3.281221362521e-10 
  852       3.271147658571e-10 
  853       3.260835194926e-10 
  854       3.250286009418e-10 
  855       3.239502168464e-10 
  856       3.228486028175e-10 
  857       3.217241022377e-10 
  858       3.205770888206e-10 
  859       3.194079406446e-10 
  860       3.182170401664e-10 
  861       3.170047742342e-10 
  862       3.157715341013e-10 
  863       3.145177154393e-10 
  864       3.132437183518e-10 
  865       3.119499473877e-10 
  866       3.106368115545e-10 
  867       3.093047243318e-10 
  868       3.079541036848e-10 
  869       3.065853720776e-10 
  870       3.051989564869e-10 
  871       3.037952884148e-10 
  872       3.023748039030e-10 
  873       3.009379435455e-10 
  874       2.994851525027e-10 
  875       2.980168805142e-10 
  876       2.965335819125e-10 
  877       2.950357156366e-10 
  878       2.935237452452e-10 
  879       2.919981389299e-10 
  880       2.904593695292e-10 
  881       2.889079145414e-10 
  882       2.873442561381e-10 
  883       2.857688811781e-10 
  884       2.841822812202e-10 
  885       2.825849525367e-10 
  886       2.809773961274e-10 
  887       2.793601177323e-10 
  888       2.777336278453e-10 
  889       2.760984417280e-10 
  890       2.744550794223e-10 
  891       2.728040657647e-10 
  892       2.711459303989e-10 
  893       2.694812077900e-10 
  894       2.678104372373e-10 
  895       2.661341384041e-10 
  896       2.644527374413e-10 
  897       2.627666396854e-10 
  898       2.610762540426e-10 
  899       2.593819929988e-10 
  900       2.576842726293e-10 
  901       2.559835126086e-10 
  902       2.542801362201e-10 
  903       2.525745703656e-10 
  904       2.508672455757e-10 
  905       2.491585960191e-10 
  906       2.474490595121e-10 
  907       2.457390775291e-10 
  908       2.440290952117e-10 
  909       2.423195613788e-10 
  910       2.406109285362e-10 
  911       2.389036528864e-10 
  912       2.371981943384e-10 
  913       2.354950165173e-10 
  914       2.337945867745e-10 
  915       2.320973761967e-10 
  916       2.304038596163e-10 
  917       2.287145156211e-10 
  918       2.270298265636e-10 
  919       2.253502785711e-10 
  920       2.236763615557e-10 
  921       2.220085692233e-10 
  922       2.203473990843e-10 
  923       2.186933524626e-10 
  924       2.170469345055e-10 
  925       2.154086541939e-10 
  926       2.137790243516e-10 
  927       2.121585616552e-10 
  928       2.105477866438e-10 
  929       2.089472237289e-10 
  930       2.073574012041e-10 
  931       2.057788512545e-10 
  932       2.042121099673e-10 
  933       2.026577173406e-10 
  934       2.011161614066e-10 
  935       1.995877096226e-10 
  936       1.980725748632e-10 
  937       1.965709710703e-10 
  938       1.950831132553e-10 
  939       1.936092175014e-10 
  940       1.921495009654e-10 
  941       1.907041818798e-10 
  942       1.892734795551e-10 
  943       1.878576143815e-10 
  944       1.864568078314e-10 
  945       1.850712824611e-10 
  946       1.837012619132e-10 
  947       1.823469709184e-10 
  948       1.810086352977e-10 
  949       1.796864819646e-10 
  950       1.783807389269e-10 
  951       1.770916352889e-10 
  952       1.758194012538e-10 
  953       1.745642681251e-10 
  954       1.733264683092e-10 
  955       1.721062353174e-10 
  956       1.709038037679e-10 
  957       1.697194093878e-10 
  958       1.685532890152e-10 
  959       1.674056806015e-10 
  960       1.662768232132e-10 
  961       1.651669570341e-10 
  962       1.640763233675e-10 
  963       1.630051646379e-10 
  964       1.619537243934e-10 
  965       1.609222473078e-10 
  966       1.599109791825e-10 
  967       1.589201669486e-10 
  968       1.579500586691e-10 
  969       1.570009035407e-10 
  970       1.560729518964e-10 
  971       1.551664552069e-10 
  972       1.542816660832e-10 
  973       1.534187849246e-10 
  974       1.525777989813e-10 
  975       1.517586408802e-10 
  976       1.509612417550e-10 
  977       1.501855312418e-10 
  978       1.494314374741e-10 
  979       1.486988870784e-10 
  980       1.479878051693e-10 
  981       1.472981153449e-10 
  982       1.466297396823e-10 
  983       1.459825987326e-10 
  984       1.453566115163e-10 
  985       1.447516955190e-10 
  986       1.441677666861e-10 
  987       1.436047394185e-10 
  988       1.430625265681e-10 
  989       1.425410394326e-10 
  990       1.420401877512e-10 
  991       1.415598796997e-10 
  992       1.411000218863e-10 
  993       1.406605193461e-10 
  994       1.402412755371e-10 
  995       1.398421923354e-10 
  996       1.394631700302e-10 
  997       1.391041073195e-10 
  998       1.387649013052e-10 
  999       1.384454474885e-10 
 1000       1.381456397651e-10 
 1001       1.378653704207e-10 
 1002       1.376045301263e-10 
 1003       1.373630079335e-10 
 1004       1.371406912695e-10 
 1005       1.369374659329e-10 
 1006       1.367532160890e-10 
 1007       1.365878242646e-10 
 1008       1.364411713439e-10 
 1009       1.363131365634e-10 
 1010       1.362035975075e-10 
 1011       1.361124301038e-10 
 1012       1.360394860601e-10 
 1013       1.359845248282e-10 
 1014       1.359472806491e-10 
 1015       1.359274850144e-10 
 1016       1.359248666590e-10 
 1017       1.359391515542e-10 
 1018       1.359700628999e-10 
 1019       1.360173211175e-10 
 1020       1.360806438425e-10 
 1021       1.361597459175e-10 
 1022       1.362543393842e-10 
 1023       1.363641334767e-10 
 1024       1.364888346142e-10 
 1025       1.366281463930e-10 
 1026       1.367817695799e-10 
 1027       1.369494021046e-10 
 1028       1.371307390523e-10 
 1029       1.373254726566e-10 
 1030       1.375332922919e-10 
 1031       1.377538844663e-10 
 1032       1.379869328142e-10 
 1033       1.382321180891e-10 
 1034       1.384891181559e-10 
 1035       1.387576079841e-10 
 1036       1.390372596401e-10 
 1037       1.393277422802e-10 
 1038       1.396287221427e-10 
 1039       1.399398625413e-10 
 1040       1.402608238574e-10 
 1041       1.405912635327e-10 
 1042       1.409308360621e-10 
 1043       1.412791929862e-10 
 1044       1.416359828843e-10 
 1045       1.420008513664e-10 
 1046       1.423734410669e-10 
 1047       1.427533916362e-10 
 1048       1.431403397342e-10 
 1049       1.435339190225e-10 
 1050       1.439337601573e-10 
 1051       1.443395062790e-10 
 1052       1.447508597322e-10 
 1053       1.451675359806e-10 
 1054       1.455892481633e-10 
 1055       1.460157070889e-10 
 1056       1.464466212305e-10 
 1057       1.468816967193e-10 
 1058       1.473206373397e-10 
 1059       1.477631445230e-10 
 1060       1.482089173421e-10 
 1061       1.486576525059e-10 
 1062       1.491090443535e-10 
 1063       1.495627848486e-10 
 1064       1.500185635741e-10 
 1065       1.504760677261e-10 
 1066       1.509349821083e-10 
 1067       1.513949891267e-10 
 1068       1.518557687836e-10 
 1069       1.523169986723e-10 
 1070       1.527783539710e-10 
 1071       1.532395074377e-10 
 1072       1.537001294041e-10 
 1073       1.541598877701e-10 
 1074       1.546184479985e-10 
 1075       1.550754731087e-10 
 1076       1.555306236719e-10 
 1077       1.559835578044e-10 
 1078       1.564339311632e-10 
 1079       1.568813969393e-10 
 1080       1.573256058525e-10 
 1081       1.577662061460e-10 
 1082       1.582028435803e-10 
 1083       1.586351614278e-10 
 1084       1.590628004672e-10 
 1085       1.594853989777e-10 
 1086       1.599025927336e-10 
 1087       1.603140149982e-10 
 1088       1.607192965190e-10 
 1089       1.611180655210e-10 
 1090       1.615099871738e-10 
 1091       1.618948825806e-10 
 1092       1.622726113728e-10 
 1093       1.626430323809e-10 
 1094       1.630060036333e-10 
 1095       1.633613823542e-10 
 1096       1.637090249621e-10 
 1097       1.640487870682e-10 
 1098       1.643805234746e-10 
 1099       1.647040881729e-10 
 1100       1.650193343423e-10 
 1101       1.653261143480e-10 
 1102       1.656242797397e-10 
 1103       1.659136812496e-10 
 1104       1.661941687911e-10 
 1105       1.664655914572e-10 
 1106       1.667277975183e-10 
 1107       1.669806344211e-10 
 1108       1.672239487868e-10 
 1109       1.674575864092e-10 
 1110       1.676813922533e-10 
 1111       1.678952104538e-10 
 1112       1.680988843129e-10 
 1113       1.682922562991e-10 
 1114       1.684751680455e-10 
 1115       1.686474603479e-10 
 1116       1.688089731635e-10 
 1117       1.689595456089e-10 
 1118       1.690990159585e-10 
 1119       1.692272216432e-10 
 1120       1.693439992483e-10 
 1121       1.694491845121e-10 
 1122       1.695426123241e-10 
 1123       1.696241167235e-10 
 1124       1.696935308974e-10 
 1125       1.697506871792e-10 
 1126       1.697954170471e-10 
 1127       1.698275511220e-10 
 1128       1.698469191665e-10 
 1129       1.698533883981e-10 
 1130       1.698469789779e-10 
 1131       1.698277500139e-10 
 1132       1.697957613825e-10 
 1133       1.697510737312e-10 
 1134       1.696937484800e-10 
 1135       1.696238478235e-10 
 1136       1.695414347329e-10 
 1137       1.694465729580e-10 
 1138       1.693393270290e-10 
 1139       1.692197622584e-10 
 1140       1.690879447431e-10 
 1141       1.689439413666e-10 
 1142       1.687878198002e-10 
 1143       1.686196485057e-10 
 1144       1.684394967370e-10 
 1145       1.682474345421e-10 
 1146       1.680435327651e-10 
 1147       1.678278630480e-10 
 1148       1.676004978327e-10 
 1149       1.673615103633e-10 
 1150       1.671109746874e-10 
 1151       1.668489656585e-10 
 1152       1.665755589381e-10 
 1153       1.662908309970e-10 
 1154       1.659948591179e-10 
 1155       1.656877213971e-10 
 1156       1.653694967462e-10 
 1157       1.650402648946e-10 
 1158       1.647001063909e-10 
 1159       1.643491026052e-10 
 1160       1.639873357309e-10 
 1161       1.636148887867e-10 
 1162       1.632318456187e-10 
 1163       1.628382909017e-10 
 1164       1.624343101422e-10 
 1165       1.620199896795e-10 
 1166       1.615954166879e-10 
 1167       1.611606791787e-10 
 1168       1.607158826813e-10 
 1169       1.602612005113e-10 
 1170       1.597968241351e-10 
 1171       1.593229465512e-10 
 1172       1.588397622942e-10 
 1173       1.583474674375e-10 
 1174       1.578462595971e-10 
 1175       1.573363379350e-10 
 1176       1.568179031623e-10 
 1177       1.562911575431e-10 
 1178       1.557563048977e-10 
 1179       1.552135506057e-10 
 1180       1.546631016100e-10 
 1181       1.541051664198e-10 
 1182       1.535399551141e-10 
 1183       1.529676793452e-10 
 1184       1.523885523420e-10 
 1185       1.518027889135e-10 
 1186       1.512106054523e-10 
 1187       1.506122199377e-10 
 1188       1.500078519395e-10 
 1189       1.493977226211e-10 
 1190       1.487820547431e-10 
 1191       1.481610726667e-10 
 1192       1.475350023571e-10 
 1193       1.469040713867e-10 
 1194       1.462685089390e-10 
 1195       1.456285458114e-10 
 1196       1.449844144192e-10 
 1197       1.443363487987e-10 
 1198       1.436845846105e-10 
 1199       1.430293591432e-10 
 1200       1.423709113168e-10 
 1201       1.417094816858e-10 
 1202       1.410453124429e-10 
 1203       1.403786474225e-10 
 1204       1.397097321036e-10 
 1205       1.390388136140e-10 
 1206       1.383661407330e-10 
 1207       1.376919536241e-10 
 1208       1.370164528897e-10 
 1209       1.363398301483e-10 
 1210       1.356622782745e-10 
 1211       1.349839914008e-10 
 1212       1.343051649211e-10 
 1213       1.336259954926e-10 
 1214       1.329466810385e-10 
 1215       1.322674207507e-10 
 1216       1.315884150925e-10 
 1217       1.309098658008e-10 
 1218       1.302319758889e-10 
 1219       1.295549496490e-10 
 1220       1.288789926549e-10 
 1221       1.282043117643e-10 
 1222       1.275311151216e-10 
 1223       1.268596121606e-10 
 1224       1.261900136065e-10 
 1225       1.255225314792e-10 
 1226       1.248573790952e-10 
 1227       1.241947710708e-10 
 1228       1.235349233241e-10 
 1229       1.228780530779e-10 
 1230       1.222243788622e-10 
 1231       1.215741205167e-10 
 1232       1.209274991936e-10 
 1233       1.202847373597e-10 
 1234       1.196460587996e-10 
 1235       1.190116886177e-10 
 1236       1.183818532410e-10 
 1237       1.177567804219e-10 
 1238       1.171366992404e-10 
 1239       1.165218401067e-10 
 1240       1.159124347640e-10 
 1241       1.153087162910e-10 
 1242       1.147109191043e-10 
 1243       1.141192789611e-10 
 1244       1.135340329620e-10 
 1245       1.129554195530e-10 
 1246       1.123836515683e-10 
 1247       1.118188350058e-10 
 1248       1.112610493034e-10 
 1249       1.107103742138e-10 
 1250       1.101668898044e-10 
 1251       1.096306764582e-10 
 1252       1.091018148742e-10 
 1253       1.085803860676e-10 
 1254       1.080664713709e-10 
 1255       1.075601524338e-10 
 1256       1.070615112238e-10 
 1257       1.065706300271e-10 
 1258       1.060875914484e-10 
 1259       1.056124784120e-10 
 1260       1.051453741621e-10 
 1261       1.046863622631e-10 
 1262       1.042355266003e-10 
 1263       1.037929513803e-10 
 1264       1.033587211313e-10 
 1265       1.029329207043e-10 
 1266       1.025156352724e-10 
 1267       1.021069503326e-10 
 1268       1.017069517052e-10 
 1269       1.013157255350e-10 
 1270       1.009333582913e-10 
 1271       1.005599367688e-10 
 1272       1.001955480879e-10 
 1273       9.984027969494e-11 
 1274       9.949421936321e-11 
 1275       9.915745519304e-11 
 1276       9.883007561241e-11 
 1277       9.851216937744e-11 
 1278       9.820382557287e-11 
 1279       9.790513361254e-11 
 1280       9.761618323991e-11 
 1281       9.733706452850e-11 
 1282       9.706786788238e-11 
 1283       9.680868403673e-11 
 1284       9.655960405822e-11 
 1285       9.632069353653e-11 
 1286       9.609191483630e-11 
 1287       9.587320396155e-11 
 1288       9.566449628311e-11 
 1289       9.546572653720e-11 
 1290       9.527682882406e-11 
 1291       9.509773660657e-11 
 1292       9.492838270886e-11 
 1293       9.476869931491e-11 
 1294       9.461861796716e-11 
 1295       9.447806956517e-11 
 1296       9.434698436418e-11 
 1297       9.422529197372e-11 
 1298       9.411292135627e-11 
 1299       9.400980082584e-11 
 1300       9.391585804659e-11 
 1301       9.383102003145e-11 
 1302       9.375521314070e-11 
 1303       9.368836308063e-11 
 1304       9.363039490214e-11 
 1305       9.358123299932e-11 
 1306       9.354080110810e-11 
 1307       9.350902230485e-11 
 1308       9.348581900500e-11 
 1309       9.347111296163e-11 
 1310       9.346482526411e-11 
 1311       9.346687633671e-11 
 1312       9.347718593719e-11 
 1313       9.349567315543e-11 
 1314       9.352225641205e-11 
 1315       9.355685345701e-11 
 1316       9.359938136823e-11 
 1317       9.364975655019e-11 
 1318       9.370789473256e-11 
 1319       9.377371096881e-11 
 1320       9.384711963481e-11 
 1321       9.392803442746e-11 
 1322       9.401636836329e-11 
 1323       9.411203377708e-11 
 1324       9.421493200221e-11 
 1325       9.432492228982e-11 
 1326       9.444185254367e-11 
 1327       9.456556960515e-11 
 1328       9.469591925118e-11 
 1329       9.483274619215e-11 
 1330       9.497589406980e-11 
 1331       9.512520545512e-11 
 1332       9.528052184630e-11 
 1333       9.544168366658e-11 
 1334       9.560853026220e-11 
 1335       9.578089990030e-11 
 1336       9.595862976681e-11 
 1337       9.614155596437e-11 
 1338       9.632951351022e-11 
 1339       9.652233633416e-11 
 1340       9.671985727637e-11 
 1341       9.692190808540e-11 
 1342       9.712831941603e-11 
 1343       9.733892082720e-11 
 1344       9.755354077990e-11 
 1345       9.777200663507e-11 
 1346       9.799414465156e-11 
 1347       9.821977998396e-11 
 1348       9.844873668056e-11 
 1349       9.868083768126e-11 
 1350       9.891590481543e-11 
 1351       9.915375879987e-11 
 1352       9.939421923669e-11 
 1353       9.963710461121e-11 
 1354       9.988223228990e-11 
 1355       1.001294185182e-10 
 1356       1.003784784187e-10 
 1357       1.006292259885e-10 
 1358       1.008814740978e-10 
 1359       1.011350344871e-10 
 1360       1.013897177660e-10 
 1361       1.016453334099e-10 
 1362       1.019016897593e-10 
 1363       1.021586027031e-10 
 1364       1.024159218398e-10 
 1365       1.026735045934e-10 
 1366       1.029312075504e-10 
 1367       1.031888864587e-10 
 1368       1.034463962258e-10 
 1369       1.037035909171e-10 
 1370       1.039603237550e-10 
 1371       1.042164471166e-10 
 1372       1.044718125327e-10 
 1373       1.047262706861e-10 
 1374       1.049796714099e-10 
 1375       1.052318636863e-10 
 1376       1.054826956448e-10 
 1377       1.057320145608e-10 
 1378       1.059796668540e-10 
 1379       1.062254980870e-10 
 1380       1.064693529635e-10 
 1381       1.067110753271e-10 
 1382       1.069505081594e-10 
 1383       1.071874935789e-10 
 1384       1.074218728391e-10 
 1385       1.076534863271e-10 
 1386       1.078821735622e-10 
 1387       1.081077731941e-10 
 1388       1.083301230015e-10 
 1389       1.085490598906e-10 
 1390       1.087644198938e-10 
 1391       1.089760381675e-10 
 1392       1.091837489912e-10 
 1393       1.093873857657e-10 
 1394       1.095867810118e-10 
 1395       1.097817663683e-10 
 1396       1.099721725908e-10 
 1397       1.101578295503e-10 
 1398       1.103385662314e-10 
 1399       1.105142107308e-10 
 1400       1.106845902558e-10 
 1401       1.108495311229e-10 
 1402       1.110088789061e-10 
 1403       1.111625591151e-10 
 1404       1.113105171469e-10 
 1405       1.114526981932e-10 
 1406       1.115890472400e-10 
 1407       1.117195090670e-10 
 1408       1.118440282477e-10 
 1409       1.119625491491e-10 
 1410       1.120750159308e-10 
 1411       1.121813725456e-10 
 1412       1.122815627385e-10 
 1413       1.123755300467e-10 
 1414       1.124632177991e-10 
 1415       1.125445691163e-10 
 1416       1.126195269099e-10 
 1417       1.126880338828e-10 
 1418       1.127500325281e-10 
 1419       1.128054651294e-10 
 1420       1.128542737604e-10 
 1421       1.128964002844e-10 
 1422       1.129317863540e-10 
 1423       1.129603734110e-10 
 1424       1.129821026862e-10 
 1425       1.129969151986e-10 
 1426       1.130047517554e-10 
 1427       1.130055529519e-10 
 1428       1.129992591709e-10 
 1429       1.129858105825e-10 
 1430       1.129651471436e-10 
 1431       1.129372085980e-10 
 1432       1.129019344758e-10 
 1433       1.128592640931e-10 
 1434       1.128091365520e-10 
 1435       1.127514907398e-10 
 1436       1.126862653291e-10 
 1437       1.126133987773e-10 
 1438       1.125328293264e-10 
 1439       1.124444950027e-10 
 1440       1.123483336164e-10 
 1441       1.122443017024e-10 
 1442       1.121324315536e-10 
 1443       1.120127747659e-10 
 1444       1.118853833504e-10 
 1445       1.117503097342e-10 
 1446       1.116076067612e-10 
 1447       1.114573276928e-10 
 1448       1.112995262089e-10 
 1449       1.111342564084e-10 
 1450       1.109615728103e-10 
 1451       1.107815303542e-10 
 1452       1.105941844013e-10 
 1453       1.103995907352e-10 
 1454       1.101978055625e-10 
 1455       1.099888855138e-10 
 1456       1.097728876442e-10 
 1457       1.095498694345e-10 
 1458       1.093198887917e-10 
 1459       1.090830040499e-10 
 1460       1.088392739711e-10 
 1461       1.085887577457e-10 
 1462       1.083315149938e-10 
 1463       1.080676057657e-10 
 1464       1.077970905427e-10 
 1465       1.075200302378e-10 
 1466       1.072364861968e-10 
 1467       1.069465201987e-10 
 1468       1.066501944569e-10 
 1469       1.063475716195e-10 
 1470       1.060387147707e-10 
 1471       1.057236874309e-10 
 1472       1.054025535583e-10 
 1473       1.050753775487e-10 
 1474       1.047422242374e-10 
 1475       1.044031588989e-10 
 1476       1.040582472486e-10 
 1477       1.037075554430e-10 
 1478       1.033511500808e-10 
 1479       1.029890982035e-10 
 1480       1.026214749824e-10 
 1481       1.022483868598e-10 
 1482       1.018699486380e-10 
 1483       1.014862758155e-10 
 1484       1.010974845874e-10 
 1485       1.007036918477e-10 
 1486       1.003050151894e-10 
 1487       9.990157290673e-11 
 1488       9.949348399561e-11 
 1489       9.908086815524e-11 
 1490       9.866384578921e-11 
 1491       9.824253800673e-11 
 1492       9.781706662381e-11 
 1493       9.738755416449e-11 
 1494       9.695412386208e-11 
 1495       9.651689966031e-11 
 1496       9.607600621462e-11 
 1497       9.563156889330e-11 
 1498       9.518371377873e-11 
 1499       9.473256766860e-11 
 1500       9.427825807713e-11 
 1501       9.382091323623e-11 
 1502       9.336066209679e-11 
 1503       9.289763432982e-11 
 1504       9.243196032770e-11 
 1505       9.196377120539e-11 
 1506       9.149319880163e-11 
 1507       9.102037568015e-11 
 1508       9.054543513090e-11 
 1509       9.006851117125e-11 
 1510       8.958973854720e-11 
 1511       8.910925273458e-11 
 1512       8.862718994030e-11 
 1513       8.814368710352e-11 
 1514       8.765888189689e-11 
 1515       8.717291272774e-11 
 1516       8.668591873932e-11 
 1517       8.619803981197e-11 
 1518       8.570941656438e-11 
 1519       8.522018444704e-11 
 1520       8.473045595803e-11 
 1521       8.424033825841e-11 
 1522       8.374993906531e-11 
 1523       8.325936665280e-11 
 1524       8.276872985285e-11 
 1525       8.227813805618e-11 
 1526       8.178770121320e-11 
 1527       8.129752983491e-11 
 1528       8.080773499378e-11 
 1529       8.031842832470e-11 
 1530       7.982972202585e-11 
 1531       7.934172885959e-11 
 1532       7.885456215342e-11 
 1533       7.836833580084e-11 
 1534       7.788316426226e-11 
 1535       7.739916256593e-11 
 1536       7.691644630881e-11 
 1537       7.643513165749e-11 
 1538       7.595533534912e-11 
 1539       7.547717469226e-11 
 1540       7.500076756784e-11 
 1541       7.452623243004e-11 
 1542       7.405368830717e-11 
 1543       7.358325480262e-11 
 1544       7.311505209575e-11 
 1545       7.264920094277e-11 
 1546       7.218582267768e-11 
 1547       7.172503921315e-11 
 1548       7.126697304145e-11 
 1549       7.081174723531e-11 
 1550       7.035948544888e-11 
 1551       6.991031191859e-11 
 1552       6.946435146407e-11 
 1553       6.902172948908e-11 
 1554       6.858257198237e-11 
 1555       6.814700551861e-11 
 1556       6.771515725931e-11 
 1557       6.728715495368e-11 
 1558       6.686311278224e-11 
 1559       6.644308874040e-11 
 1560       6.602712685650e-11 
 1561       6.561527131312e-11 
 1562       6.520756644721e-11 
 1563       6.480405675035e-11 
 1564       6.440478686893e-11 
 1565       6.400980160434e-11 
 1566       6.361914591320e-11 
 1567       6.323286490758e-11 
 1568       6.285100385515e-11 
 1569       6.247360817944e-11 
 1570       6.210072346002e-11 
 1571       6.173239543271e-11 
 1572       6.136866998978e-11 
 1573       6.100959318016e-11 
 1574       6.065521120966e-11 
 1575       6.030557044113e-11 
 1576       5.996071739472e-11 
 1577       5.962069874807e-11 
 1578       5.928556133647e-11 
 1579       5.895535215313e-11 
 1580       5.863011834936e-11 
 1581       5.830990723475e-11 
 1582       5.799476627742e-11 
 1583       5.768474310418e-11 
 1584       5.737988550078e-11 
 1585       5.708024141209e-11 
 1586       5.678585894228e-11 
 1587       5.649678635509e-11 
 1588       5.621307207398e-11 
 1589       5.593476468237e-11 
 1590       5.566191292381e-11 
 1591       5.539456570222e-11 
 1592       5.513277208207e-11 
 1593       5.487658128860e-11 
 1594       5.462604270802e-11 
 1595       5.438120588772e-11 
 1596       5.414212053646e-11 
 1597       5.390882301266e-11 
 1598       5.368129565331e-11 
 1599       5.345950707292e-11 
 1600       5.324342564117e-11 
 1601       5.303301948251e-11 
 1602       5.282825647572e-11 
 1603       5.262910425349e-11 
 1604       5.243553020196e-11 
 1605       5.224750146035e-11 
 1606       5.206498492047e-11 
 1607       5.188794722630e-11 
 1608       5.171635477361e-11 
 1609       5.155017370944e-11 
 1610       5.138936993178e-11 
 1611       5.123390908904e-11 
 1612       5.108375657967e-11 
 1613       5.093887755174e-11 
 1614       5.079923690247e-11 
 1615       5.066479927784e-11 
 1616       5.053552907213e-11 
 1617       5.041139042751e-11 
 1618       5.029234723358e-11 
 1619       5.017836312699e-11 
 1620       5.006940149098e-11 
 1621       4.996542545492e-11 
 1622       4.986639789394e-11 
 1623       4.977228142847e-11 
 1624       4.968303842380e-11 
 1625       4.959863098967e-11 
 1626       4.951902097981e-11 
 1627       4.944416999157e-11 
 1628       4.937403936541e-11 
 1629       4.930859018454e-11 
 1630       4.924778327445e-11 
 1631       4.919157920248e-11 
 1632       4.913993827743e-11 
 1633       4.909282054906e-11 
 1634       4.905018580774e-11 
 1635       4.901199358395e-11 
 1636       4.897819736642e-11 
 1637       4.894872720071e-11 
 1638       4.892350693413e-11 
 1639       4.890245998244e-11 
 1640       4.888550932913e-11 
 1641       4.887257752473e-11 
 1642       4.886358668617e-11 
 1643       4.885845849600e-11 
 1644       4.885711420179e-11 
 1645       4.885947461541e-11 
 1646       4.886546011231e-11 
 1647       4.887499063086e-11 
 1648       4.888798567169e-11 
 1649       4.890436429693e-11 
 1650       4.892404512957e-11 
 1651       4.894694635277e-11 
 1652       4.897298570916e-11 
 1653       4.900208050014e-11 
 1654       4.903414758522e-11 
 1655       4.906910338129e-11 
 1656       4.910686386197e-11 
 1657       4.914734455691e-11 
 1658       4.919046055108e-11 
 1659       4.923612648412e-11 
 1660       4.928425654961e-11 
 1661       4.933476449440e-11 
 1662       4.938756361792e-11 
 1663       4.944256677149e-11 
 1664       4.949968635765e-11 
 1665       4.955883432943e-11 
 1666       4.961992218969e-11 
 1667       4.968286099043e-11 
 1668       4.974756133208e-11 
 1669       4.981393336285e-11 
 1670       4.988188677798e-11 
 1671       4.995133081913e-11 
 1672       5.002217427362e-11 
 1673       5.009432547378e-11 
 1674       5.016769229624e-11 
 1675       5.024218573177e-11 
 1676       5.031773063011e-11 
 1677       5.039425504762e-11 
 1678       5.047168668475e-11 
 1679       5.054995288549e-11 
 1680       5.062898063684e-11 
 1681       5.070869656828e-11 
 1682       5.078902695124e-11 
 1683       5.086989769853e-11 
 1684       5.095123436386e-11 
 1685       5.103296214123e-11 
 1686       5.111500586447e-11 
 1687       5.119729000665e-11 
 1688       5.127973867956e-11 
 1689       5.136227563318e-11 
 1690       5.144482425514e-11 
 1691       5.152730757017e-11 
 1692       5.160964823959e-11 
 1693       5.169176856075e-11 
 1694       5.177359046649e-11 
 1695       5.185503552465e-11 
 1696       5.193602493745e-11 
 1697       5.201647954105e-11 
 1698       5.209631980493e-11 
 1699       5.217546583142e-11 
 1700       5.225383735510e-11 
 1701       5.233135374233e-11 
 1702       5.240793399065e-11 
 1703       5.248349672829e-11 
 1704       5.255796021362e-11 
 1705       5.263124233459e-11 
 1706       5.270326060824e-11 
 1707       5.277393218012e-11 
 1708       5.284317382377e-11 
 1709       5.291090194020e-11 
 1710       5.297703255732e-11 
 1711       5.304148132943e-11 
 1712       5.310416353668e-11 
 1713       5.316499408451e-11 
 1714       5.322389687351e-11 
 1715       5.328083299737e-11 
 1716       5.333577278457e-11 
 1717       5.338868644968e-11 
 1718       5.343954409325e-11 
 1719       5.348831570163e-11 
 1720       5.353497114679e-11 
 1721       5.357948018624e-11 
 1722       5.362181246281e-11 
 1723       5.366193750450e-11 
 1724       5.369982472438e-11 
 1725       5.373544342036e-11 
 1726       5.376876277512e-11 
 1727       5.379975185587e-11 
 1728       5.382837961427e-11 
 1729       5.385461488622e-11 
 1730       5.387842639174e-11 
 1731       5.389978273481e-11 
 1732       5.391865240319e-11 
 1733       5.393500376833e-11 
 1734       5.394880508513e-11 
 1735       5.396002449186e-11 
 1736       5.396863000995e-11 
 1737       5.397458954389e-11 
 1738       5.397787088103e-11 
 1739       5.397844169144e-11 
 1740       5.397626952777e-11 
 1741       5.397132182509e-11 
 1742       5.396356590072e-11 
 1743       5.395296895410e-11 
 1744       5.393949806661e-11 
 1745       5.392312020144e-11 
 1746       5.390380220343e-11 
 1747       5.388151079890e-11 
 1748       5.385621259551e-11 
 1749       5.382787408212e-11 
 1750       5.379646162859e-11 
 1751       5.376194148569e-11 
 1752       5.372427978490e-11 
 1753       5.368345161680e-11 
 1754       5.363946834948e-11 
 1755       5.359235053784e-11 
 1756       5.354211886600e-11 
 1757       5.348879414743e-11 
 1758       5.343239732523e-11 
 1759       5.337294947226e-11 
 1760       5.331047179137e-11 
 1761       5.324498561562e-11 
 1762       5.317651240845e-11 
 1763       5.310507376387e-11 
 1764       5.303069140671e-11 
 1765       5.295338719278e-11 
 1766       5.287318310907e-11 
 1767       5.279010127398e-11 
 1768       5.270416393750e-11 
 1769       5.261539348139e-11 
 1770       5.252381241943e-11 
 1771       5.242944339757e-11 
 1772       5.233230919417e-11 
 1773       5.223243272019e-11 
 1774       5.212983701935e-11 
 1775       5.202454526841e-11 
 1776       5.191658077728e-11 
 1777       5.180596698929e-11 
 1778       5.169272748137e-11 
 1779       5.157688596422e-11 
 1780       5.145846628257e-11 
 1781       5.133749241532e-11 
 1782       5.121398847578e-11 
 1783       5.108797871184e-11 
 1784       5.095948750622e-11 
 1785       5.082853937659e-11 
 1786       5.069515897586e-11 
 1787       5.055937109233e-11 
 1788       5.042120064988e-11 
 1789       5.028067270820e-11 
 1790       5.013781246298e-11 
 1791       4.999264524611e-11 
 1792       4.984520049377e-11 
 1793       4.969552368564e-11 
 1794       4.954366450359e-11 
 1795       4.938967287299e-11 
 1796       4.923359896303e-11 
 1797       4.907549318709e-11 
 1798       4.891540620311e-11 
 1799       4.875338891389e-11 
 1800       4.858949246747e-11 
 1801       4.842376825746e-11 
 1802       4.825626792344e-11 
 1803       4.808704335122e-11 
 1804       4.791614667327e-11 
 1805       4.774363026902e-11 
 1806       4.756954676523e-11 
 1807       4.739394903634e-11 
 1808       4.721689020481e-11 
 1809       4.703842364145e-11 
 1810       4.685860296581e-11 
 1811       4.667748204651e-11 
 1812       4.649511500156e-11 
 1813       4.631155619877e-11 
 1814       4.612686025603e-11 
 1815       4.594108204171e-11 
 1816       4.575427667498e-11 
 1817       4.556649952619e-11 
 1818       4.537780621716e-11 
 1819       4.518825262159e-11 
 1820       4.499789486539e-11 
 1821       4.480678932701e-11 
 1822       4.461499263779e-11 
 1823       4.442256168234e-11 
 1824       4.422955359887e-11 
 1825       4.403602577951e-11 
 1826       4.384203587072e-11 
 1827       4.364764177357e-11 
 1828       4.345290164415e-11 
 1829       4.325787389387e-11 
 1830       4.306261718984e-11 
 1831       4.286718817459e-11 
 1832       4.267163460462e-11 
 1833       4.247600215771e-11 
 1834       4.228033670884e-11 
 1835       4.208468433040e-11 
 1836       4.188909129253e-11 
 1837       4.169360406333e-11 
 1838       4.149826930918e-11 
 1839       4.130313389494e-11 
 1840       4.110824488428e-11 
 1841       4.091364953991e-11 
 1842       4.071939532386e-11 
 1843       4.052552989775e-11 
 1844       4.033210112305e-11 
 1845       4.013915706133e-11 
 1846       3.994674597457e-11 
 1847       3.975491632539e-11 
 1848       3.956371677733e-11 
 1849       3.937319619512e-11 
 1850       3.918340364495e-11 
 1851       3.899438839472e-11 
 1852       3.880619991431e-11 
 1853       3.861888787587e-11 
 1854       3.843250215406e-11 
 1855       3.824709282633e-11 
 1856       3.806271017320e-11 
 1857       3.787940467848e-11 
 1858       3.769722702960e-11 
 1859       3.751622811784e-11 
 1860       3.733645903857e-11 
 1861       3.715797109160e-11 
 1862       3.698081578136e-11 
 1863       3.680504481722e-11 
 1864       3.663071011373e-11 
 1865       3.645786379091e-11 
 1866       3.628655817449e-11 
 1867       3.611684579620e-11 
 1868       3.594877939403e-11 
 1869       3.578241191249e-11 
 1870       3.561779036597e-11 
 1871       3.545493737575e-11 
 1872       3.529386948904e-11 
 1873       3.513460330282e-11 
 1874       3.497715546390e-11 
 1875       3.482154266896e-11 
 1876       3.466778166466e-11 
 1877       3.451588924761e-11 
 1878       3.436588226452e-11 
 1879       3.421777761219e-11 
 1880       3.407159223758e-11 
 1881       3.392734313790e-11 
 1882       3.378504736062e-11 
 1883       3.364472200354e-11 
 1884       3.350638421489e-11 
 1885       3.337005119333e-11 
 1886       3.323574018801e-11 
 1887       3.310346849866e-11 
 1888       3.297325347564e-11 
 1889       3.284511251998e-11 
 1890       3.271906308342e-11 
 1891       3.259512266853e-11 
 1892       3.247330882868e-11 
 1893       3.235363916819e-11 
 1894       3.223613134230e-11 
 1895       3.212080305728e-11 
 1896       3.200767207047e-11 
 1897       3.189675619035e-11 
 1898       3.178807327657e-11 
 1899       3.168164124001e-11 
 1900       3.157747804289e-11 
 1901       3.147560169873e-11 
 1902       3.137603027249e-11 
 1903       3.127878188061e-11 
 1904       3.118387469102e-11 
 1905       3.109132692326e-11 
 1906       3.100115684848e-11 
 1907       3.091338278953e-11 
 1908       3.082802312103e-11 
 1909       3.074509035625e-11 
 1910       3.066457335830e-11 
 1911       3.058645499267e-11 
 1912       3.051071802791e-11 
 1913       3.043734513542e-11 
 1914       3.036631888938e-11 
 1915       3.029762176655e-11 
 1916       3.023123614617e-11 
 1917       3.016714430982e-11 
 1918       3.010532844126e-11 
 1919       3.004577062631e-11 
 1920       2.998845285271e-11 
 1921       2.993335700999e-11 
 1922       2.988046488929e-11 
 1923       2.982975818329e-11 
 1924       2.978121848600e-11 
 1925       2.973482729269e-11 
 1926       2.969056599968e-11 
 1927       2.964841590428e-11 
 1928       2.960835820459e-11 
 1929       2.957037399939e-11 
 1930       2.953444428799e-11 
 1931       2.950054997009e-11 
 1932       2.946867184568e-11 
 1933       2.943879061485e-11 
 1934       2.941088687766e-11 
 1935       2.938494113404e-11 
 1936       2.936093378362e-11 
 1937       2.933884512559e-11 
 1938       2.931865535859e-11 
 1939       2.930034458052e-11 
 1940       2.928389278846e-11 
 1941       2.926927987850e-11 
 1942       2.925648564561e-11 
 1943       2.924548978350e-11 
 1944       2.923627188448e-11 
 1945       2.922881143930e-11 
 1946       2.922308783709e-11 
 1947       2.921908036511e-11 
 1948       2.921676571941e-11 
 1949       2.921611051625e-11 
 1950       2.921707872412e-11 
 1951       2.921963414770e-11 
 1952       2.922374042762e-11 
 1953       2.922936104028e-11 
 1954       2.923645929760e-11 
 1955       2.924499834684e-11 
 1956       2.925494117034e-11 
 1957       2.926625058534e-11 
 1958       2.927888924375e-11 
 1959       2.929281963191e-11 
 1960       2.930800407043e-11 
 1961       2.932440471390e-11 
 1962       2.934198355075e-11 
 1963       2.936070240296e-11 
 1964       2.938052292590e-11 
 1965       2.940140660808e-11 
 1966       2.942331477095e-11 
 1967       2.944620856866e-11 
 1968       2.947004898790e-11 
 1969       2.949479684759e-11 
 1970       2.952041279877e-11 
 1971       2.954685732428e-11 
 1972       2.957409073864e-11 
 1973       2.960207318774e-11 
 1974       2.963076464871e-11 
 1975       2.966012492964e-11 
 1976       2.969011366940e-11 
 1977       2.972069033738e-11 
 1978       2.975181423333e-11 
 1979       2.978344448710e-11 
 1980       2.981554005846e-11 
 1981       2.984805973684e-11 
 1982       2.988096214114e-11 
 1983       2.991420571950e-11 
 1984       2.994774874912e-11 
 1985       2.998154933597e-11 
 1986       3.001556541466e-11 
 1987       3.004975647259e-11 
 1988       3.008408873700e-11 
 1989       3.011853002572e-11 
 1990       3.015304802603e-11 
 1991       3.018761029452e-11 
 1992       3.022218425692e-11 
 1993       3.025673720790e-11 
 1994       3.029123631096e-11 
 1995       3.032564859821e-11 
 1996       3.035994097027e-11 
 1997       3.039408019604e-11 
 1998       3.042803291258e-11 
 1999       3.046176562492e-11 
 2000       3.049524470592e-11 
 2001       3.052843639608e-11 
 2002       3.056130680340e-11 
 2003       3.059382190318e-11 
 2004       3.062594753791e-11 
 2005       3.065764941704e-11 
 2006       3.068889311689e-11 
 2007       3.071964408040e-11 
 2008       3.074986761704e-11 
 2009       3.077952890262e-11 
 2010       3.080859297910e-11 
 2011       3.083702475446e-11 
 2012       3.086478900252e-11 
 2013       3.089185036279e-11 
 2014       3.091817334027e-11 
 2015       3.094372230533e-11 
 2016       3.096846149353e-11 
 2017       3.099235500542e-11 
 2018       3.101536680644e-11 
 2019       3.103746072670e-11 
 2020       3.105860046085e-11 
 2021       3.107874956789e-11 
 2022       3.109787147104e-11 
 2023       3.111592945754e-11 
 2024       3.113288667848e-11 
 2025       3.114870614870e-11 
 2026       3.116335503387e-11 
 2027       3.117681754621e-11 
 2028       3.118908214164e-11 
 2029       3.120013724088e-11 
 2030       3.120997122941e-11 
 2031       3.121857245743e-11 
 2032       3.122592923981e-11 
 2033       3.123202985609e-11 
 2034       3.123686255037e-11 
 2035       3.124041553135e-11 
 2036       3.124267697224e-11 
 2037       3.124363501073e-11 
 2038       3.124327774896e-11 
 2039       3.124159325348e-11 
 2040       3.123856955520e-11 
 2041       3.123419464938e-11 
 2042       3.122845649552e-11 
 2043       3.122134301743e-11 
 2044       3.121284210309e-11 
 2045       3.120294160466e-11 
 2046       3.119162933843e-11 
 2047       3.117889308481e-11 
 2048       3.116472058823e-11 
 2049       3.114909955714e-11 
 2050       3.113201766399e-11 
 2051       3.111346254514e-11 
 2052       3.109342180085e-11 
 2053       3.107188299526e-11 
 2054       3.104883365630e-11 
 2055       3.102426127570e-11 
 2056       3.099815330893e-11 
 2057       3.097049717515e-11 
 2058       3.094128025719e-11 
 2059       3.091048990150e-11 
 2060       3.087811341811e-11 
 2061       3.084413808061e-11 
 2062       3.080855112609e-11 
 2063       3.077133975508e-11 
 2064       3.073249113158e-11 
 2065       3.069199651504e-11 
 2066       3.064986368864e-11 
 2067       3.060610461902e-11 
 2068       3.056073133236e-11 
 2069       3.051375591434e-11 
 2070       3.046519051032e-11 
 2071       3.041504732534e-11 
 2072       3.036333862427e-11 
 2073       3.031007673180e-11 
 2074       3.025527403260e-11 
 2075       3.019894297135e-11 
 2076       3.014109605281e-11 
 2077       3.008174584196e-11 
 2078       3.002090496398e-11 
 2079       2.995858610442e-11 
 2080       2.989480200921e-11 
 2081       2.982956548478e-11 
 2082       2.976288939812e-11 
 2083       2.969478667685e-11 
 2084       2.962527030931e-11 
 2085       2.955435334462e-11 
 2086       2.948204889279e-11 
 2087       2.940837012476e-11 
 2088       2.933333027250e-11 
 2089       2.925694262908e-11 
 2090       2.917922054874e-11 
 2091       2.910017744699e-11 
 2092       2.901982680065e-11 
 2093       2.893818214796e-11 
 2094       2.885525708865e-11 
 2095       2.877106528401e-11 
 2096       2.868562045696e-11 
 2097       2.859893639214e-11 
 2098       2.851102693600e-11 
 2099       2.842190599684e-11 
 2100       2.833158754491e-11 
 2101       2.824008561250e-11 
 2102       2.814741429399e-11 
 2103       2.805358774594e-11 
 2104       2.795862198233e-11 
 2105       2.786254027374e-11 
 2106       2.776536778589e-11 
 2107       2.766712978802e-11 
 2108       2.756785165297e-11 
 2109       2.746755885739e-11 
 2110       2.736627698178e-11 
 2111       2.726403171066e-11 
 2112       2.716084883269e-11 
 2113       2.705675424080e-11 
 2114       2.695177393231e-11 
 2115       2.684593400904e-11 
 2116       2.673926067746e-11 
 2117       2.663178024881e-11 
 2118       2.652351913922e-11 
 2119       2.641450386983e-11 
 2120       2.630476106693e-11 
 2121       2.619431746209e-11 
 2122       2.608319989225e-11 
 2123       2.597143529989e-11 
 2124       2.585905073314e-11 
 2125       2.574607334588e-11 
 2126       2.563253039791e-11 
 2127       2.551844925504e-11 
 2128       2.540385738923e-11 
 2129       2.528878237872e-11 
 2130       2.517325190815e-11 
 2131       2.505729376869e-11 
 2132       2.494093585815e-11 
 2133       2.482420618112e-11 
 2134       2.470713284911e-11 
 2135       2.458974408064e-11 
 2136       2.447206820139e-11 
 2137       2.435413364432e-11 
 2138       2.423596894980e-11 
 2139       2.411760276573e-11 
 2140       2.399906384767e-11 
 2141       2.388038105896e-11 
 2142       2.376158337085e-11 
 2143       2.364269880526e-11 
 2144       2.352375125501e-11 
 2145       2.340476364211e-11 
 2146       2.328575897326e-11 
 2147       2.316676033996e-11 
 2148       2.304779091859e-11 
 2149       2.292887397050e-11 
 2150       2.281003284216e-11 
 2151       2.269129096518e-11 
 2152       2.257267185647e-11 
 2153       2.245419911832e-11 
 2154       2.233589643847e-11 
 2155       2.221778759026e-11 
 2156       2.209989643268e-11 
 2157       2.198224691052e-11 
 2158       2.186486305439e-11 
 2159       2.174776898091e-11 
 2160       2.163098889273e-11 
 2161       2.151454707869e-11 
 2162       2.139846791386e-11 
 2163       2.128277585970e-11 
 2164       2.116749546408e-11 
 2165       2.105265136148e-11 
 2166       2.093826827298e-11 
 2167       2.082437100644e-11 
 2168       2.071098445657e-11 
 2169       2.059813360500e-11 
 2170       2.048584352043e-11 
 2171       2.037413935869e-11 
 2172       2.026304636285e-11 
 2173       2.015258986332e-11 
 2174       2.004279527794e-11 
 2175       1.993368811211e-11 
 2176       1.982529395883e-11 
 2177       1.971763849884e-11 
 2178       1.961074750072e-11 
 2179       1.950464682096e-11 
 2180       1.939936240410e-11 
 2181       1.929492028278e-11 
 2182       1.919134372932e-11 
 2183       1.908864468934e-11 
 2184       1.898683229086e-11 
 2185       1.888591568765e-11 
 2186       1.878590405925e-11 
 2187       1.868680661102e-11 
 2188       1.858863257414e-11 
 2189       1.849139120566e-11 
 2190       1.839509178849e-11 
 2191       1.829974363148e-11 
 2192       1.820535606939e-11 
 2193       1.811193846297e-11 
 2194       1.801950019893e-11 
 2195       1.792805069001e-11 
 2196       1.783759937500e-11 
 2197       1.774815571873e-11 
 2198       1.765972921217e-11 
 2199       1.757232937236e-11 
 2200       1.748596574251e-11 
 2201       1.740064789202e-11 
 2202       1.731638541647e-11 
 2203       1.723318793765e-11 
 2204       1.715106510364e-11 
 2205       1.707002658878e-11 
 2206       1.699008209371e-11 
 2207       1.691124134540e-11 
 2208       1.683351409718e-11 
 2209       1.675691012879e-11 
 2210       1.668143924634e-11 
 2211       1.660711128239e-11 
 2212       1.653393609597e-11 
 2213       1.646192357261e-11 
 2214       1.639108362432e-11 
 2215       1.632142618969e-11 
 2216       1.625296123385e-11 
 2217       1.618569874853e-11 
 2218       1.611964875211e-11 
 2219       1.605482128957e-11 
 2220       1.599122643259e-11 
 2221       1.592887146672e-11 
 2222       1.586775243261e-11 
 2223       1.580786252910e-11 
 2224       1.574919492089e-11 
 2225       1.569174273856e-11 
 2226       1.563549907847e-11 
 2227       1.558045700278e-11 
 2228       1.552660953933e-11 
 2229       1.547394968168e-11 
 2230       1.542247038902e-11 
 2231       1.537216458612e-11 
 2232       1.532302516333e-11 
 2233       1.527504497649e-11 
 2234       1.522821684694e-11 
 2235       1.518253356142e-11 
 2236       1.513798787209e-11 
 2237       1.509457249641e-11 
 2238       1.505228011718e-11 
 2239       1.501110338246e-11 
 2240       1.497103490550e-11 
 2241       1.493206726477e-11 
 2242       1.489419300383e-11 
 2243       1.485740463136e-11 
 2244       1.482169462108e-11 
 2245       1.478705541174e-11 
 2246       1.475347940702e-11 
 2247       1.472095897555e-11 
 2248       1.468948645085e-11 
 2249       1.465905413124e-11 
 2250       1.462965427989e-11 
 2251       1.460127912468e-11 
 2252       1.457392085824e-11 
 2253       1.454757163786e-11 
 2254       1.452222358544e-11 
 2255       1.449786878750e-11 
 2256       1.447449929508e-11 
 2257       1.445210712375e-11 
 2258       1.443068425351e-11 
 2259       1.441022262880e-11 
 2260       1.439071284539e-11 
 2261       1.437214020193e-11 
 2262       1.435448862273e-11 
 2263       1.433774196842e-11 
 2264       1.432188403589e-11 
 2265       1.430689855820e-11 
 2266       1.429276920451e-11 
 2267       1.427947958001e-11 
 2268       1.426701322583e-11 
 2269       1.425535361901e-11 
 2270       1.424448417239e-11 
 2271       1.423438823454e-11 
 2272       1.422504908970e-11 
 2273       1.421644995770e-11 
 2274       1.420857399388e-11 
 2275       1.420140428906e-11 
 2276       1.419492386938e-11 
 2277       1.418911569632e-11 
 2278       1.418396266657e-11 
 2279       1.417944761198e-11 
 2280       1.417555329948e-11 
 2281       1.417226243100e-11 
 2282       1.416955764341e-11 
 2283       1.416742150846e-11 
 2284       1.416583653265e-11 
 2285       1.416478515724e-11 
 2286       1.416424975811e-11 
 2287       1.416421264570e-11 
 2288       1.416465606498e-11 
 2289       1.416556219531e-11 
 2290       1.416691315043e-11 
 2291       1.416869097833e-11 
 2292       1.417087766125e-11 
 2293       1.417345511551e-11 
 2294       1.417640519153e-11 
 2295       1.417970967371e-11 
 2296       1.418335028034e-11 
 2297       1.418730866359e-11 
 2298       1.419156640936e-11 
 2299       1.419610561826e-11 
 2300       1.420091065251e-11 
 2301       1.420596640000e-11 
 2302       1.421125769423e-11 
 2303       1.421676931428e-11 
 2304       1.422248598473e-11 
 2305       1.422839237561e-11 
 2306       1.423447310234e-11 
 2307       1.424071272565e-11 
 2308       1.424709575156e-11 
 2309       1.425360663129e-11 
 2310       1.426022976119e-11 
 2311       1.426694948272e-11 
 2312       1.427375008236e-11 
 2313       1.428061579156e-11 
 2314       1.428753078668e-11 
 2315       1.429447918893e-11 
 2316       1.430144506431e-11 
 2317       1.430841242354e-11 
 2318       1.431536522201e-11 
 2319       1.432228735974e-11 
 2320       1.432916268129e-11 
 2321       1.433597497570e-11 
 2322       1.434270797646e-11 
 2323       1.434934536141e-11 
 2324       1.435587075271e-11 
 2325       1.436226771679e-11 
 2326       1.436851976425e-11 
 2327       1.437461034983e-11 
 2328       1.438052287234e-11 
 2329       1.438624067460e-11 
 2330       1.439174704341e-11 
 2331       1.439702520942e-11 
 2332       1.440205834714e-11 
 2333       1.440682957486e-11 
 2334       1.441132195457e-11 
 2335       1.441551849191e-11 
 2336       1.441940213614e-11 
 2337       1.442295578003e-11 
 2338       1.442616405637e-11 
 2339       1.442901873972e-11 
 2340       1.443151337839e-11 
 2341       1.443364150090e-11 
 2342       1.443539661598e-11 
 2343       1.443677221257e-11 
 2344       1.443776175978e-11 
 2345       1.443835870687e-11 
 2346       1.443855648322e-11 
 2347       1.443834849836e-11 
 2348       1.443772814187e-11 
 2349       1.443668878343e-11 
 2350       1.443522377276e-11 
 2351       1.443332643962e-11 
 2352       1.443099009378e-11 
 2353       1.442820802499e-11 
 2354       1.442497350299e-11 
 2355       1.442127977744e-11 
 2356       1.441712007797e-11 
 2357       1.441248761410e-11 
 2358       1.440737557522e-11 
 2359       1.440177713063e-11 
 2360       1.439568542944e-11 
 2361       1.438909360062e-11 
 2362       1.438199475293e-11 
 2363       1.437438197492e-11 
 2364       1.436624833492e-11 
 2365       1.435758688099e-11 
 2366       1.434839064093e-11 
 2367       1.433865262223e-11 
 2368       1.432836581210e-11 
 2369       1.431752317739e-11 
 2370       1.430611766458e-11 
 2371       1.429414219983e-11 
 2372       1.428158968884e-11 
 2373       1.426845301696e-11 
 2374       1.425472504904e-11 
 2375       1.424039862953e-11 
 2376       1.422546658237e-11 
 2377       1.420992354513e-11 
 2378       1.419377148366e-11 
 2379       1.417701421133e-11 
 2380       1.415965555806e-11 
 2381       1.414169937033e-11 
 2382       1.412314951119e-11 
 2383       1.410400986026e-11 
 2384       1.408428431380e-11 
 2385       1.406397678467e-11 
 2386       1.404309120239e-11 
 2387       1.402163151315e-11 
 2388       1.399960167982e-11 
 2389       1.397700568196e-11 
 2390       1.395384751587e-11 
 2391       1.393013119457e-11 
 2392       1.390586074785e-11 
 2393       1.388104022228e-11 
 2394       1.385567368122e-11 
 2395       1.382976520485e-11 
 2396       1.380331889017e-11 
 2397       1.377633885104e-11 
 2398       1.374882921819e-11 
 2399       1.372079413924e-11 
 2400       1.369223777871e-11 
 2401       1.366316431805e-11 
 2402       1.363357795567e-11 
 2403       1.360348290691e-11 
 2404       1.357288340413e-11 
 2405       1.354178369665e-11 
 2406       1.351018805085e-11 
 2407       1.347810075011e-11 
 2408       1.344552609489e-11 
 2409       1.341246840273e-11 
 2410       1.337893200824e-11 
 2411       1.334492126316e-11 
 2412       1.331044053636e-11 
 2413       1.327549421385e-11 
 2414       1.324008669881e-11 
 2415       1.320422241162e-11 
 2416       1.316790666181e-11 
 2417       1.313114826980e-11 
 2418       1.309395696107e-11 
 2419       1.305634249575e-11 
 2420       1.301831466859e-11 
 2421       1.297988330903e-11 
 2422       1.294105828122e-11 
 2423       1.290184948410e-11 
 2424       1.286226685136e-11 
 2425       1.282232035156e-11 
 2426       1.278201998808e-11 
 2427       1.274137579925e-11 
 2428       1.270039785830e-11 
 2429       1.265909627347e-11 
 2430       1.261748118799e-11 
 2431       1.257556278014e-11 
 2432       1.253335126330e-11 
 2433       1.249085688595e-11 
 2434       1.244808993174e-11 
 2435       1.240506071953e-11 
 2436       1.236177960338e-11 
 2437       1.231825697265e-11 
 2438       1.227450325198e-11 
 2439       1.223052890137e-11 
 2440       1.218634441618e-11 
 2441       1.214196032720e-11 
 2442       1.209738720066e-11 
 2443       1.205263563829e-11 
 2444       1.200771627732e-11 
 2445       1.196263979057e-11 
 2446       1.191741688645e-11 
 2447       1.187205830898e-11 
 2448       1.182657483788e-11 
 2449       1.178097728855e-11 
 2450       1.173527651217e-11 
 2451       1.168948339566e-11 
 2452       1.164360886178e-11 
 2453       1.159766386914e-11 
 2454       1.155165941223e-11 
 2455       1.150560626194e-11 
 2456       1.145951418529e-11 
 2457       1.141339272110e-11 
 2458       1.136725143916e-11 
 2459       1.132109994021e-11 
 2460       1.127494785606e-11 
 2461       1.122880484952e-11 
 2462       1.118268061450e-11 
 2463       1.113658487604e-11 
 2464       1.109052739028e-11 
 2465       1.104451794456e-11 
 2466       1.099856635744e-11 
 2467       1.095268247868e-11 
 2468       1.090687618934e-11 
 2469       1.086115740175e-11 
 2470       1.081553605960e-11 
 2471       1.077002213792e-11 
 2472       1.072462564315e-11 
 2473       1.067935661314e-11 
 2474       1.063422511721e-11 
 2475       1.058924125615e-11 
 2476       1.054441516230e-11 
 2477       1.049975699951e-11 
 2478       1.045527696324e-11 
 2479       1.041098528057e-11 
 2480       1.036689221018e-11 
 2481       1.032300804249e-11 
 2482       1.027934309957e-11 
 2483       1.023590773526e-11 
 2484       1.019271233516e-11 
 2485       1.014976731668e-11 
 2486       1.010708312906e-11 
 2487       1.006467025339e-11 
 2488       1.002253920267e-11 
 2489       9.980700521833e-12 
 2490       9.939164787754e-12 
 2491       9.897942609309e-12 
 2492       9.857044627390e-12 
 2493       9.816481514945e-12 
 2494       9.776258188978e-12 
 2495       9.736356409378e-12 
 2496       9.696752077989e-12 
 2497       9.657421017280e-12 
 2498       9.618338970265e-12 
 2499       9.579481600420e-12 
 2500       9.540824491607e-12 
