# dimensionless total [l(l+1)/2pi] C_l's
# for l=2 to 2500, i.e. number of multipoles equal to 2499
#
# -> if you prefer output in CAMB/HealPix/LensPix units/order, set 'format' to 'camb' in input file
# -> if you don't want to see such a header, set 'headers' to 'no' in input file
#
# 1:l     2:TT                 
    2       1.383643815250e-10 
    3       1.309317796809e-10 
    4       1.238723476051e-10 
    5       1.185625690084e-10 
    6       1.148950996618e-10 
    7       1.125529323903e-10 
    8       1.111448656333e-10 
    9       1.104613754159e-10 
   10       1.103192076983e-10 
   11       1.105772364437e-10 
   12       1.112000165307e-10 
   13       1.120480053571e-10 
   14       1.130492244317e-10 
   15       1.142351242355e-10 
   16       1.156060300844e-10 
   17       1.170337329544e-10 
   18       1.185673399555e-10 
   19       1.202219019324e-10 
   20       1.219267677074e-10 
   21       1.236945072675e-10 
   22       1.255314241137e-10 
   23       1.274272272488e-10 
   24       1.293485997592e-10 
   25       1.313103480755e-10 
   26       1.333255171387e-10 
   27       1.353895101797e-10 
   28       1.374832702118e-10 
   29       1.396122073909e-10 
   30       1.417774291968e-10 
   31       1.439695631033e-10 
   32       1.461915068496e-10 
   33       1.484415434569e-10 
   34       1.507117916586e-10 
   35       1.530081371684e-10 
   36       1.553356386505e-10 
   37       1.576943437183e-10 
   38       1.600857386528e-10 
   39       1.625072294764e-10 
   40       1.649495827231e-10 
   41       1.674016801227e-10 
   42       1.698682075053e-10 
   43       1.723566296491e-10 
   44       1.748720086193e-10 
   45       1.774171600332e-10 
   46       1.799938357415e-10 
   47       1.826014196165e-10 
   48       1.852362750604e-10 
   49       1.878914907867e-10 
   50       1.905598292855e-10 
   51       1.932441055156e-10 
   52       1.959491859587e-10 
   53       1.986789311117e-10 
   54       2.014360919827e-10 
   55       2.042224915274e-10 
   56       2.070398588575e-10 
   57       2.098890209729e-10 
   58       2.127695455869e-10 
   59       2.156796487238e-10 
   60       2.186161023173e-10 
   61       2.215756091975e-10 
   62       2.245594977465e-10 
   63       2.275699218353e-10 
   64       2.306084414848e-10 
   65       2.336759770238e-10 
   66       2.367727632452e-10 
   67       2.398983035630e-10 
   68       2.430519754612e-10 
   69       2.462350917697e-10 
   70       2.494491766214e-10 
   71       2.526953224537e-10 
   72       2.559741608220e-10 
   73       2.592858332143e-10 
   74       2.626299618645e-10 
   75       2.660056205675e-10 
   76       2.694118308578e-10 
   77       2.728492195243e-10 
   78       2.763186117305e-10 
   79       2.798205143491e-10 
   80       2.833550975483e-10 
   81       2.869221763792e-10 
   82       2.905211923630e-10 
   83       2.941511950778e-10 
   84       2.978112524678e-10 
   85       3.015018002568e-10 
   86       3.052234835197e-10 
   87       3.089767368084e-10 
   88       3.127617729440e-10 
   89       3.165785718097e-10 
   90       3.204268691430e-10 
   91       3.243061453282e-10 
   92       3.282156141892e-10 
   93       3.321544978961e-10 
   94       3.361229233264e-10 
   95       3.401211404223e-10 
   96       3.441492409058e-10 
   97       3.482071509991e-10 
   98       3.522946241438e-10 
   99       3.564112337215e-10 
  100       3.605563657734e-10 
  101       3.647292117204e-10 
  102       3.689287610829e-10 
  103       3.731537942009e-10 
  104       3.774031395797e-10 
  105       3.816765011992e-10 
  106       3.859737299100e-10 
  107       3.902945644685e-10 
  108       3.946386271643e-10 
  109       3.990054194484e-10 
  110       4.033943175611e-10 
  111       4.078045681601e-10 
  112       4.122352839480e-10 
  113       4.166854393006e-10 
  114       4.211538658946e-10 
  115       4.256392483356e-10 
  116       4.301403078824e-10 
  117       4.346563883079e-10 
  118       4.391869333892e-10 
  119       4.437313025051e-10 
  120       4.482887679276e-10 
  121       4.528585121124e-10 
  122       4.574396249903e-10 
  123       4.620311012580e-10 
  124       4.666318376693e-10 
  125       4.712406303258e-10 
  126       4.758561719685e-10 
  127       4.804770492682e-10 
  128       4.851017401168e-10 
  129       4.897287699739e-10 
  130       4.943572060524e-10 
  131       4.989862124782e-10 
  132       5.036148945396e-10 
  133       5.082422971159e-10 
  134       5.128674031067e-10 
  135       5.174891318615e-10 
  136       5.221063376080e-10 
  137       5.267178078823e-10 
  138       5.313222619570e-10 
  139       5.359183492713e-10 
  140       5.405046478597e-10 
  141       5.450796627811e-10 
  142       5.496418245481e-10 
  143       5.541894875564e-10 
  144       5.587210614707e-10 
  145       5.632354232993e-10 
  146       5.677315431477e-10 
  147       5.722083541099e-10 
  148       5.766647514615e-10 
  149       5.810995918531e-10 
  150       5.855116925035e-10 
  151       5.898998303932e-10 
  152       5.942627414574e-10 
  153       5.985991197795e-10 
  154       6.029076167843e-10 
  155       6.071868404312e-10 
  156       6.114353544077e-10 
  157       6.156516773226e-10 
  158       6.198342818992e-10 
  159       6.239815941687e-10 
  160       6.280919926634e-10 
  161       6.321639207285e-10 
  162       6.361962363122e-10 
  163       6.401878917108e-10 
  164       6.441378229482e-10 
  165       6.480449494898e-10 
  166       6.519081739559e-10 
  167       6.557263818360e-10 
  168       6.594984412019e-10 
  169       6.632232024218e-10 
  170       6.668994978742e-10 
  171       6.705261416611e-10 
  172       6.741019293221e-10 
  173       6.776256375482e-10 
  174       6.810960238951e-10 
  175       6.845118264976e-10 
  176       6.878717637826e-10 
  177       6.911745341834e-10 
  178       6.944188158532e-10 
  179       6.976032663788e-10 
  180       7.007266100617e-10 
  181       7.037879081182e-10 
  182       7.067863094569e-10 
  183       7.097209650783e-10 
  184       7.125910281103e-10 
  185       7.153956538449e-10 
  186       7.181339997743e-10 
  187       7.208052256270e-10 
  188       7.234084934045e-10 
  189       7.259429674173e-10 
  190       7.284078143210e-10 
  191       7.308022031529e-10 
  192       7.331253053679e-10 
  193       7.353762948754e-10 
  194       7.375543480746e-10 
  195       7.396586438916e-10 
  196       7.416883638154e-10 
  197       7.436426919340e-10 
  198       7.455208149708e-10 
  199       7.473219223208e-10 
  200       7.490452060872e-10 
  201       7.506899198558e-10 
  202       7.522555596234e-10 
  203       7.537416958789e-10 
  204       7.551479162342e-10 
  205       7.564738256340e-10 
  206       7.577190465664e-10 
  207       7.588832192719e-10 
  208       7.599660019538e-10 
  209       7.609670709878e-10 
  210       7.618861211321e-10 
  211       7.627228657370e-10 
  212       7.634770369552e-10 
  213       7.641483859510e-10 
  214       7.647366831109e-10 
  215       7.652417182528e-10 
  216       7.656633008364e-10 
  217       7.660012601728e-10 
  218       7.662554456344e-10 
  219       7.664257268648e-10 
  220       7.665119939885e-10 
  221       7.665141578212e-10 
  222       7.664321500792e-10 
  223       7.662659235895e-10 
  224       7.660154725419e-10 
  225       7.656808942580e-10 
  226       7.652623318001e-10 
  227       7.647599545423e-10 
  228       7.641739584282e-10 
  229       7.635045662281e-10 
  230       7.627520277969e-10 
  231       7.619166203315e-10 
  232       7.609986486285e-10 
  233       7.599984453417e-10 
  234       7.589163712399e-10 
  235       7.577528154641e-10 
  236       7.565081957855e-10 
  237       7.551829588627e-10 
  238       7.537775804998e-10 
  239       7.522925659034e-10 
  240       7.507284499405e-10 
  241       7.490857973961e-10 
  242       7.473652032308e-10 
  243       7.455672928382e-10 
  244       7.436927223027e-10 
  245       7.417421786570e-10 
  246       7.397163801396e-10 
  247       7.376160764525e-10 
  248       7.354420490188e-10 
  249       7.331951112402e-10 
  250       7.308760811748e-10 
  251       7.284856972894e-10 
  252       7.260246983444e-10 
  253       7.234938507401e-10 
  254       7.208939487215e-10 
  255       7.182258145828e-10 
  256       7.154902988730e-10 
  257       7.126882805999e-10 
  258       7.098206674354e-10 
  259       7.068883959204e-10 
  260       7.038924316695e-10 
  261       7.008337695757e-10 
  262       6.977134340156e-10 
  263       6.945324790539e-10 
  264       6.912919886484e-10 
  265       6.879930768550e-10 
  266       6.846368880323e-10 
  267       6.812245970464e-10 
  268       6.777574094760e-10 
  269       6.742365618171e-10 
  270       6.706633216880e-10 
  271       6.670389880337e-10 
  272       6.633648913312e-10 
  273       6.596423937944e-10 
  274       6.558728895785e-10 
  275       6.520578049851e-10 
  276       6.481985986671e-10 
  277       6.442967618335e-10 
  278       6.403538184541e-10 
  279       6.363712443451e-10 
  280       6.323502193637e-10 
  281       6.282918627737e-10 
  282       6.241973132890e-10 
  283       6.200677291533e-10 
  284       6.159042882209e-10 
  285       6.117081880363e-10 
  286       6.074806459150e-10 
  287       6.032228990234e-10 
  288       5.989362044592e-10 
  289       5.946218393316e-10 
  290       5.902811008412e-10 
  291       5.859153063611e-10 
  292       5.815257935162e-10 
  293       5.771139202639e-10 
  294       5.726810649743e-10 
  295       5.682286265104e-10 
  296       5.637580243083e-10 
  297       5.592706984576e-10 
  298       5.547681097814e-10 
  299       5.502517399166e-10 
  300       5.457230913943e-10 
  301       5.411836877200e-10 
  302       5.366350734534e-10 
  303       5.320788142895e-10 
  304       5.275164971379e-10 
  305       5.229497302037e-10 
  306       5.183801430676e-10 
  307       5.138093867658e-10 
  308       5.092391338707e-10 
  309       5.046710785707e-10 
  310       5.001069367509e-10 
  311       4.955484460729e-10 
  312       4.909972477814e-10 
  313       4.864545258967e-10 
  314       4.819213514376e-10 
  315       4.773987991208e-10 
  316       4.728879472965e-10 
  317       4.683898778824e-10 
  318       4.639056762994e-10 
  319       4.594364314060e-10 
  320       4.549832354336e-10 
  321       4.505471839210e-10 
  322       4.461293756496e-10 
  323       4.417309125780e-10 
  324       4.373528997774e-10 
  325       4.329964453659e-10 
  326       4.286626604438e-10 
  327       4.243526590285e-10 
  328       4.200675579891e-10 
  329       4.158084769817e-10 
  330       4.115765383840e-10 
  331       4.073728672302e-10 
  332       4.031985911463e-10 
  333       3.990548402844e-10 
  334       3.949427472580e-10 
  335       3.908634470770e-10 
  336       3.868180770821e-10 
  337       3.828077768803e-10 
  338       3.788336882793e-10 
  339       3.748969552228e-10 
  340       3.709987237249e-10 
  341       3.671401418058e-10 
  342       3.633223594259e-10 
  343       3.595465284211e-10 
  344       3.558138024375e-10 
  345       3.521253368667e-10 
  346       3.484822887802e-10 
  347       3.448858168647e-10 
  348       3.413370813566e-10 
  349       3.378371435865e-10 
  350       3.343866601379e-10 
  351       3.309861758570e-10 
  352       3.276362229343e-10 
  353       3.243373207404e-10 
  354       3.210899756627e-10 
  355       3.178946809416e-10 
  356       3.147519165064e-10 
  357       3.116621488124e-10 
  358       3.086258306763e-10 
  359       3.056434011129e-10 
  360       3.027152851716e-10 
  361       2.998418937720e-10 
  362       2.970236235410e-10 
  363       2.942608566484e-10 
  364       2.915539606434e-10 
  365       2.889032882912e-10 
  366       2.863091774087e-10 
  367       2.837719507013e-10 
  368       2.812919155989e-10 
  369       2.788693640921e-10 
  370       2.765045725688e-10 
  371       2.741978016502e-10 
  372       2.719492960271e-10 
  373       2.697592842963e-10 
  374       2.676279787969e-10 
  375       2.655555754464e-10 
  376       2.635422535771e-10 
  377       2.615881757725e-10 
  378       2.596934877031e-10 
  379       2.578583179633e-10 
  380       2.560827779073e-10 
  381       2.543669614855e-10 
  382       2.527109450807e-10 
  383       2.511147873443e-10 
  384       2.495785290331e-10 
  385       2.481021928447e-10 
  386       2.466857832545e-10 
  387       2.453292863518e-10 
  388       2.440326540841e-10 
  389       2.427957566755e-10 
  390       2.416184281076e-10 
  391       2.405004813743e-10 
  392       2.394417083064e-10 
  393       2.384418793950e-10 
  394       2.375007436157e-10 
  395       2.366180282523e-10 
  396       2.357934387207e-10 
  397       2.350266583929e-10 
  398       2.343173484205e-10 
  399       2.336651475592e-10 
  400       2.330696719923e-10 
  401       2.325305151544e-10 
  402       2.320472475558e-10 
  403       2.316194166059e-10 
  404       2.312465464374e-10 
  405       2.309281377300e-10 
  406       2.306636675342e-10 
  407       2.304525890957e-10 
  408       2.302943316785e-10 
  409       2.301883003893e-10 
  410       2.301338760015e-10 
  411       2.301304147785e-10 
  412       2.301772482982e-10 
  413       2.302736832764e-10 
  414       2.304190013911e-10 
  415       2.306124591060e-10 
  416       2.308532874946e-10 
  417       2.311406920640e-10 
  418       2.314738525790e-10 
  419       2.318519228857e-10 
  420       2.322740307352e-10 
  421       2.327392776083e-10 
  422       2.332467385383e-10 
  423       2.337954619359e-10 
  424       2.343844694122e-10 
  425       2.350127556033e-10 
  426       2.356792879937e-10 
  427       2.363830894297e-10 
  428       2.371234891101e-10 
  429       2.378998797880e-10 
  430       2.387116357324e-10 
  431       2.395581126054e-10 
  432       2.404386473413e-10 
  433       2.413525580239e-10 
  434       2.422991437655e-10 
  435       2.432776845843e-10 
  436       2.442874412834e-10 
  437       2.453276553281e-10 
  438       2.463975487247e-10 
  439       2.474963238986e-10 
  440       2.486231635722e-10 
  441       2.497772306433e-10 
  442       2.509576680632e-10 
  443       2.521635987149e-10 
  444       2.533941252913e-10 
  445       2.546483301734e-10 
  446       2.559252753081e-10 
  447       2.572240020873e-10 
  448       2.585435312248e-10 
  449       2.598828626356e-10 
  450       2.612409753136e-10 
  451       2.626168272095e-10 
  452       2.640093551097e-10 
  453       2.654174745137e-10 
  454       2.668400795128e-10 
  455       2.682760426681e-10 
  456       2.697242148887e-10 
  457       2.711834253099e-10 
  458       2.726524811711e-10 
  459       2.741301676946e-10 
  460       2.756152479630e-10 
  461       2.771064627981e-10 
  462       2.786025306386e-10 
  463       2.801021474183e-10 
  464       2.816039864446e-10 
  465       2.831066982764e-10 
  466       2.846090516670e-10 
  467       2.861103614796e-10 
  468       2.876100738827e-10 
  469       2.891076264480e-10 
  470       2.906024481068e-10 
  471       2.920939591058e-10 
  472       2.935815709628e-10 
  473       2.950646864232e-10 
  474       2.965426994154e-10 
  475       2.980149950071e-10 
  476       2.994809493612e-10 
  477       3.009399296916e-10 
  478       3.023912942196e-10 
  479       3.038343921292e-10 
  480       3.052685635237e-10 
  481       3.066931393811e-10 
  482       3.081074415107e-10 
  483       3.095107825084e-10 
  484       3.109024657132e-10 
  485       3.122817851626e-10 
  486       3.136480255493e-10 
  487       3.150004621765e-10 
  488       3.163383609141e-10 
  489       3.176609781548e-10 
  490       3.189675607698e-10 
  491       3.202573460650e-10 
  492       3.215295617370e-10 
  493       3.227834258285e-10 
  494       3.240181466850e-10 
  495       3.252329229104e-10 
  496       3.264269433231e-10 
  497       3.275993869115e-10 
  498       3.287494227908e-10 
  499       3.298762101581e-10 
  500       3.309788982490e-10 
  501       3.320566262932e-10 
  502       3.331085234707e-10 
  503       3.341337088674e-10 
  504       3.351312914314e-10 
  505       3.361004996317e-10 
  506       3.370410746311e-10 
  507       3.379528883531e-10 
  508       3.388358148209e-10 
  509       3.396897301739e-10 
  510       3.405145126844e-10 
  511       3.413100427750e-10 
  512       3.420762030350e-10 
  513       3.428128782374e-10 
  514       3.435199553561e-10 
  515       3.441973235821e-10 
  516       3.448448743410e-10 
  517       3.454625013096e-10 
  518       3.460501004329e-10 
  519       3.466075699406e-10 
  520       3.471348103645e-10 
  521       3.476317245551e-10 
  522       3.480982176983e-10 
  523       3.485341973326e-10 
  524       3.489395733659e-10 
  525       3.493142580922e-10 
  526       3.496581662086e-10 
  527       3.499712148321e-10 
  528       3.502533235166e-10 
  529       3.505044142696e-10 
  530       3.507244115693e-10 
  531       3.509132423812e-10 
  532       3.510708361752e-10 
  533       3.511971249424e-10 
  534       3.512920432117e-10 
  535       3.513555280671e-10 
  536       3.513875191646e-10 
  537       3.513879587485e-10 
  538       3.513567916688e-10 
  539       3.512939653979e-10 
  540       3.511994300475e-10 
  541       3.510731383854e-10 
  542       3.509150458524e-10 
  543       3.507251105792e-10 
  544       3.505033536214e-10 
  545       3.502500414015e-10 
  546       3.499655081818e-10 
  547       3.496500963297e-10 
  548       3.493041563586e-10 
  549       3.489280469695e-10 
  550       3.485221350915e-10 
  551       3.480867959241e-10 
  552       3.476224129773e-10 
  553       3.471293781140e-10 
  554       3.466080915902e-10 
  555       3.460589620969e-10 
  556       3.454824068012e-10 
  557       3.448788513875e-10 
  558       3.442487300987e-10 
  559       3.435924857774e-10 
  560       3.429105699074e-10 
  561       3.422034426546e-10 
  562       3.414715729088e-10 
  563       3.407154383240e-10 
  564       3.399355253607e-10 
  565       3.391323293265e-10 
  566       3.383063544174e-10 
  567       3.374581137593e-10 
  568       3.365881294489e-10 
  569       3.356969325955e-10 
  570       3.347850633614e-10 
  571       3.338530710040e-10 
  572       3.329015139165e-10 
  573       3.319309596695e-10 
  574       3.309419850517e-10 
  575       3.299351761119e-10 
  576       3.289111281997e-10 
  577       3.278704460067e-10 
  578       3.268137436083e-10 
  579       3.257416445044e-10 
  580       3.246547816607e-10 
  581       3.235537975502e-10 
  582       3.224393441945e-10 
  583       3.213120566912e-10 
  584       3.201724729878e-10 
  585       3.190211121851e-10 
  586       3.178585009016e-10 
  587       3.166851733050e-10 
  588       3.155016711441e-10 
  589       3.143085437809e-10 
  590       3.131063482223e-10 
  591       3.118956491521e-10 
  592       3.106770189631e-10 
  593       3.094510377884e-10 
  594       3.082182935342e-10 
  595       3.069793819107e-10 
  596       3.057349064649e-10 
  597       3.044854786117e-10 
  598       3.032317176666e-10 
  599       3.019742508769e-10 
  600       3.007137134540e-10 
  601       2.994507486052e-10 
  602       2.981860075656e-10 
  603       2.969201496300e-10 
  604       2.956538421847e-10 
  605       2.943877607396e-10 
  606       2.931225889600e-10 
  607       2.918590186984e-10 
  608       2.905977500266e-10 
  609       2.893394912673e-10 
  610       2.880849590265e-10 
  611       2.868348782249e-10 
  612       2.855899821300e-10 
  613       2.843510123880e-10 
  614       2.831187190557e-10 
  615       2.818938606325e-10 
  616       2.806772040920e-10 
  617       2.794695249142e-10 
  618       2.782716071173e-10 
  619       2.770842432897e-10 
  620       2.759082346215e-10 
  621       2.747443909370e-10 
  622       2.735934487702e-10 
  623       2.724558234216e-10 
  624       2.713318511564e-10 
  625       2.702218706410e-10 
  626       2.691262229501e-10 
  627       2.680452515725e-10 
  628       2.669793024182e-10 
  629       2.659287238246e-10 
  630       2.648938665630e-10 
  631       2.638750838454e-10 
  632       2.628727313306e-10 
  633       2.618871671312e-10 
  634       2.609187518197e-10 
  635       2.599678484354e-10 
  636       2.590348224906e-10 
  637       2.581200419772e-10 
  638       2.572238773734e-10 
  639       2.563467016499e-10 
  640       2.554888902767e-10 
  641       2.546508212296e-10 
  642       2.538328749966e-10 
  643       2.530354345844e-10 
  644       2.522588855251e-10 
  645       2.515036158824e-10 
  646       2.507700162586e-10 
  647       2.500584798007e-10 
  648       2.493694022070e-10 
  649       2.487031817338e-10 
  650       2.480602192019e-10 
  651       2.474409180028e-10 
  652       2.468456841056e-10 
  653       2.462749260633e-10 
  654       2.457290550195e-10 
  655       2.452084847147e-10 
  656       2.447136314931e-10 
  657       2.442449143086e-10 
  658       2.438027547320e-10 
  659       2.433875769572e-10 
  660       2.429998078075e-10 
  661       2.426397951897e-10 
  662       2.423075614683e-10 
  663       2.420030446655e-10 
  664       2.417261795058e-10 
  665       2.414768973999e-10 
  666       2.412551264294e-10 
  667       2.410607913303e-10 
  668       2.408938134776e-10 
  669       2.407541108695e-10 
  670       2.406415981111e-10 
  671       2.405561863990e-10 
  672       2.404977835052e-10 
  673       2.404662937616e-10 
  674       2.404616180436e-10 
  675       2.404836537548e-10 
  676       2.405322948107e-10 
  677       2.406074316234e-10 
  678       2.407089510850e-10 
  679       2.408367365525e-10 
  680       2.409906678317e-10 
  681       2.411706211611e-10 
  682       2.413764691962e-10 
  683       2.416080809941e-10 
  684       2.418653219968e-10 
  685       2.421480540162e-10 
  686       2.424561352177e-10 
  687       2.427894201045e-10 
  688       2.431477595018e-10 
  689       2.435310005412e-10 
  690       2.439389866442e-10 
  691       2.443715575071e-10 
  692       2.448285490848e-10 
  693       2.453097935746e-10 
  694       2.458151194012e-10 
  695       2.463443512000e-10 
  696       2.468973098021e-10 
  697       2.474738122174e-10 
  698       2.480736716199e-10 
  699       2.486966973310e-10 
  700       2.493426625545e-10 
  701       2.500112068744e-10 
  702       2.507019316951e-10 
  703       2.514144322824e-10 
  704       2.521482977404e-10 
  705       2.529031109879e-10 
  706       2.536784487340e-10 
  707       2.544738814551e-10 
  708       2.552889733705e-10 
  709       2.561232824193e-10 
  710       2.569763602363e-10 
  711       2.578477521283e-10 
  712       2.587369970503e-10 
  713       2.596436275822e-10 
  714       2.605671699044e-10 
  715       2.615071437747e-10 
  716       2.624630625040e-10 
  717       2.634344329333e-10 
  718       2.644207554091e-10 
  719       2.654215237603e-10 
  720       2.664362252742e-10 
  721       2.674643406729e-10 
  722       2.685053440896e-10 
  723       2.695587030444e-10 
  724       2.706238784215e-10 
  725       2.717003244444e-10 
  726       2.727874886529e-10 
  727       2.738848118794e-10 
  728       2.749917282244e-10 
  729       2.761076650337e-10 
  730       2.772320428742e-10 
  731       2.783642755101e-10 
  732       2.795037698794e-10 
  733       2.806499260700e-10 
  734       2.818021372961e-10 
  735       2.829597898744e-10 
  736       2.841222632004e-10 
  737       2.852889297246e-10 
  738       2.864591549288e-10 
  739       2.876323284196e-10 
  740       2.888079579296e-10 
  741       2.899855771248e-10 
  742       2.911647146379e-10 
  743       2.923448940521e-10 
  744       2.935256338836e-10 
  745       2.947064475652e-10 
  746       2.958868434292e-10 
  747       2.970663246903e-10 
  748       2.982443894290e-10 
  749       2.994205305746e-10 
  750       3.005942358882e-10 
  751       3.017649879460e-10 
  752       3.029322641221e-10 
  753       3.040955365718e-10 
  754       3.052542722148e-10 
  755       3.064079327181e-10 
  756       3.075559744791e-10 
  757       3.086978486088e-10 
  758       3.098330009148e-10 
  759       3.109608718846e-10 
  760       3.120808966683e-10 
  761       3.131925050622e-10 
  762       3.142951214916e-10 
  763       3.153881649938e-10 
  764       3.164710492014e-10 
  765       3.175431823255e-10 
  766       3.186039671383e-10 
  767       3.196528009570e-10 
  768       3.206890756259e-10 
  769       3.217121775004e-10 
  770       3.227214874297e-10 
  771       3.237163807397e-10 
  772       3.246962272166e-10 
  773       3.256603910894e-10 
  774       3.266082310137e-10 
  775       3.275391000541e-10 
  776       3.284523456676e-10 
  777       3.293473096871e-10 
  778       3.302233992780e-10 
  779       3.310803013048e-10 
  780       3.319177719514e-10 
  781       3.327355661082e-10 
  782       3.335334373693e-10 
  783       3.343111380293e-10 
  784       3.350684190808e-10 
  785       3.358050302117e-10 
  786       3.365207198017e-10 
  787       3.372152349202e-10 
  788       3.378883213229e-10 
  789       3.385397234493e-10 
  790       3.391691844195e-10 
  791       3.397764460319e-10 
  792       3.403612487596e-10 
  793       3.409233317482e-10 
  794       3.414624328128e-10 
  795       3.419782884348e-10 
  796       3.424706337596e-10 
  797       3.429392025931e-10 
  798       3.433837273995e-10 
  799       3.438039392981e-10 
  800       3.441995680605e-10 
  801       3.445703421077e-10 
  802       3.449159885074e-10 
  803       3.452362329710e-10 
  804       3.455307998509e-10 
  805       3.457994121374e-10 
  806       3.460417914562e-10 
  807       3.462576580653e-10 
  808       3.464467308522e-10 
  809       3.466087273309e-10 
  810       3.467433636396e-10 
  811       3.468503545371e-10 
  812       3.469294134006e-10 
  813       3.469802522223e-10 
  814       3.470025816071e-10 
  815       3.469961107691e-10 
  816       3.469605475296e-10 
  817       3.468956651412e-10 
  818       3.468015040784e-10 
  819       3.466781738461e-10 
  820       3.465257864875e-10 
  821       3.463444565934e-10 
  822       3.461343013112e-10 
  823       3.458954403542e-10 
  824       3.456279960106e-10 
  825       3.453320931528e-10 
  826       3.450078592463e-10 
  827       3.446554243592e-10 
  828       3.442749211709e-10 
  829       3.438664849819e-10 
  830       3.434302537222e-10 
  831       3.429663679610e-10 
  832       3.424749709156e-10 
  833       3.419562084606e-10 
  834       3.414102291372e-10 
  835       3.408371841620e-10 
  836       3.402372274365e-10 
  837       3.396105155561e-10 
  838       3.389572078192e-10 
  839       3.382774662365e-10 
  840       3.375714555400e-10 
  841       3.368393431923e-10 
  842       3.360812993954e-10 
  843       3.352974971005e-10 
  844       3.344881120164e-10 
  845       3.336533226193e-10 
  846       3.327933101615e-10 
  847       3.319082586807e-10 
  848       3.309983550093e-10 
  849       3.300637887832e-10 
  850       3.291047524514e-10 
  851       3.281214412847e-10 
  852       3.271140533852e-10 
  853       3.260827896953e-10 
  854       3.250278540068e-10 
  855       3.239494529701e-10 
  856       3.228478222042e-10 
  857       3.217233050962e-10 
  858       3.205762753635e-10 
  859       3.194071110883e-10 
  860       3.182161947310e-10 
  861       3.170039131438e-10 
  862       3.157706575836e-10 
  863       3.145168237262e-10 
  864       3.132428116788e-10 
  865       3.119490259943e-10 
  866       3.106358756841e-10 
  867       3.093037742318e-10 
  868       3.079531396066e-10 
  869       3.065843942767e-10 
  870       3.051979652225e-10 
  871       3.037942839505e-10 
  872       3.023737865062e-10 
  873       3.009369134879e-10 
  874       2.994841100600e-10 
  875       2.980158259663e-10 
  876       2.965325155435e-10 
  877       2.950346377347e-10 
  878       2.935226561027e-10 
  879       2.919970388437e-10 
  880       2.904582588001e-10 
  881       2.889067934746e-10 
  882       2.873431250432e-10 
  883       2.857677403689e-10 
  884       2.841811310149e-10 
  885       2.825837932580e-10 
  886       2.809762281021e-10 
  887       2.793589412919e-10 
  888       2.777324433257e-10 
  889       2.760972494694e-10 
  890       2.744538797696e-10 
  891       2.728028590671e-10 
  892       2.711447170105e-10 
  893       2.694799880691e-10 
  894       2.678092115470e-10 
  895       2.661329071111e-10 
  896       2.644515009125e-10 
  897       2.627653982869e-10 
  898       2.610750081395e-10 
  899       2.593807429554e-10 
  900       2.576830188090e-10 
  901       2.559822553738e-10 
  902       2.542788759323e-10 
  903       2.525733073855e-10 
  904       2.508659802628e-10 
  905       2.491573287318e-10 
  906       2.474477906081e-10 
  907       2.457378073646e-10 
  908       2.440278241421e-10 
  909       2.423182897583e-10 
  910       2.406096567177e-10 
  911       2.389023812218e-10 
  912       2.371969231784e-10 
  913       2.354937462114e-10 
  914       2.337933176707e-10 
  915       2.320961086419e-10 
  916       2.304025939562e-10 
  917       2.287132521999e-10 
  918       2.270285657242e-10 
  919       2.253490206551e-10 
  920       2.236751069031e-10 
  921       2.220073181729e-10 
  922       2.203461519732e-10 
  923       2.186921096265e-10 
  924       2.170456962787e-10 
  925       2.154074209091e-10 
  926       2.137777963399e-10 
  927       2.121573392461e-10 
  928       2.105465701652e-10 
  929       2.089460135071e-10 
  930       2.073561975635e-10 
  931       2.057776545182e-10 
  932       2.042109204563e-10 
  933       2.026565353743e-10 
  934       2.011149873021e-10 
  935       1.995865436928e-10 
  936       1.980714174160e-10 
  937       1.965698224088e-10 
  938       1.950819736776e-10 
  939       1.936080873007e-10 
  940       1.921483804298e-10 
  941       1.907030712922e-10 
  942       1.892723791934e-10 
  943       1.878565245182e-10 
  944       1.864557287339e-10 
  945       1.850702143914e-10 
  946       1.837002051278e-10 
  947       1.823459256686e-10 
  948       1.810076018292e-10 
  949       1.796854605175e-10 
  950       1.783797297358e-10 
  951       1.770906385828e-10 
  952       1.758184172557e-10 
  953       1.745632970525e-10 
  954       1.733255103738e-10 
  955       1.721052907249e-10 
  956       1.709028727180e-10 
  957       1.697184920744e-10 
  958       1.685523856261e-10 
  959       1.674047913183e-10 
  960       1.662759482115e-10 
  961       1.651660964832e-10 
  962       1.640754774303e-10 
  963       1.630043334712e-10 
  964       1.619529081475e-10 
  965       1.609214461266e-10 
  966       1.599101932033e-10 
  967       1.589193963023e-10 
  968       1.579493034797e-10 
  969       1.570001639259e-10 
  970       1.560722279669e-10 
  971       1.551657470668e-10 
  972       1.542809738296e-10 
  973       1.534181086480e-10 
  974       1.525771387663e-10 
  975       1.517579968057e-10 
  976       1.509606138943e-10 
  977       1.501849196623e-10 
  978       1.494308422374e-10 
  979       1.486983082404e-10 
  980       1.479872427797e-10 
  981       1.472975694478e-10 
  982       1.466292103155e-10 
  983       1.459820859278e-10 
  984       1.453561152994e-10 
  985       1.447512159095e-10 
  986       1.441673036973e-10 
  987       1.436042930577e-10 
  988       1.430620968359e-10 
  989       1.425406263235e-10 
  990       1.420397912532e-10 
  991       1.415594997945e-10 
  992       1.410996585488e-10 
  993       1.406601725450e-10 
  994       1.402409452343e-10 
  995       1.398418784860e-10 
  996       1.394628725829e-10 
  997       1.391038262161e-10 
  998       1.387646364806e-10 
  999       1.384451988708e-10 
 1000       1.381454072756e-10 
 1001       1.378651539737e-10 
 1002       1.376043296290e-10 
 1003       1.373628232860e-10 
 1004       1.371405223650e-10 
 1005       1.369373126574e-10 
 1006       1.367530783210e-10 
 1007       1.365877018756e-10 
 1008       1.364410641979e-10 
 1009       1.363130445173e-10 
 1010       1.362035204105e-10 
 1011       1.361123677978e-10 
 1012       1.360394383800e-10 
 1013       1.359844916053e-10 
 1014       1.359472617112e-10 
 1015       1.359274801863e-10 
 1016       1.359248757622e-10 
 1017       1.359391744070e-10 
 1018       1.359700993173e-10 
 1019       1.360173709112e-10 
 1020       1.360807068211e-10 
 1021       1.361598218859e-10 
 1022       1.362544281444e-10 
 1023       1.363642348272e-10 
 1024       1.364889483499e-10 
 1025       1.366282723057e-10 
 1026       1.367819074579e-10 
 1027       1.369495517328e-10 
 1028       1.371309002122e-10 
 1029       1.373256451261e-10 
 1030       1.375334758456e-10 
 1031       1.377540788752e-10 
 1032       1.379871378458e-10 
 1033       1.382323335073e-10 
 1034       1.384893437212e-10 
 1035       1.387578434533e-10 
 1036       1.390375047666e-10 
 1037       1.393279968134e-10 
 1038       1.396289858289e-10 
 1039       1.399401351228e-10 
 1040       1.402611050728e-10 
 1041       1.405915531172e-10 
 1042       1.409311337470e-10 
 1043       1.412794984992e-10 
 1044       1.416362959491e-10 
 1045       1.420011717034e-10 
 1046       1.423737683923e-10 
 1047       1.427537256626e-10 
 1048       1.431406801703e-10 
 1049       1.435342655732e-10 
 1050       1.439341125237e-10 
 1051       1.443398641592e-10 
 1052       1.447512228244e-10 
 1053       1.451679039842e-10 
 1054       1.455896207789e-10 
 1055       1.460160840182e-10 
 1056       1.464470021764e-10 
 1057       1.468820813861e-10 
 1058       1.473210254325e-10 
 1059       1.477635357484e-10 
 1060       1.482093114080e-10 
 1061       1.486580491213e-10 
 1062       1.491094432288e-10 
 1063       1.495631856956e-10 
 1064       1.500189661057e-10 
 1065       1.504764716566e-10 
 1066       1.509353871536e-10 
 1067       1.513953950039e-10 
 1068       1.518561752114e-10 
 1069       1.523174053705e-10 
 1070       1.527787606612e-10 
 1071       1.532399138426e-10 
 1072       1.537005352482e-10 
 1073       1.541602927793e-10 
 1074       1.546188519002e-10 
 1075       1.550758756320e-10 
 1076       1.555310245472e-10 
 1077       1.559839567640e-10 
 1078       1.564343279407e-10 
 1079       1.568817912700e-10 
 1080       1.573259974736e-10 
 1081       1.577665947961e-10 
 1082       1.582032289998e-10 
 1083       1.586355433588e-10 
 1084       1.590631786535e-10 
 1085       1.594857731649e-10 
 1086       1.599029626690e-10 
 1087       1.603143804310e-10 
 1088       1.607196572000e-10 
 1089       1.611184212031e-10 
 1090       1.615103376119e-10 
 1091       1.618952275335e-10 
 1092       1.622729506033e-10 
 1093       1.626433656561e-10 
 1094       1.630063307243e-10 
 1095       1.633617030365e-10 
 1096       1.637093390154e-10 
 1097       1.640490942765e-10 
 1098       1.643808236263e-10 
 1099       1.647043810608e-10 
 1100       1.650196197636e-10 
 1101       1.653263921044e-10 
 1102       1.656245496372e-10 
 1103       1.659139430991e-10 
 1104       1.661944224079e-10 
 1105       1.664658366610e-10 
 1106       1.667280341338e-10 
 1107       1.669808622776e-10 
 1108       1.672241677181e-10 
 1109       1.674577962541e-10 
 1110       1.676815928555e-10 
 1111       1.678954016615e-10 
 1112       1.680990659795e-10 
 1113       1.682924282829e-10 
 1114       1.684753302095e-10 
 1115       1.686476125604e-10 
 1116       1.688091152977e-10 
 1117       1.689596775430e-10 
 1118       1.690991375761e-10 
 1119       1.692273328328e-10 
 1120       1.693440999037e-10 
 1121       1.694492745323e-10 
 1122       1.695426916134e-10 
 1123       1.696241851915e-10 
 1124       1.696935884591e-10 
 1125       1.697507337551e-10 
 1126       1.697954525628e-10 
 1127       1.698275755090e-10 
 1128       1.698469323614e-10 
 1129       1.698533903433e-10 
 1130       1.698469696202e-10 
 1131       1.698277293048e-10 
 1132       1.697957292782e-10 
 1133       1.697510301924e-10 
 1134       1.696936934722e-10 
 1135       1.696237813168e-10 
 1136       1.695413567023e-10 
 1137       1.694464833832e-10 
 1138       1.693392258944e-10 
 1139       1.692196495534e-10 
 1140       1.690878204620e-10 
 1141       1.689438055084e-10 
 1142       1.687876723691e-10 
 1143       1.686194895109e-10 
 1144       1.684393261925e-10 
 1145       1.682472524671e-10 
 1146       1.680433391838e-10 
 1147       1.678276579898e-10 
 1148       1.676002813321e-10 
 1149       1.673612824600e-10 
 1150       1.671107354264e-10 
 1151       1.668487150901e-10 
 1152       1.665752971176e-10 
 1153       1.662905579853e-10 
 1154       1.659945749812e-10 
 1155       1.656874262069e-10 
 1156       1.653691905796e-10 
 1157       1.650399478340e-10 
 1158       1.646997785243e-10 
 1159       1.643487640261e-10 
 1160       1.639869865385e-10 
 1161       1.636145290857e-10 
 1162       1.632314755193e-10 
 1163       1.628379105201e-10 
 1164       1.624339196000e-10 
 1165       1.620195891042e-10 
 1166       1.615950062128e-10 
 1167       1.611602589429e-10 
 1168       1.607154528292e-10 
 1169       1.602607611900e-10 
 1170       1.597963754939e-10 
 1171       1.593224887418e-10 
 1172       1.588392954704e-10 
 1173       1.583469917553e-10 
 1174       1.578457752148e-10 
 1175       1.573358450131e-10 
 1176       1.568174018637e-10 
 1177       1.562906480329e-10 
 1178       1.557557873433e-10 
 1179       1.552130251769e-10 
 1180       1.546625684788e-10 
 1181       1.541046257606e-10 
 1182       1.535394071036e-10 
 1183       1.529671241624e-10 
 1184       1.523879901684e-10 
 1185       1.518022199328e-10 
 1186       1.512100298507e-10 
 1187       1.506116379038e-10 
 1188       1.500072636642e-10 
 1189       1.493971282979e-10 
 1190       1.487814545677e-10 
 1191       1.481604668374e-10 
 1192       1.475343910746e-10 
 1193       1.469034548542e-10 
 1194       1.462678873620e-10 
 1195       1.456279193981e-10 
 1196       1.449837833802e-10 
 1197       1.443357133470e-10 
 1198       1.436839449618e-10 
 1199       1.430287155157e-10 
 1200       1.423702639311e-10 
 1201       1.417088307651e-10 
 1202       1.410446582131e-10 
 1203       1.403779901119e-10 
 1204       1.397090719433e-10 
 1205       1.390381508374e-10 
 1206       1.383654755762e-10 
 1207       1.376912863253e-10 
 1208       1.370157836864e-10 
 1209       1.363391592769e-10 
 1210       1.356616059699e-10 
 1211       1.349833178969e-10 
 1212       1.343044904502e-10 
 1213       1.336253202859e-10 
 1214       1.329460053258e-10 
 1215       1.322667447607e-10 
 1216       1.315877390522e-10 
 1217       1.309091899360e-10 
 1218       1.302313004241e-10 
 1219       1.295542748072e-10 
 1220       1.288783186577e-10 
 1221       1.282036388319e-10 
 1222       1.275304434729e-10 
 1223       1.268589420128e-10 
 1224       1.261893451756e-10 
 1225       1.255218649795e-10 
 1226       1.248567147397e-10 
 1227       1.241941090708e-10 
 1228       1.235342638895e-10 
 1229       1.228773964170e-10 
 1230       1.222237251818e-10 
 1231       1.215734700221e-10 
 1232       1.209268520883e-10 
 1233       1.202840938459e-10 
 1234       1.196454190776e-10 
 1235       1.190110528864e-10 
 1236       1.183812216975e-10 
 1237       1.177561532618e-10 
 1238       1.171360766574e-10 
 1239       1.165212222930e-10 
 1240       1.159118219101e-10 
 1241       1.153081085855e-10 
 1242       1.147103167343e-10 
 1243       1.141186821120e-10 
 1244       1.135334418171e-10 
 1245       1.129548342940e-10 
 1246       1.123830723749e-10 
 1247       1.118182620542e-10 
 1248       1.112604827664e-10 
 1249       1.107098142603e-10 
 1250       1.101663365997e-10 
 1251       1.096301301639e-10 
 1252       1.091012756481e-10 
 1253       1.085798540638e-10 
 1254       1.080659467396e-10 
 1255       1.075596353214e-10 
 1256       1.070610017729e-10 
 1257       1.065701283762e-10 
 1258       1.060870977323e-10 
 1259       1.056119927616e-10 
 1260       1.051448967042e-10 
 1261       1.046858931205e-10 
 1262       1.042350658918e-10 
 1263       1.037924992205e-10 
 1264       1.033582776311e-10 
 1265       1.029324859701e-10 
 1266       1.025152094068e-10 
 1267       1.021065334337e-10 
 1268       1.017065438671e-10 
 1269       1.013153268474e-10 
 1270       1.009329688399e-10 
 1271       1.005595566350e-10 
 1272       1.001951773485e-10 
 1273       9.983991842267e-11 
 1274       9.949386762638e-11 
 1275       9.915711305554e-11 
 1276       9.882974313371e-11 
 1277       9.851184661257e-11 
 1278       9.820351257238e-11 
 1279       9.790483042247e-11 
 1280       9.761588990176e-11 
 1281       9.733678107919e-11 
 1282       9.706759435427e-11 
 1283       9.680842045752e-11 
 1284       9.655935045097e-11 
 1285       9.632044991981e-11 
 1286       9.609168122485e-11 
 1287       9.587298036646e-11 
 1288       9.566428271178e-11 
 1289       9.546552299334e-11 
 1290       9.527663530764e-11 
 1291       9.509755311382e-11 
 1292       9.492820923223e-11 
 1293       9.476853584307e-11 
 1294       9.461846448496e-11 
 1295       9.447792605361e-11 
 1296       9.434685080039e-11 
 1297       9.422516833096e-11 
 1298       9.411280760390e-11 
 1299       9.400969692927e-11 
 1300       9.391576396728e-11 
 1301       9.383093572687e-11 
 1302       9.375513856434e-11 
 1303       9.368829818194e-11 
 1304       9.363033962653e-11 
 1305       9.358118728812e-11 
 1306       9.354076489855e-11 
 1307       9.350899553008e-11 
 1308       9.348580159398e-11 
 1309       9.347110483918e-11 
 1310       9.346482635086e-11 
 1311       9.346688654907e-11 
 1312       9.347720518733e-11 
 1313       9.349570135128e-11 
 1314       9.352229345724e-11 
 1315       9.355689925086e-11 
 1316       9.359943580574e-11 
 1317       9.364981952200e-11 
 1318       9.370796612493e-11 
 1319       9.377379066360e-11 
 1320       9.384720750946e-11 
 1321       9.392813035494e-11 
 1322       9.401647221212e-11 
 1323       9.411214541125e-11 
 1324       9.421505128172e-11 
 1325       9.432504907263e-11 
 1326       9.444198668622e-11 
 1327       9.456571096234e-11 
 1328       9.469606767637e-11 
 1329       9.483290153716e-11 
 1330       9.497605618489e-11 
 1331       9.512537418901e-11 
 1332       9.528069704612e-11 
 1333       9.544186517791e-11 
 1334       9.560871792905e-11 
 1335       9.578109356508e-11 
 1336       9.595882927034e-11 
 1337       9.614176114589e-11 
 1338       9.632972420736e-11 
 1339       9.652255238295e-11 
 1340       9.672007851122e-11 
 1341       9.692213433912e-11 
 1342       9.712855051979e-11 
 1343       9.733915661053e-11 
 1344       9.755378107071e-11 
 1345       9.777225125963e-11 
 1346       9.799439343447e-11 
 1347       9.822003274818e-11 
 1348       9.844899324739e-11 
 1349       9.868109787032e-11 
 1350       9.891616844468e-11 
 1351       9.915402568558e-11 
 1352       9.939448919344e-11 
 1353       9.963737745190e-11 
 1354       9.988250782572e-11 
 1355       1.001296965587e-10 
 1356       1.003787587715e-10 
 1357       1.006295084598e-10 
 1358       1.008817584918e-10 
 1359       1.011353206066e-10 
 1360       1.013900054117e-10 
 1361       1.016456223811e-10 
 1362       1.019019798532e-10 
 1363       1.021588937159e-10 
 1364       1.024162135685e-10 
 1365       1.026737968361e-10 
 1366       1.029315001067e-10 
 1367       1.031891791295e-10 
 1368       1.034466888132e-10 
 1369       1.037038832249e-10 
 1370       1.039606155880e-10 
 1371       1.042167382811e-10 
 1372       1.044721028365e-10 
 1373       1.047265599382e-10 
 1374       1.049799594210e-10 
 1375       1.052321502682e-10 
 1376       1.054829806110e-10 
 1377       1.057322977261e-10 
 1378       1.059799480348e-10 
 1379       1.062257771009e-10 
 1380       1.064696296299e-10 
 1381       1.067113494667e-10 
 1382       1.069507795945e-10 
 1383       1.071877621333e-10 
 1384       1.074221383381e-10 
 1385       1.076537485976e-10 
 1386       1.078824324326e-10 
 1387       1.081080284944e-10 
 1388       1.083303745632e-10 
 1389       1.085493075471e-10 
 1390       1.087646634797e-10 
 1391       1.089762775192e-10 
 1392       1.091839839468e-10 
 1393       1.093876161649e-10 
 1394       1.095870066959e-10 
 1395       1.097819871802e-10 
 1396       1.099723883753e-10 
 1397       1.101580401537e-10 
 1398       1.103387715018e-10 
 1399       1.105144105180e-10 
 1400       1.106847844113e-10 
 1401       1.108497195000e-10 
 1402       1.110090613600e-10 
 1403       1.111627355038e-10 
 1404       1.113106873318e-10 
 1405       1.114528620387e-10 
 1406       1.115892046135e-10 
 1407       1.117196598393e-10 
 1408       1.118441722928e-10 
 1409       1.119626863440e-10 
 1410       1.120751461560e-10 
 1411       1.121814956847e-10 
 1412       1.122816786784e-10 
 1413       1.123756386776e-10 
 1414       1.124633190146e-10 
 1415       1.125446628133e-10 
 1416       1.126196129888e-10 
 1417       1.126881122471e-10 
 1418       1.127501030849e-10 
 1419       1.128055277893e-10 
 1420       1.128543284372e-10 
 1421       1.128964468955e-10 
 1422       1.129318248203e-10 
 1423       1.129604036570e-10 
 1424       1.129821246398e-10 
 1425       1.129969287912e-10 
 1426       1.130047569221e-10 
 1427       1.130055496314e-10 
 1428       1.129992473055e-10 
 1429       1.129857901180e-10 
 1430       1.129651180296e-10 
 1431       1.129371707877e-10 
 1432       1.129018879262e-10 
 1433       1.128592087649e-10 
 1434       1.128090724095e-10 
 1435       1.127514177513e-10 
 1436       1.126861834664e-10 
 1437       1.126133080162e-10 
 1438       1.125327296466e-10 
 1439       1.124443863875e-10 
 1440       1.123482160531e-10 
 1441       1.122441751820e-10 
 1442       1.121322960703e-10 
 1443       1.120126303169e-10 
 1444       1.118852299358e-10 
 1445       1.117501473572e-10 
 1446       1.116074354279e-10 
 1447       1.114571474124e-10 
 1448       1.112993369937e-10 
 1449       1.111340582738e-10 
 1450       1.109613657748e-10 
 1451       1.107813144393e-10 
 1452       1.105939596318e-10 
 1453       1.103993571388e-10 
 1454       1.101975631703e-10 
 1455       1.099886343599e-10 
 1456       1.097726277661e-10 
 1457       1.095496008728e-10 
 1458       1.093196115902e-10 
 1459       1.090827182557e-10 
 1460       1.088389796344e-10 
 1461       1.085884549202e-10 
 1462       1.083312037365e-10 
 1463       1.080672861368e-10 
 1464       1.077967626056e-10 
 1465       1.075196940595e-10 
 1466       1.072361418476e-10 
 1467       1.069461677522e-10 
 1468       1.066498339901e-10 
 1469       1.063472032129e-10 
 1470       1.060383385082e-10 
 1471       1.057233033999e-10 
 1472       1.054021618494e-10 
 1473       1.050749782564e-10 
 1474       1.047418174594e-10 
 1475       1.044027447365e-10 
 1476       1.040578258067e-10 
 1477       1.037071268300e-10 
 1478       1.033507144086e-10 
 1479       1.029886555877e-10 
 1480       1.026210255417e-10 
 1481       1.022479307145e-10 
 1482       1.018694859097e-10 
 1483       1.014858066268e-10 
 1484       1.010970090622e-10 
 1485       1.007032101110e-10 
 1486       1.003045273675e-10 
 1487       9.990107912703e-11 
 1488       9.949298438675e-11 
 1489       9.908036284707e-11 
 1490       9.866333491279e-11 
 1491       9.824202169431e-11 
 1492       9.781654500887e-11 
 1493       9.738702738174e-11 
 1494       9.695359204744e-11 
 1495       9.651636295095e-11 
 1496       9.607546474892e-11 
 1497       9.563102281088e-11 
 1498       9.518316322047e-11 
 1499       9.473201277663e-11 
 1500       9.427769899480e-11 
 1501       9.382035010818e-11 
 1502       9.336009506890e-11 
 1503       9.289706354924e-11 
 1504       9.243138594285e-11 
 1505       9.196319336595e-11 
 1506       9.149261765857e-11 
 1507       9.101979138573e-11 
 1508       9.054484783864e-11 
 1509       9.006792103598e-11 
 1510       8.958914572503e-11 
 1511       8.910865738293e-11 
 1512       8.862659221789e-11 
 1513       8.814308717038e-11 
 1514       8.765827991435e-11 
 1515       8.717230885846e-11 
 1516       8.668531314727e-11 
 1517       8.619743266245e-11 
 1518       8.570880802402e-11 
 1519       8.521957468340e-11 
 1520       8.472984513801e-11 
 1521       8.423972654786e-11 
 1522       8.374932662898e-11 
 1523       8.325875365438e-11 
 1524       8.276811645494e-11 
 1525       8.227752442027e-11 
 1526       8.178708749968e-11 
 1527       8.129691620305e-11 
 1528       8.080712160174e-11 
 1529       8.031781532950e-11 
 1530       7.982910958337e-11 
 1531       7.934111712457e-11 
 1532       7.885395127943e-11 
 1533       7.836772594029e-11 
 1534       7.788255556640e-11 
 1535       7.739855518481e-11 
 1536       7.691584039130e-11 
 1537       7.643452735127e-11 
 1538       7.595473280064e-11 
 1539       7.547657404678e-11 
 1540       7.500016896938e-11 
 1541       7.452563602138e-11 
 1542       7.405309422988e-11 
 1543       7.358266319699e-11 
 1544       7.311446310083e-11 
 1545       7.264861469634e-11 
 1546       7.218523931624e-11 
 1547       7.172445887192e-11 
 1548       7.126639585435e-11 
 1549       7.081117333498e-11 
 1550       7.035891496662e-11 
 1551       6.990974498441e-11 
 1552       6.946378820664e-11 
 1553       6.902117003574e-11 
 1554       6.858201645911e-11 
 1555       6.814645405007e-11 
 1556       6.771460996876e-11 
 1557       6.728661196303e-11 
 1558       6.686257421185e-11 
 1559       6.644255470830e-11 
 1560       6.602659747826e-11 
 1561       6.561474670177e-11 
 1562       6.520704671327e-11 
 1563       6.480354200180e-11 
 1564       6.440427721119e-11 
 1565       6.400929714028e-11 
 1566       6.361864674309e-11 
 1567       6.323237112910e-11 
 1568       6.285051556337e-11 
 1569       6.247312546681e-11 
 1570       6.210024641633e-11 
 1571       6.173192414511e-11 
 1572       6.136820454275e-11 
 1573       6.100913365550e-11 
 1574       6.065475768644e-11 
 1575       6.030512299575e-11 
 1576       5.996027610083e-11 
 1577       5.962026367656e-11 
 1578       5.928513255550e-11 
 1579       5.895492972808e-11 
 1580       5.862970234281e-11 
 1581       5.830949770649e-11 
 1582       5.799436328440e-11 
 1583       5.768434670055e-11 
 1584       5.737949573781e-11 
 1585       5.707985833820e-11 
 1586       5.678548260302e-11 
 1587       5.649641679312e-11 
 1588       5.621270932903e-11 
 1589       5.593440879127e-11 
 1590       5.566156392043e-11 
 1591       5.539422361749e-11 
 1592       5.513243694395e-11 
 1593       5.487625312206e-11 
 1594       5.462572153504e-11 
 1595       5.438089172726e-11 
 1596       5.414181340447e-11 
 1597       5.390852292214e-11 
 1598       5.368100261491e-11 
 1599       5.345922109500e-11 
 1600       5.324314672982e-11 
 1601       5.303274764154e-11 
 1602       5.282799170663e-11 
 1603       5.262884655547e-11 
 1604       5.243527957190e-11 
 1605       5.224725789278e-11 
 1606       5.206474840758e-11 
 1607       5.188771775793e-11 
 1608       5.171613233722e-11 
 1609       5.154995829014e-11 
 1610       5.138916151226e-11 
 1611       5.123370764960e-11 
 1612       5.108356209819e-11 
 1613       5.093869000369e-11 
 1614       5.079905626087e-11 
 1615       5.066462551326e-11 
 1616       5.053536215268e-11 
 1617       5.041123031883e-11 
 1618       5.029219389884e-11 
 1619       5.017821652685e-11 
 1620       5.006926158359e-11 
 1621       4.996529219593e-11 
 1622       4.986627123646e-11 
 1623       4.977216132306e-11 
 1624       4.968292481848e-11 
 1625       4.959852382988e-11 
 1626       4.951892020844e-11 
 1627       4.944407554889e-11 
 1628       4.937395118911e-11 
 1629       4.930850820969e-11 
 1630       4.924770743350e-11 
 1631       4.919150942524e-11 
 1632       4.913987449106e-11 
 1633       4.909276267806e-11 
 1634       4.905013377395e-11 
 1635       4.901194730651e-11 
 1636       4.897815676208e-11 
 1637       4.894869218497e-11 
 1638       4.892347742156e-11 
 1639       4.890243588663e-11 
 1640       4.888549056272e-11 
 1641       4.887256399942e-11 
 1642       4.886357831265e-11 
 1643       4.885845518404e-11 
 1644       4.885711586017e-11 
 1645       4.885948115193e-11 
 1646       4.886547143380e-11 
 1647       4.887500664317e-11 
 1648       4.888800627967e-11 
 1649       4.890438940445e-11 
 1650       4.892407463952e-11 
 1651       4.894698016704e-11 
 1652       4.897302372863e-11 
 1653       4.900212262470e-11 
 1654       4.903419371374e-11 
 1655       4.906915341165e-11 
 1656       4.910691769103e-11 
 1657       4.914740208051e-11 
 1658       4.919052166405e-11 
 1659       4.923619108025e-11 
 1660       4.928432452168e-11 
 1661       4.933483573415e-11 
 1662       4.938763801607e-11 
 1663       4.944264421771e-11 
 1664       4.949976674058e-11 
 1665       4.955891753666e-11 
 1666       4.962000810776e-11 
 1667       4.968294950483e-11 
 1668       4.974765232726e-11 
 1669       4.981402672218e-11 
 1670       4.988198238379e-11 
 1671       4.995142855267e-11 
 1672       5.002227401508e-11 
 1673       5.009442710227e-11 
 1674       5.016779568981e-11 
 1675       5.024229076769e-11 
 1676       5.031783718618e-11 
 1677       5.039436300248e-11 
 1678       5.047179591788e-11 
 1679       5.055006327722e-11 
 1680       5.062909206837e-11 
 1681       5.070880892166e-11 
 1682       5.078914010940e-11 
 1683       5.087001154526e-11 
 1684       5.095134878384e-11 
 1685       5.103307702003e-11 
 1686       5.111512108853e-11 
 1687       5.119740546333e-11 
 1688       5.127985425712e-11 
 1689       5.136239122078e-11 
 1690       5.144493974285e-11 
 1691       5.152742284899e-11 
 1692       5.160976320144e-11 
 1693       5.169188309848e-11 
 1694       5.177370447390e-11 
 1695       5.185514889646e-11 
 1696       5.193613756935e-11 
 1697       5.201659132967e-11 
 1698       5.209643064787e-11 
 1699       5.217557562724e-11 
 1700       5.225394600334e-11 
 1701       5.233146114349e-11 
 1702       5.240804004623e-11 
 1703       5.248360134077e-11 
 1704       5.255806328648e-11 
 1705       5.263134377232e-11 
 1706       5.270336031631e-11 
 1707       5.277403006504e-11 
 1708       5.284326979305e-11 
 1709       5.291099590239e-11 
 1710       5.297712442198e-11 
 1711       5.304157100718e-11 
 1712       5.310425093916e-11 
 1713       5.316507912443e-11 
 1714       5.322397946473e-11 
 1715       5.328091305543e-11 
 1716       5.333585022678e-11 
 1717       5.338876119517e-11 
 1718       5.343961606294e-11 
 1719       5.348838481826e-11 
 1720       5.353503733493e-11 
 1721       5.357954337228e-11 
 1722       5.362187257499e-11 
 1723       5.366199447294e-11 
 1724       5.369987848102e-11 
 1725       5.373549389905e-11 
 1726       5.376880991157e-11 
 1727       5.379979558769e-11 
 1728       5.382841988096e-11 
 1729       5.385465162920e-11 
 1730       5.387845955435e-11 
 1731       5.389981226232e-11 
 1732       5.391867824281e-11 
 1733       5.393502586921e-11 
 1734       5.394882339839e-11 
 1735       5.396003897058e-11 
 1736       5.396864060919e-11 
 1737       5.397459622069e-11 
 1738       5.397787359443e-11 
 1739       5.397844040249e-11 
 1740       5.397626419954e-11 
 1741       5.397131242266e-11 
 1742       5.396355239122e-11 
 1743       5.395295130670e-11 
 1744       5.393947625253e-11 
 1745       5.392309419397e-11 
 1746       5.390377197792e-11 
 1747       5.388147633281e-11 
 1748       5.385617386837e-11 
 1749       5.382783107557e-11 
 1750       5.379641432640e-11 
 1751       5.376188987372e-11 
 1752       5.372422385116e-11 
 1753       5.368339135138e-11 
 1754       5.363940374419e-11 
 1755       5.359228158621e-11 
 1756       5.354204556322e-11 
 1757       5.348871649043e-11 
 1758       5.343231531262e-11 
 1759       5.337286310438e-11 
 1760       5.331038107028e-11 
 1761       5.324489054511e-11 
 1762       5.317641299404e-11 
 1763       5.310497001286e-11 
 1764       5.303058332812e-11 
 1765       5.295327479741e-11 
 1766       5.287306640949e-11 
 1767       5.278998028454e-11 
 1768       5.270403867433e-11 
 1769       5.261526396242e-11 
 1770       5.252367866439e-11 
 1771       5.242930542801e-11 
 1772       5.233216703344e-11 
 1773       5.223228639348e-11 
 1774       5.212968655368e-11 
 1775       5.202439069263e-11 
 1776       5.191642212211e-11 
 1777       5.180580428730e-11 
 1778       5.169256076698e-11 
 1779       5.157671527376e-11 
 1780       5.145829165422e-11 
 1781       5.133731388915e-11 
 1782       5.121380609377e-11 
 1783       5.108779251788e-11 
 1784       5.095929754609e-11 
 1785       5.082834569802e-11 
 1786       5.069496162850e-11 
 1787       5.055917012775e-11 
 1788       5.042099612161e-11 
 1789       5.028046467173e-11 
 1790       5.013760097575e-11 
 1791       4.999243036755e-11 
 1792       4.984498228502e-11 
 1793       4.969530220871e-11 
 1794       4.954343982110e-11 
 1795       4.938944504816e-11 
 1796       4.923336805970e-11 
 1797       4.907525926972e-11 
 1798       4.891516933678e-11 
 1799       4.875314916429e-11 
 1800       4.858924990092e-11 
 1801       4.842352294091e-11 
 1802       4.825601992446e-11 
 1803       4.808679273801e-11 
 1804       4.791589351466e-11 
 1805       4.774337463448e-11 
 1806       4.756928872487e-11 
 1807       4.739368866089e-11 
 1808       4.721662756564e-11 
 1809       4.703815881058e-11 
 1810       4.685833601591e-11 
 1811       4.667721305087e-11 
 1812       4.649484403414e-11 
 1813       4.631128333417e-11 
 1814       4.612658556950e-11 
 1815       4.594080560916e-11 
 1816       4.575399857298e-11 
 1817       4.556621983194e-11 
 1818       4.537752500854e-11 
 1819       4.518796997715e-11 
 1820       4.499761086433e-11 
 1821       4.480650404919e-11 
 1822       4.461470616375e-11 
 1823       4.442227409328e-11 
 1824       4.422926497666e-11 
 1825       4.403573620671e-11 
 1826       4.384174543055e-11 
 1827       4.364735054993e-11 
 1828       4.345260972162e-11 
 1829       4.325758135772e-11 
 1830       4.306232412602e-11 
 1831       4.286689466950e-11 
 1832       4.267134074424e-11 
 1833       4.247570802737e-11 
 1834       4.228004239319e-11 
 1835       4.208438991343e-11 
 1836       4.188879685757e-11 
 1837       4.169330969303e-11 
 1838       4.149797508551e-11 
 1839       4.130283989919e-11 
 1840       4.110795119706e-11 
 1841       4.091335624114e-11 
 1842       4.071910249277e-11 
 1843       4.052523761286e-11 
 1844       4.033180946218e-11 
 1845       4.013886610162e-11 
 1846       3.994645579243e-11 
 1847       3.975462699653e-11 
 1848       3.956342837675e-11 
 1849       3.937290879708e-11 
 1850       3.918311732300e-11 
 1851       3.899410322167e-11 
 1852       3.880591596226e-11 
 1853       3.861860521617e-11 
 1854       3.843222085732e-11 
 1855       3.824681296243e-11 
 1856       3.806243181126e-11 
 1857       3.787912788687e-11 
 1858       3.769695187595e-11 
 1859       3.751595466899e-11 
 1860       3.733618736064e-11 
 1861       3.715770124991e-11 
 1862       3.698054784048e-11 
 1863       3.680477884092e-11 
 1864       3.663044616503e-11 
 1865       3.645760193203e-11 
 1866       3.628629846687e-11 
 1867       3.611658830050e-11 
 1868       3.594852417009e-11 
 1869       3.578215901937e-11 
 1870       3.561753986183e-11 
 1871       3.545468931750e-11 
 1872       3.529362393224e-11 
 1873       3.513436030165e-11 
 1874       3.497691507117e-11 
 1875       3.482130493614e-11 
 1876       3.466754664180e-11 
 1877       3.451565698341e-11 
 1878       3.436565280626e-11 
 1879       3.421755100576e-11 
 1880       3.407136852746e-11 
 1881       3.392712236716e-11 
 1882       3.378482957092e-11 
 1883       3.364450723511e-11 
 1884       3.350617250653e-11 
 1885       3.336984258238e-11 
 1886       3.323553471040e-11 
 1887       3.310326618886e-11 
 1888       3.297305436666e-11 
 1889       3.284491664335e-11 
 1890       3.271887046922e-11 
 1891       3.259493334535e-11 
 1892       3.247312282365e-11 
 1893       3.235345650692e-11 
 1894       3.223595204893e-11 
 1895       3.212062715443e-11 
 1896       3.200749957926e-11 
 1897       3.189658713038e-11 
 1898       3.178790766591e-11 
 1899       3.168147909523e-11 
 1900       3.157731937898e-11 
 1901       3.147544652917e-11 
 1902       3.137587860922e-11 
 1903       3.127863373398e-11 
 1904       3.118373006985e-11 
 1905       3.109118583478e-11 
 1906       3.100101929835e-11 
 1907       3.091324878184e-11 
 1908       3.082789265827e-11 
 1909       3.074496343940e-11 
 1910       3.066444998704e-11 
 1911       3.058633516550e-11 
 1912       3.051060174210e-11 
 1913       3.043723238704e-11 
 1914       3.036620967327e-11 
 1915       3.029751607632e-11 
 1916       3.023113397422e-11 
 1917       3.016704564728e-11 
 1918       3.010523327805e-11 
 1919       3.004567895108e-11 
 1920       2.998836465288e-11 
 1921       2.993327227170e-11 
 1922       2.988038359744e-11 
 1923       2.982968032150e-11 
 1924       2.978114403662e-11 
 1925       2.973475623679e-11 
 1926       2.969049831706e-11 
 1927       2.964835157345e-11 
 1928       2.960829720275e-11 
 1929       2.957031630246e-11 
 1930       2.953438987059e-11 
 1931       2.950049880553e-11 
 1932       2.946862390594e-11 
 1933       2.943874587061e-11 
 1934       2.941084529827e-11 
 1935       2.938490268754e-11 
 1936       2.936089843669e-11 
 1937       2.933881284358e-11 
 1938       2.931862610551e-11 
 1939       2.930031831903e-11 
 1940       2.928386947988e-11 
 1941       2.926925948277e-11 
 1942       2.925646812132e-11 
 1943       2.924547508785e-11 
 1944       2.923625997331e-11 
 1945       2.922880226709e-11 
 1946       2.922308135689e-11 
 1947       2.921907652862e-11 
 1948       2.921676447708e-11 
 1949       2.921611181797e-11 
 1950       2.921708251938e-11 
 1951       2.921964038559e-11 
 1952       2.922374905682e-11 
 1953       2.922937200907e-11 
 1954       2.923647255386e-11 
 1955       2.924501383803e-11 
 1956       2.925495884353e-11 
 1957       2.926627038718e-11 
 1958       2.927891112047e-11 
 1959       2.929284352936e-11 
 1960       2.930802993403e-11 
 1961       2.932443248866e-11 
 1962       2.934201318125e-11 
 1963       2.936073383338e-11 
 1964       2.938055610001e-11 
 1965       2.940144146921e-11 
 1966       2.942335126203e-11 
 1967       2.944624663221e-11 
 1968       2.947008856598e-11 
 1969       2.949483788188e-11 
 1970       2.952045523049e-11 
 1971       2.954690109426e-11 
 1972       2.957413578725e-11 
 1973       2.960211945496e-11 
 1974       2.963081207406e-11 
 1975       2.966017345222e-11 
 1976       2.969016322787e-11 
 1977       2.972074087000e-11 
 1978       2.975186567790e-11 
 1979       2.978349678100e-11 
 1980       2.981559313863e-11 
 1981       2.984811353977e-11 
 1982       2.988101660290e-11 
 1983       2.991426077572e-11 
 1984       2.994780433497e-11 
 1985       2.998160538621e-11 
 1986       3.001562186359e-11 
 1987       3.004981325423e-11 
 1988       3.008414578572e-11 
 1989       3.011858727642e-11 
 1990       3.015310541413e-11 
 1991       3.018766775596e-11 
 1992       3.022224172816e-11 
 1993       3.025679462595e-11 
 1994       3.029129361334e-11 
 1995       3.032570572300e-11 
 1996       3.035999785607e-11 
 1997       3.039413678200e-11 
 1998       3.042808913839e-11 
 1999       3.046182143082e-11 
 2000       3.049530003269e-11 
 2001       3.052849118506e-11 
 2002       3.056136099647e-11 
 2003       3.059387544280e-11 
 2004       3.062600036709e-11 
 2005       3.065770147935e-11 
 2006       3.068894435646e-11 
 2007       3.071969444194e-11 
 2008       3.074991704584e-11 
 2009       3.077957734451e-11 
 2010       3.080864038051e-11 
 2011       3.083707106240e-11 
 2012       3.086483416458e-11 
 2013       3.089189432713e-11 
 2014       3.091821605567e-11 
 2015       3.094376372113e-11 
 2016       3.096850155967e-11 
 2017       3.099239367244e-11 
 2018       3.101540402548e-11 
 2019       3.103749644951e-11 
 2020       3.105863463976e-11 
 2021       3.107878215586e-11 
 2022       3.109790242163e-11 
 2023       3.111595872492e-11 
 2024       3.113291421744e-11 
 2025       3.114873191465e-11 
 2026       3.116337898291e-11 
 2027       3.117683963539e-11 
 2028       3.118910232907e-11 
 2029       3.120015548569e-11 
 2030       3.120998749178e-11 
 2031       3.121858669860e-11 
 2032       3.122594142207e-11 
 2033       3.123203994277e-11 
 2034       3.123687050589e-11 
 2035       3.124042132118e-11 
 2036       3.124268056293e-11 
 2037       3.124363636990e-11 
 2038       3.124327684532e-11 
 2039       3.124159005682e-11 
 2040       3.123856403641e-11 
 2041       3.123418678041e-11 
 2042       3.122844624947e-11 
 2043       3.122133036846e-11 
 2044       3.121282702648e-11 
 2045       3.120292407682e-11 
 2046       3.119160933688e-11 
 2047       3.117887058817e-11 
 2048       3.116469557627e-11 
 2049       3.114907201076e-11 
 2050       3.113198756520e-11 
 2051       3.111342987712e-11 
 2052       3.109338654791e-11 
 2053       3.107184514286e-11 
 2054       3.104879319107e-11 
 2055       3.102421818540e-11 
 2056       3.099810758250e-11 
 2057       3.097044880269e-11 
 2058       3.094122922997e-11 
 2059       3.091043621198e-11 
 2060       3.087805705992e-11 
 2061       3.084407904857e-11 
 2062       3.080848941621e-11 
 2063       3.077127536457e-11 
 2064       3.073242405883e-11 
 2065       3.069192675962e-11 
 2066       3.064979125104e-11 
 2067       3.060602950066e-11 
 2068       3.056065353553e-11 
 2069       3.051367544227e-11 
 2070       3.046510736713e-11 
 2071       3.041496151607e-11 
 2072       3.036325015487e-11 
 2073       3.030998560915e-11 
 2074       3.025518026450e-11 
 2075       3.019884656652e-11 
 2076       3.014099702092e-11 
 2077       3.008164419359e-11 
 2078       3.002080071066e-11 
 2079       2.995847925863e-11 
 2080       2.989469258437e-11 
 2081       2.982945349525e-11 
 2082       2.976277485921e-11 
 2083       2.969466960484e-11 
 2084       2.962515072143e-11 
 2085       2.955423125907e-11 
 2086       2.948192432872e-11 
 2087       2.940824310231e-11 
 2088       2.933320081277e-11 
 2089       2.925681075414e-11 
 2090       2.917908628166e-11 
 2091       2.910004081181e-11 
 2092       2.901968782239e-11 
 2093       2.893804085266e-11 
 2094       2.885511350332e-11 
 2095       2.877091943665e-11 
 2096       2.868547237660e-11 
 2097       2.859878610879e-11 
 2098       2.851087448070e-11 
 2099       2.842175140162e-11 
 2100       2.833143084283e-11 
 2101       2.823992683764e-11 
 2102       2.814725348145e-11 
 2103       2.805342493184e-11 
 2104       2.795845720370e-11 
 2105       2.786237356806e-11 
 2106       2.776519919093e-11 
 2107       2.766695934188e-11 
 2108       2.756767939407e-11 
 2109       2.746738482445e-11 
 2110       2.736610121384e-11 
 2111       2.726385424709e-11 
 2112       2.716066971317e-11 
 2113       2.705657350534e-11 
 2114       2.695159162122e-11 
 2115       2.684575016296e-11 
 2116       2.673907533736e-11 
 2117       2.663159345598e-11 
 2118       2.652333093527e-11 
 2119       2.641431429670e-11 
 2120       2.630457016688e-11 
 2121       2.619412527771e-11 
 2122       2.608300646646e-11 
 2123       2.597124067594e-11 
 2124       2.585885495459e-11 
 2125       2.574587645665e-11 
 2126       2.563233244222e-11 
 2127       2.551825027747e-11 
 2128       2.540365743468e-11 
 2129       2.528858149243e-11 
 2130       2.517305013568e-11 
 2131       2.505709115595e-11 
 2132       2.494073245137e-11 
 2133       2.482400202690e-11 
 2134       2.470692799435e-11 
 2135       2.458953857260e-11 
 2136       2.447186208766e-11 
 2137       2.435392697285e-11 
 2138       2.423576176886e-11 
 2139       2.411739512395e-11 
 2140       2.399885579400e-11 
 2141       2.388017264272e-11 
 2142       2.376137464169e-11 
 2143       2.364248981307e-11 
 2144       2.352354204941e-11 
 2145       2.340455427236e-11 
 2146       2.328554948825e-11 
 2147       2.316655078819e-11 
 2148       2.304758134820e-11 
 2149       2.292866442925e-11 
 2150       2.280982337740e-11 
 2151       2.269108162392e-11 
 2152       2.257246268531e-11 
 2153       2.245399016347e-11 
 2154       2.233568774576e-11 
 2155       2.221757920514e-11 
 2156       2.209968840020e-11 
 2157       2.198203927533e-11 
 2158       2.186465586076e-11 
 2159       2.174756227269e-11 
 2160       2.163078271340e-11 
 2161       2.151434147130e-11 
 2162       2.139826292108e-11 
 2163       2.128257152377e-11 
 2164       2.116729182688e-11 
 2165       2.105244846443e-11 
 2166       2.093806615712e-11 
 2167       2.082416971240e-11 
 2168       2.071078402455e-11 
 2169       2.059793407480e-11 
 2170       2.048564493142e-11 
 2171       2.037394174983e-11 
 2172       2.026284977268e-11 
 2173       2.015239432995e-11 
 2174       2.004260083906e-11 
 2175       1.993349480498e-11 
 2176       1.982510182029e-11 
 2177       1.971744756530e-11 
 2178       1.961055780815e-11 
 2179       1.950445840491e-11 
 2180       1.939917529966e-11 
 2181       1.929473452462e-11 
 2182       1.919115935162e-11 
 2183       1.908846172559e-11 
 2184       1.898665077380e-11 
 2185       1.888573564927e-11 
 2186       1.878572553080e-11 
 2187       1.868662962299e-11 
 2188       1.858845715627e-11 
 2189       1.849121738691e-11 
 2190       1.839491959710e-11 
 2191       1.829957309488e-11 
 2192       1.820518721427e-11 
 2193       1.811177131524e-11 
 2194       1.801933478372e-11 
 2195       1.792788703168e-11 
 2196       1.783743749713e-11 
 2197       1.774799564412e-11 
 2198       1.765957096281e-11 
 2199       1.757217296949e-11 
 2200       1.748581120656e-11 
 2201       1.740049524261e-11 
 2202       1.731623467243e-11 
 2203       1.723303911703e-11 
 2204       1.715091822366e-11 
 2205       1.706988166586e-11 
 2206       1.698993914345e-11 
 2207       1.691110038261e-11 
 2208       1.683337513585e-11 
 2209       1.675677318207e-11 
 2210       1.668130432656e-11 
 2211       1.660697840108e-11 
 2212       1.653380526382e-11 
 2213       1.646179479945e-11 
 2214       1.639095691919e-11 
 2215       1.632130156075e-11 
 2216       1.625283868845e-11 
 2217       1.618557829318e-11 
 2218       1.611953039243e-11 
 2219       1.605470503038e-11 
 2220       1.599111227783e-11 
 2221       1.592875941950e-11 
 2222       1.586764249538e-11 
 2223       1.580775470360e-11 
 2224       1.574908920823e-11 
 2225       1.569163913915e-11 
 2226       1.563539759208e-11 
 2227       1.558035762848e-11 
 2228       1.552651227553e-11 
 2229       1.547385452611e-11 
 2230       1.542237733872e-11 
 2231       1.537207363745e-11 
 2232       1.532293631197e-11 
 2233       1.527495821743e-11 
 2234       1.522813217448e-11 
 2235       1.518245096916e-11 
 2236       1.513790735292e-11 
 2237       1.509449404256e-11 
 2238       1.505220372016e-11 
 2239       1.501102903307e-11 
 2240       1.497096259385e-11 
 2241       1.493199698024e-11 
 2242       1.489412473511e-11 
 2243       1.485733836642e-11 
 2244       1.482163034718e-11 
 2245       1.478699311541e-11 
 2246       1.475341907409e-11 
 2247       1.472090059111e-11 
 2248       1.468942999926e-11 
 2249       1.465899959616e-11 
 2250       1.462960164423e-11 
 2251       1.460122837062e-11 
 2252       1.457387196723e-11 
 2253       1.454752459060e-11 
 2254       1.452217836192e-11 
 2255       1.449782536693e-11 
 2256       1.447445765596e-11 
 2257       1.445206724380e-11 
 2258       1.443064610972e-11 
 2259       1.441018619741e-11 
 2260       1.439067810197e-11 
 2261       1.437210712172e-11 
 2262       1.435445718073e-11 
 2263       1.433771213939e-11 
 2264       1.432185579435e-11 
 2265       1.430687187842e-11 
 2266       1.429274406053e-11 
 2267       1.427945594561e-11 
 2268       1.426699107456e-11 
 2269       1.425533292417e-11 
 2270       1.424446490704e-11 
 2271       1.423437037148e-11 
 2272       1.422503260149e-11 
 2273       1.421643481666e-11 
 2274       1.420856017208e-11 
 2275       1.420139175830e-11 
 2276       1.419491260124e-11 
 2277       1.418910566211e-11 
 2278       1.418395383736e-11 
 2279       1.417943995858e-11 
 2280       1.417554679245e-11 
 2281       1.417225704065e-11 
 2282       1.416955333980e-11 
 2283       1.416741826138e-11 
 2284       1.416583431166e-11 
 2285       1.416478393162e-11 
 2286       1.416424949689e-11 
 2287       1.416421331766e-11 
 2288       1.416465763864e-11 
 2289       1.416556463892e-11 
 2290       1.416691643200e-11 
 2291       1.416869506561e-11 
 2292       1.417088252170e-11 
 2293       1.417346071636e-11 
 2294       1.417641149974e-11 
 2295       1.417971665597e-11 
 2296       1.418335790309e-11 
 2297       1.418731689298e-11 
 2298       1.419157521131e-11 
 2299       1.419611495849e-11 
 2300       1.420092049690e-11 
 2301       1.420597671466e-11 
 2302       1.421126844552e-11 
 2303       1.421678046880e-11 
 2304       1.422249750934e-11 
 2305       1.422840423739e-11 
 2306       1.423448526862e-11 
 2307       1.424072516402e-11 
 2308       1.424710842984e-11 
 2309       1.425361951756e-11 
 2310       1.426024282378e-11 
 2311       1.426696269021e-11 
 2312       1.427376340359e-11 
 2313       1.428062919561e-11 
 2314       1.428754424289e-11 
 2315       1.429449266689e-11 
 2316       1.430145853387e-11 
 2317       1.430842585480e-11 
 2318       1.431537858536e-11 
 2319       1.432230062580e-11 
 2320       1.432917582094e-11 
 2321       1.433598796009e-11 
 2322       1.434272077700e-11 
 2323       1.434935794978e-11 
 2324       1.435588310086e-11 
 2325       1.436227979692e-11 
 2326       1.436853154884e-11 
 2327       1.437462181162e-11 
 2328       1.438053398434e-11 
 2329       1.438625141011e-11 
 2330       1.439175737597e-11 
 2331       1.439703511286e-11 
 2332       1.440206779558e-11 
 2333       1.440683854267e-11 
 2334       1.441133041640e-11 
 2335       1.441552642270e-11 
 2336       1.441940951109e-11 
 2337       1.442296257464e-11 
 2338       1.442617024644e-11 
 2339       1.442902430154e-11 
 2340       1.443151828873e-11 
 2341       1.443364573706e-11 
 2342       1.443540015578e-11 
 2343       1.443677503432e-11 
 2344       1.443776384232e-11 
 2345       1.443836002955e-11 
 2346       1.443855702592e-11 
 2347       1.443834824147e-11 
 2348       1.443772706631e-11 
 2349       1.443668687064e-11 
 2350       1.443522100472e-11 
 2351       1.443332279882e-11 
 2352       1.443098556326e-11 
 2353       1.442820258831e-11 
 2354       1.442496714424e-11 
 2355       1.442127248126e-11 
 2356       1.441711182954e-11 
 2357       1.441247839912e-11 
 2358       1.440736537996e-11 
 2359       1.440176594188e-11 
 2360       1.439567323455e-11 
 2361       1.438908038749e-11 
 2362       1.438198051000e-11 
 2363       1.437436669119e-11 
 2364       1.436623199993e-11 
 2365       1.435756948486e-11 
 2366       1.434837217431e-11 
 2367       1.433863307637e-11 
 2368       1.432834517877e-11 
 2369       1.431750144893e-11 
 2370       1.430609483393e-11 
 2371       1.429411826045e-11 
 2372       1.428156463480e-11 
 2373       1.426842684287e-11 
 2374       1.425469775011e-11 
 2375       1.424037020153e-11 
 2376       1.422543702165e-11 
 2377       1.420989284860e-11 
 2378       1.419373964870e-11 
 2379       1.417698123578e-11 
 2380       1.415962144023e-11 
 2381       1.414166410899e-11 
 2382       1.412311310555e-11 
 2383       1.410397231001e-11 
 2384       1.408424561909e-11 
 2385       1.406393694612e-11 
 2386       1.404305022109e-11 
 2387       1.402158939066e-11 
 2388       1.399955841815e-11 
 2389       1.397696128362e-11 
 2390       1.395380198383e-11 
 2391       1.393008453228e-11 
 2392       1.390581295925e-11 
 2393       1.388099131177e-11 
 2394       1.385562365368e-11 
 2395       1.382971406565e-11 
 2396       1.380326664516e-11 
 2397       1.377628550657e-11 
 2398       1.374877478107e-11 
 2399       1.372073861679e-11 
 2400       1.369218117873e-11 
 2401       1.366310664885e-11 
 2402       1.363351922602e-11 
 2403       1.360342312610e-11 
 2404       1.357282258193e-11 
 2405       1.354172184334e-11 
 2406       1.351012517721e-11 
 2407       1.347803686741e-11 
 2408       1.344546121492e-11 
 2409       1.341240253777e-11 
 2410       1.337886517108e-11 
 2411       1.334485346709e-11 
 2412       1.331037179519e-11 
 2413       1.327542454190e-11 
 2414       1.324001611091e-11 
 2415       1.320415092310e-11 
 2416       1.316783428849e-11 
 2417       1.313107502769e-11 
 2418       1.309388286638e-11 
 2419       1.305626756484e-11 
 2420       1.301823891800e-11 
 2421       1.297980675546e-11 
 2422       1.294098094157e-11 
 2423       1.290177137540e-11 
 2424       1.286218799084e-11 
 2425       1.282224075661e-11 
 2426       1.278193967628e-11 
 2427       1.274129478834e-11 
 2428       1.270031616620e-11 
 2429       1.265901391826e-11 
 2430       1.261739818794e-11 
 2431       1.257547915369e-11 
 2432       1.253326702907e-11 
 2433       1.249077206273e-11 
 2434       1.244800453851e-11 
 2435       1.240497477543e-11 
 2436       1.236169312774e-11 
 2437       1.231816998497e-11 
 2438       1.227441577194e-11 
 2439       1.223044094883e-11 
 2440       1.218625601119e-11 
 2441       1.214187148998e-11 
 2442       1.209729795161e-11 
 2443       1.205254599798e-11 
 2444       1.200762626654e-11 
 2445       1.196254943025e-11 
 2446       1.191732619771e-11 
 2447       1.187196731315e-11 
 2448       1.182648355644e-11 
 2449       1.178088574319e-11 
 2450       1.173518472475e-11 
 2451       1.168939138822e-11 
 2452       1.164351665656e-11 
 2453       1.159757148856e-11 
 2454       1.155156687889e-11 
 2455       1.150551359857e-11 
 2456       1.145942141450e-11 
 2457       1.141329986530e-11 
 2458       1.136715852057e-11 
 2459       1.132100698088e-11 
 2460       1.127485487783e-11 
 2461       1.122871187404e-11 
 2462       1.118258766326e-11 
 2463       1.113649197028e-11 
 2464       1.109043455110e-11 
 2465       1.104442519285e-11 
 2466       1.099847371388e-11 
 2467       1.095258996377e-11 
 2468       1.090678382337e-11 
 2469       1.086106520483e-11 
 2470       1.081544405163e-11 
 2471       1.076993033861e-11 
 2472       1.072453407200e-11 
 2473       1.067926528947e-11 
 2474       1.063413406011e-11 
 2475       1.058915048454e-11 
 2476       1.054432469487e-11 
 2477       1.049966685476e-11 
 2478       1.045518715947e-11 
 2479       1.041089583586e-11 
 2480       1.036680314244e-11 
 2481       1.032291936937e-11 
 2482       1.027925483856e-11 
 2483       1.023581990362e-11 
 2484       1.019262494995e-11 
 2485       1.014968039474e-11 
 2486       1.010699668702e-11 
 2487       1.006458430769e-11 
 2488       1.002245376952e-11 
 2489       9.980615617235e-12 
 2490       9.939080427499e-12 
 2491       9.897858808971e-12 
 2492       9.856961402331e-12 
 2493       9.816398880310e-12 
 2494       9.776176159846e-12 
 2495       9.736275001354e-12 
 2496       9.696671307356e-12 
 2497       9.657340901002e-12 
 2498       9.618259525986e-12 
 2499       9.579402846470e-12 
 2500       9.540746447001e-12 
