# dimensionless total [l(l+1)/2pi] C_l's
# for l=2 to 2500, i.e. number of multipoles equal to 2499
#
# -> if you prefer output in CAMB/HealPix/LensPix units/order, set 'format' to 'camb' in input file
# -> if you don't want to see such a header, set 'headers' to 'no' in input file
#
# 1:l     2:TT                 
    2       1.383471038870e-10 
    3       1.309221057363e-10 
    4       1.238666760194e-10 
    5       1.185589862941e-10 
    6       1.148927325286e-10 
    7       1.125510684611e-10 
    8       1.111438066616e-10 
    9       1.104607761752e-10 
   10       1.103187073852e-10 
   11       1.105770662047e-10 
   12       1.111999934093e-10 
   13       1.120483137498e-10 
   14       1.130496385246e-10 
   15       1.142355900206e-10 
   16       1.156068110125e-10 
   17       1.170345743641e-10 
   18       1.185682441130e-10 
   19       1.202228917520e-10 
   20       1.219277269678e-10 
   21       1.236953968063e-10 
   22       1.255323331296e-10 
   23       1.274281457489e-10 
   24       1.293493969122e-10 
   25       1.313111459422e-10 
   26       1.333267230665e-10 
   27       1.353911740883e-10 
   28       1.374849343045e-10 
   29       1.396134924318e-10 
   30       1.417782738303e-10 
   31       1.439702217475e-10 
   32       1.461921965014e-10 
   33       1.484423078390e-10 
   34       1.507125146372e-10 
   35       1.530087725633e-10 
   36       1.553363008979e-10 
   37       1.576952883522e-10 
   38       1.600871518026e-10 
   39       1.625091441733e-10 
   40       1.649518434276e-10 
   41       1.674039660418e-10 
   42       1.698702607101e-10 
   43       1.723583412686e-10 
   44       1.748734516554e-10 
   45       1.774185730078e-10 
   46       1.799954367480e-10 
   47       1.826033425631e-10 
   48       1.852385516391e-10 
   49       1.878940314379e-10 
   50       1.905624377480e-10 
   51       1.932466072076e-10 
   52       1.959514716906e-10 
   53       1.986809695181e-10 
   54       2.014379425784e-10 
   55       2.042242947616e-10 
   56       2.070417490438e-10 
   57       2.098910982761e-10 
   58       2.127718696661e-10 
   59       2.156822320790e-10 
   60       2.186189033381e-10 
   61       2.215785384180e-10 
   62       2.245624678532e-10 
   63       2.275728632600e-10 
   64       2.306113054915e-10 
   65       2.336787389260e-10 
   66       2.367754257553e-10 
   67       2.399009002733e-10 
   68       2.430545671816e-10 
   69       2.462377394630e-10 
   70       2.494519332137e-10 
   71       2.526982314459e-10 
   72       2.559772548468e-10 
   73       2.592891325385e-10 
   74       2.626334728372e-10 
   75       2.660093340130e-10 
   76       2.694157236846e-10 
   77       2.728532667772e-10 
   78       2.763227900140e-10 
   79       2.798248021610e-10 
   80       2.833594756269e-10 
   81       2.869266280624e-10 
   82       2.905257039598e-10 
   83       2.941557562528e-10 
   84       2.978158562233e-10 
   85       3.015064416042e-10 
   86       3.052281592661e-10 
   87       3.089814457443e-10 
   88       3.127665160363e-10 
   89       3.165833524004e-10 
   90       3.204316931531e-10 
   91       3.243110214677e-10 
   92       3.282205541720e-10 
   93       3.321595158831e-10 
   94       3.361280329058e-10 
   95       3.401263536908e-10 
   96       3.441545682895e-10 
   97       3.482126010690e-10 
   98       3.523002034266e-10 
   99       3.564169465051e-10 
  100       3.605622139069e-10 
  101       3.647351944096e-10 
  102       3.689348746799e-10 
  103       3.731600319895e-10 
  104       3.774094922403e-10 
  105       3.816829594320e-10 
  106       3.859802851837e-10 
  107       3.903012091113e-10 
  108       3.946453544579e-10 
  109       3.990122237241e-10 
  110       4.034011942981e-10 
  111       4.078115140865e-10 
  112       4.122422971440e-10 
  113       4.166925193043e-10 
  114       4.211610138099e-10 
  115       4.256464669429e-10 
  116       4.301476013757e-10 
  117       4.346637608561e-10 
  118       4.391943887347e-10 
  119       4.437388439235e-10 
  120       4.482963981868e-10 
  121       4.528662334308e-10 
  122       4.574474389938e-10 
  123       4.620390089366e-10 
  124       4.666398393321e-10 
  125       4.712487255557e-10 
  126       4.758643595754e-10 
  127       4.804853272416e-10 
  128       4.851101055778e-10 
  129       4.897372192858e-10 
  130       4.943657354307e-10 
  131       4.989948181554e-10 
  132       5.036235727738e-10 
  133       5.082510442005e-10 
  134       5.128762153798e-10 
  135       5.174980057154e-10 
  136       5.221152694998e-10 
  137       5.267267943434e-10 
  138       5.313312996041e-10 
  139       5.359274348168e-10 
  140       5.405137781223e-10 
  141       5.450888346972e-10 
  142       5.496510351832e-10 
  143       5.541987341161e-10 
  144       5.587303412732e-10 
  145       5.632447336240e-10 
  146       5.677408811952e-10 
  147       5.722177170012e-10 
  148       5.766741362365e-10 
  149       5.811089954695e-10 
  150       5.855211118357e-10 
  151       5.899092622309e-10 
  152       5.942721825045e-10 
  153       5.986085666528e-10 
  154       6.029170660121e-10 
  155       6.071962884524e-10 
  156       6.114447975702e-10 
  157       6.156611118821e-10 
  158       6.198437040179e-10 
  159       6.239909999140e-10 
  160       6.281013780066e-10 
  161       6.321732815661e-10 
  162       6.362055685576e-10 
  163       6.401971913218e-10 
  164       6.441470859326e-10 
  165       6.480541719107e-10 
  166       6.519173519381e-10 
  167       6.557355115711e-10 
  168       6.595075189548e-10 
  169       6.632322245364e-10 
  170       6.669084607794e-10 
  171       6.705350418773e-10 
  172       6.741107634673e-10 
  173       6.776344023444e-10 
  174       6.811047161749e-10 
  175       6.845204432105e-10 
  176       6.878803020021e-10 
  177       6.911829911133e-10 
  178       6.944271888347e-10 
  179       6.976115528973e-10 
  180       7.007348076609e-10 
  181       7.037960140263e-10 
  182       7.067943204781e-10 
  183       7.097288775744e-10 
  184       7.125988379828e-10 
  185       7.154033565163e-10 
  186       7.181415901694e-10 
  187       7.208126981540e-10 
  188       7.234158419357e-10 
  189       7.259501852696e-10 
  190       7.284148942361e-10 
  191       7.308091372773e-10 
  192       7.331320852331e-10 
  193       7.353829113765e-10 
  194       7.375607914506e-10 
  195       7.396649037036e-10 
  196       7.416944289259e-10 
  197       7.436485504850e-10 
  198       7.455264543623e-10 
  199       7.473273291890e-10 
  200       7.490503662817e-10 
  201       7.506948186848e-10 
  202       7.522601829206e-10 
  203       7.537460303067e-10 
  204       7.551519493250e-10 
  205       7.564775458331e-10 
  206       7.577224432739e-10 
  207       7.588862828866e-10 
  208       7.599687239167e-10 
  209       7.609694438268e-10 
  210       7.618881385067e-10 
  211       7.627245224837e-10 
  212       7.634783291336e-10 
  213       7.641493108902e-10 
  214       7.647372394568e-10 
  215       7.652419060155e-10 
  216       7.656631214384e-10 
  217       7.660007164979e-10 
  218       7.662545420765e-10 
  219       7.664244693780e-10 
  220       7.665103901375e-10 
  221       7.665122168318e-10 
  222       7.664298828899e-10 
  223       7.662633429035e-10 
  224       7.660125924885e-10 
  225       7.656777288534e-10 
  226       7.652588945331e-10 
  227       7.647562583431e-10 
  228       7.641700156370e-10 
  229       7.635003885633e-10 
  230       7.627476263230e-10 
  231       7.619120054265e-10 
  232       7.609938299510e-10 
  233       7.599934317975e-10 
  234       7.589111709482e-10 
  235       7.577474357236e-10 
  236       7.565026430395e-10 
  237       7.551772386648e-10 
  238       7.537716974778e-10 
  239       7.522865237242e-10 
  240       7.507222512738e-10 
  241       7.490794438782e-10 
  242       7.473586954272e-10 
  243       7.455606302069e-10 
  244       7.436859031562e-10 
  245       7.417352001243e-10 
  246       7.397092381279e-10 
  247       7.376087656085e-10 
  248       7.354345626891e-10 
  249       7.331874414321e-10 
  250       7.308682188071e-10 
  251       7.284776333354e-10 
  252       7.260164241338e-10 
  253       7.234853579743e-10 
  254       7.208852294896e-10 
  255       7.182168613772e-10 
  256       7.154811046053e-10 
  257       7.126788386174e-10 
  258       7.098109715374e-10 
  259       7.068784403744e-10 
  260       7.038822112281e-10 
  261       7.008232794935e-10 
  262       6.977026700660e-10 
  263       6.945214375465e-10 
  264       6.912806664463e-10 
  265       6.879814713921e-10 
  266       6.846249973311e-10 
  267       6.812124197360e-10 
  268       6.777449448098e-10 
  269       6.742238096912e-10 
  270       6.706502826592e-10 
  271       6.670256633386e-10 
  272       6.633512829044e-10 
  273       6.596285042873e-10 
  274       6.558587223784e-10 
  275       6.520433642346e-10 
  276       6.481838892832e-10 
  277       6.442817895270e-10 
  278       6.403385897494e-10 
  279       6.363557664603e-10 
  280       6.323344996624e-10 
  281       6.282759086238e-10 
  282       6.241811320581e-10 
  283       6.200513282050e-10 
  284       6.158876749103e-10 
  285       6.116913697061e-10 
  286       6.074636298910e-10 
  287       6.032056926105e-10 
  288       5.989188149368e-10 
  289       5.946042739493e-10 
  290       5.902633668145e-10 
  291       5.858974108667e-10 
  292       5.815077436875e-10 
  293       5.770957231865e-10 
  294       5.726627276814e-10 
  295       5.682101559779e-10 
  296       5.637394274504e-10 
  297       5.592519821216e-10 
  298       5.547492807431e-10 
  299       5.502328048757e-10 
  300       5.457040569689e-10 
  301       5.411645604419e-10 
  302       5.366158597633e-10 
  303       5.320595205314e-10 
  304       5.274971295545e-10 
  305       5.229302949310e-10 
  306       5.183606461295e-10 
  307       5.137898340691e-10 
  308       5.092195311996e-10 
  309       5.046514315816e-10 
  310       5.000872509669e-10 
  311       4.955287268782e-10 
  312       4.909775004457e-10 
  313       4.864347556905e-10 
  314       4.819015636604e-10 
  315       4.773789991002e-10 
  316       4.728681403871e-10 
  317       4.683700694648e-10 
  318       4.638858717792e-10 
  319       4.594166362125e-10 
  320       4.549634550189e-10 
  321       4.505274237588e-10 
  322       4.461096412341e-10 
  323       4.417112094229e-10 
  324       4.373332334144e-10 
  325       4.329768213441e-10 
  326       4.286430843281e-10 
  327       4.243331363985e-10 
  328       4.200480944380e-10 
  329       4.157890781151e-10 
  330       4.115572098185e-10 
  331       4.073536145925e-10 
  332       4.031794200716e-10 
  333       3.990357564155e-10 
  334       3.949237562437e-10 
  335       3.908445545710e-10 
  336       3.867992887418e-10 
  337       3.827890983652e-10 
  338       3.788151252500e-10 
  339       3.748785133394e-10 
  340       3.709804086460e-10 
  341       3.671219591868e-10 
  342       3.633043149178e-10 
  343       3.595286276691e-10 
  344       3.557960510797e-10 
  345       3.521077405325e-10 
  346       3.484648530891e-10 
  347       3.448685474246e-10 
  348       3.413199837628e-10 
  349       3.378202234101e-10 
  350       3.343699228869e-10 
  351       3.309696269636e-10 
  352       3.276198677522e-10 
  353       3.243211645419e-10 
  354       3.210740236361e-10 
  355       3.178789381881e-10 
  356       3.147363880374e-10 
  357       3.116468395464e-10 
  358       3.086107454362e-10 
  359       3.056285446228e-10 
  360       3.027006620538e-10 
  361       2.998275085443e-10 
  362       2.970094806134e-10 
  363       2.942469603202e-10 
  364       2.915403151002e-10 
  365       2.888898976014e-10 
  366       2.862960455211e-10 
  367       2.837590814413e-10 
  368       2.812793126656e-10 
  369       2.788570310552e-10 
  370       2.764925128654e-10 
  371       2.741860185815e-10 
  372       2.719377927552e-10 
  373       2.697480638410e-10 
  374       2.676170440322e-10 
  375       2.655449290974e-10 
  376       2.635318982168e-10 
  377       2.615781138179e-10 
  378       2.596837214125e-10 
  379       2.578488494326e-10 
  380       2.560736090665e-10 
  381       2.543580940954e-10 
  382       2.527023807295e-10 
  383       2.511065274439e-10 
  384       2.495705748158e-10 
  385       2.480945453596e-10 
  386       2.466784433640e-10 
  387       2.453222547279e-10 
  388       2.440259312227e-10 
  389       2.427893429634e-10 
  390       2.416123238384e-10 
  391       2.404946867473e-10 
  392       2.394362234248e-10 
  393       2.384367042647e-10 
  394       2.374958781436e-10 
  395       2.366134722449e-10 
  396       2.357891918824e-10 
  397       2.350227203248e-10 
  398       2.343137186188e-10 
  399       2.336618254136e-10 
  400       2.330666567845e-10 
  401       2.325278060566e-10 
  402       2.320448436290e-10 
  403       2.316173167987e-10 
  404       2.312447495839e-10 
  405       2.309266425487e-10 
  406       2.306624726264e-10 
  407       2.304516929435e-10 
  408       2.302937326436e-10 
  409       2.301879967115e-10 
  410       2.301338657965e-10 
  411       2.301306960370e-10 
  412       2.301778188837e-10 
  413       2.302745409239e-10 
  414       2.304201437053e-10 
  415       2.306138835599e-10 
  416       2.308549914275e-10 
  417       2.311426726801e-10 
  418       2.314761069456e-10 
  419       2.318544479315e-10 
  420       2.322768232489e-10 
  421       2.327423342364e-10 
  422       2.332500557838e-10 
  423       2.337990361565e-10 
  424       2.343882968185e-10 
  425       2.350168322571e-10 
  426       2.356836098064e-10 
  427       2.363876521770e-10 
  428       2.371282884965e-10 
  429       2.379049114639e-10 
  430       2.387168952936e-10 
  431       2.395635955937e-10 
  432       2.404443492440e-10 
  433       2.413584742747e-10 
  434       2.423052697438e-10 
  435       2.432840156161e-10 
  436       2.442939726408e-10 
  437       2.453343822297e-10 
  438       2.464044663358e-10 
  439       2.475034273312e-10 
  440       2.486304478852e-10 
  441       2.497846908425e-10 
  442       2.509652991017e-10 
  443       2.521713954930e-10 
  444       2.534020826569e-10 
  445       2.546564429217e-10 
  446       2.559335381825e-10 
  447       2.572324097787e-10 
  448       2.585520783725e-10 
  449       2.598915438269e-10 
  450       2.612497850843e-10 
  451       2.626257600441e-10 
  452       2.640184054413e-10 
  453       2.654266367243e-10 
  454       2.668493479337e-10 
  455       2.682854115797e-10 
  456       2.697336785210e-10 
  457       2.711929778424e-10 
  458       2.726621167334e-10 
  459       2.741398803662e-10 
  460       2.756250317737e-10 
  461       2.771163117281e-10 
  462       2.786124386187e-10 
  463       2.801121083303e-10 
  464       2.816139941213e-10 
  465       2.831167465019e-10 
  466       2.846191341896e-10 
  467       2.861204720633e-10 
  468       2.876202063211e-10 
  469       2.891177745663e-10 
  470       2.906126057631e-10 
  471       2.921041201924e-10 
  472       2.935917294083e-10 
  473       2.950748361936e-10 
  474       2.965528345161e-10 
  475       2.980251094841e-10 
  476       2.994910373031e-10 
  477       3.009499852310e-10 
  478       3.024013115347e-10 
  479       3.038443654457e-10 
  480       3.052784871161e-10 
  481       3.067030075747e-10 
  482       3.081172486829e-10 
  483       3.095205230909e-10 
  484       3.109121341931e-10 
  485       3.122913760847e-10 
  486       3.136575335173e-10 
  487       3.150098818549e-10 
  488       3.163476870302e-10 
  489       3.176702055001e-10 
  490       3.189766842018e-10 
  491       3.202663605093e-10 
  492       3.215384621883e-10 
  493       3.227922073534e-10 
  494       3.240268044232e-10 
  495       3.252414520765e-10 
  496       3.264353392083e-10 
  497       3.276076448861e-10 
  498       3.287575383053e-10 
  499       3.298841787453e-10 
  500       3.309867155260e-10 
  501       3.320642879630e-10 
  502       3.331160253242e-10 
  503       3.341410467855e-10 
  504       3.351384613866e-10 
  505       3.361074976888e-10 
  506       3.370478969440e-10 
  507       3.379595311656e-10 
  508       3.388422744683e-10 
  509       3.396960030846e-10 
  510       3.405205953823e-10 
  511       3.413159318809e-10 
  512       3.420818952686e-10 
  513       3.428183704193e-10 
  514       3.435252444092e-10 
  515       3.442024065341e-10 
  516       3.448497483259e-10 
  517       3.454671635697e-10 
  518       3.460545483206e-10 
  519       3.466118009206e-10 
  520       3.471388220155e-10 
  521       3.476355145717e-10 
  522       3.481017838931e-10 
  523       3.485375376382e-10 
  524       3.489426858365e-10 
  525       3.493171409060e-10 
  526       3.496608176697e-10 
  527       3.499736333722e-10 
  528       3.502555076975e-10 
  529       3.505063627847e-10 
  530       3.507261232460e-10 
  531       3.509147161827e-10 
  532       3.510720712026e-10 
  533       3.511981204368e-10 
  534       3.512927985563e-10 
  535       3.513560427894e-10 
  536       3.513877929379e-10 
  537       3.513879913946e-10 
  538       3.513565831599e-10 
  539       3.512935158586e-10 
  540       3.511987397571e-10 
  541       3.510722077799e-10 
  542       3.509138755266e-10 
  543       3.507237012891e-10 
  544       3.505017062731e-10 
  545       3.502481570008e-10 
  546       3.499633878229e-10 
  547       3.496477411958e-10 
  548       3.493015677230e-10 
  549       3.489252261967e-10 
  550       3.485190836383e-10 
  551       3.480835153403e-10 
  552       3.476189049074e-10 
  553       3.471256442974e-10 
  554       3.466041338632e-10 
  555       3.460547823930e-10 
  556       3.454780071525e-10 
  557       3.448742339258e-10 
  558       3.442438970564e-10 
  559       3.435874394888e-10 
  560       3.429053128096e-10 
  561       3.421979772888e-10 
  562       3.414659019209e-10 
  563       3.407095644664e-10 
  564       3.399294514930e-10 
  565       3.391260584164e-10 
  566       3.382998895423e-10 
  567       3.374514581070e-10 
  568       3.365812863191e-10 
  569       3.356899054005e-10 
  570       3.347778556277e-10 
  571       3.338456863729e-10 
  572       3.328939561458e-10 
  573       3.319232326339e-10 
  574       3.309340927449e-10 
  575       3.299271226469e-10 
  576       3.289029178103e-10 
  577       3.278620830489e-10 
  578       3.268052325609e-10 
  579       3.257329899705e-10 
  580       3.246459883690e-10 
  581       3.235448703560e-10 
  582       3.224302880808e-10 
  583       3.213028767511e-10 
  584       3.201631743504e-10 
  585       3.190116999964e-10 
  586       3.178489803242e-10 
  587       3.166755495174e-10 
  588       3.154919493409e-10 
  589       3.142987291719e-10 
  590       3.130964460325e-10 
  591       3.118856646213e-10 
  592       3.106669573451e-10 
  593       3.094409043513e-10 
  594       3.082080935593e-10 
  595       3.069691206928e-10 
  596       3.057245893114e-10 
  597       3.044751108426e-10 
  598       3.032213046137e-10 
  599       3.019637978838e-10 
  600       3.007032258754e-10 
  601       2.994402318068e-10 
  602       2.981754669234e-10 
  603       2.969095905301e-10 
  604       2.956432700229e-10 
  605       2.943771809209e-10 
  606       2.931120068981e-10 
  607       2.918484398156e-10 
  608       2.905871797531e-10 
  609       2.893289350410e-10 
  610       2.880744222923e-10 
  611       2.868243664346e-10 
  612       2.855795007416e-10 
  613       2.843405668655e-10 
  614       2.831083148686e-10 
  615       2.818835032552e-10 
  616       2.806668990037e-10 
  617       2.794592775981e-10 
  618       2.782614230606e-10 
  619       2.770741279825e-10 
  620       2.758981935572e-10 
  621       2.747344296111e-10 
  622       2.735835726701e-10 
  623       2.724460379843e-10 
  624       2.713221617572e-10 
  625       2.702122825926e-10 
  626       2.691167415006e-10 
  627       2.680358819048e-10 
  628       2.669700496484e-10 
  629       2.659195930007e-10 
  630       2.648848626639e-10 
  631       2.638662117792e-10 
  632       2.628639959337e-10 
  633       2.618785731668e-10 
  634       2.609103039767e-10 
  635       2.599595513266e-10 
  636       2.590266806520e-10 
  637       2.581120598662e-10 
  638       2.572160593678e-10 
  639       2.563390520464e-10 
  640       2.554814132896e-10 
  641       2.546435209895e-10 
  642       2.538257555490e-10 
  643       2.530284998882e-10 
  644       2.522521394516e-10 
  645       2.514970622138e-10 
  646       2.507636586863e-10 
  647       2.500523219244e-10 
  648       2.493634475330e-10 
  649       2.486974336739e-10 
  650       2.480546810716e-10 
  651       2.474355930203e-10 
  652       2.468405753901e-10 
  653       2.462700366339e-10 
  654       2.457243877934e-10 
  655       2.452040425061e-10 
  656       2.447094170116e-10 
  657       2.442409301579e-10 
  658       2.437990034085e-10 
  659       2.433840608481e-10 
  660       2.429965291900e-10 
  661       2.426367562303e-10 
  662       2.423047642258e-10 
  663       2.420004910906e-10 
  664       2.417238714400e-10 
  665       2.414748365739e-10 
  666       2.412533144617e-10 
  667       2.410592297259e-10 
  668       2.408925036266e-10 
  669       2.407530540454e-10 
  670       2.406407954697e-10 
  671       2.405556389769e-10 
  672       2.404974922184e-10 
  673       2.404662594038e-10 
  674       2.404618412850e-10 
  675       2.404841351407e-10 
  676       2.405330347598e-10 
  677       2.406084304265e-10 
  678       2.407102089037e-10 
  679       2.408382534175e-10 
  680       2.409924436412e-10 
  681       2.411726556796e-10 
  682       2.413787620530e-10 
  683       2.416106316816e-10 
  684       2.418681298691e-10 
  685       2.421511182878e-10 
  686       2.424594549615e-10 
  687       2.427929942510e-10 
  688       2.431515868369e-10 
  689       2.435350797051e-10 
  690       2.439433161297e-10 
  691       2.443761356581e-10 
  692       2.448333740946e-10 
  693       2.453148634848e-10 
  694       2.458204320997e-10 
  695       2.463499044198e-10 
  696       2.469031011193e-10 
  697       2.474798390501e-10 
  698       2.480799312262e-10 
  699       2.487031868079e-10 
  700       2.493493788534e-10 
  701       2.500181468709e-10 
  702       2.507090922053e-10 
  703       2.514218100632e-10 
  704       2.521558894889e-10 
  705       2.529109133407e-10 
  706       2.536864582675e-10 
  707       2.544820946843e-10 
  708       2.552973867493e-10 
  709       2.561318923398e-10 
  710       2.569851630282e-10 
  711       2.578567440589e-10 
  712       2.587461743240e-10 
  713       2.596529863399e-10 
  714       2.605767062234e-10 
  715       2.615168536681e-10 
  716       2.624729419204e-10 
  717       2.634444777562e-10 
  718       2.644309614568e-10 
  719       2.654318867854e-10 
  720       2.664467409631e-10 
  721       2.674750046454e-10 
  722       2.685161518986e-10 
  723       2.695696501756e-10 
  724       2.706349602925e-10 
  725       2.717115364050e-10 
  726       2.727988259843e-10 
  727       2.738962697934e-10 
  728       2.750033018640e-10 
  729       2.761193494717e-10 
  730       2.772438331133e-10 
  731       2.783761664825e-10 
  732       2.795157564460e-10 
  733       2.806620030205e-10 
  734       2.818142993483e-10 
  735       2.829720316737e-10 
  736       2.841345793196e-10 
  737       2.853013146634e-10 
  738       2.864716031133e-10 
  739       2.876448342048e-10 
  740       2.888205156106e-10 
  741       2.899981809393e-10 
  742       2.911773587659e-10 
  743       2.923575726157e-10 
  744       2.935383409469e-10 
  745       2.947191771340e-10 
  746       2.958995894507e-10 
  747       2.970790810528e-10 
  748       2.982571499619e-10 
  749       2.994332890480e-10 
  750       3.006069860126e-10 
  751       3.017777233721e-10 
  752       3.029449784407e-10 
  753       3.041082233134e-10 
  754       3.052669248495e-10 
  755       3.064205446551e-10 
  756       3.075685390667e-10 
  757       3.087103591342e-10 
  758       3.098454506036e-10 
  759       3.109732539008e-10 
  760       3.120932041140e-10 
  761       3.132047309773e-10 
  762       3.143072588534e-10 
  763       3.154002067172e-10 
  764       3.164829881382e-10 
  765       3.175550112644e-10 
  766       3.186156788047e-10 
  767       3.196643880124e-10 
  768       3.207005306682e-10 
  769       3.217234930632e-10 
  770       3.227326559822e-10 
  771       3.237273946865e-10 
  772       3.247070788974e-10 
  773       3.256710727789e-10 
  774       3.266187349211e-10 
  775       3.275494183229e-10 
  776       3.284624703757e-10 
  777       3.293572328460e-10 
  778       3.302331128803e-10 
  779       3.310897975141e-10 
  780       3.319270431521e-10 
  781       3.327446049081e-10 
  782       3.335422366023e-10 
  783       3.343196907582e-10 
  784       3.350767186001e-10 
  785       3.358130700498e-10 
  786       3.365284937245e-10 
  787       3.372227369329e-10 
  788       3.378955456735e-10 
  789       3.385466646308e-10 
  790       3.391758371731e-10 
  791       3.397828053495e-10 
  792       3.403673098866e-10 
  793       3.409290901865e-10 
  794       3.414678843234e-10 
  795       3.419834290405e-10 
  796       3.424754597481e-10 
  797       3.429437105198e-10 
  798       3.433879140902e-10 
  799       3.438078018518e-10 
  800       3.442031038523e-10 
  801       3.445735487918e-10 
  802       3.449188640199e-10 
  803       3.452387755328e-10 
  804       3.455330079703e-10 
  805       3.458012846135e-10 
  806       3.460433273814e-10 
  807       3.462588568285e-10 
  808       3.464475921414e-10 
  809       3.466092511367e-10 
  810       3.467435502573e-10 
  811       3.468502045705e-10 
  812       3.469289277644e-10 
  813       3.469794321454e-10 
  814       3.470014286352e-10 
  815       3.469946267683e-10 
  816       3.469587346887e-10 
  817       3.468935259152e-10 
  818       3.467990409500e-10 
  819       3.466753892655e-10 
  820       3.465226828720e-10 
  821       3.463410363268e-10 
  822       3.461305667434e-10 
  823       3.458913938006e-10 
  824       3.456236397515e-10 
  825       3.453274294330e-10 
  826       3.450028902745e-10 
  827       3.446501523076e-10 
  828       3.442693481748e-10 
  829       3.438606131386e-10 
  830       3.434240850912e-10 
  831       3.429599045629e-10 
  832       3.424682147320e-10 
  833       3.419491614334e-10 
  834       3.414028931678e-10 
  835       3.408295611113e-10 
  836       3.402293191239e-10 
  837       3.396023237593e-10 
  838       3.389487342733e-10 
  839       3.382687126338e-10 
  840       3.375624235293e-10 
  841       3.368300343783e-10 
  842       3.360717153385e-10 
  843       3.352876393156e-10 
  844       3.344779819730e-10 
  845       3.336429217406e-10 
  846       3.327826398238e-10 
  847       3.318973202132e-10 
  848       3.309871496932e-10 
  849       3.300523178514e-10 
  850       3.290930170875e-10 
  851       3.281094426230e-10 
  852       3.271017925098e-10 
  853       3.260702676395e-10 
  854       3.250150717528e-10 
  855       3.239364114482e-10 
  856       3.228345223238e-10 
  857       3.217097478715e-10 
  858       3.205624619462e-10 
  859       3.193930427687e-10 
  860       3.182018729393e-10 
  861       3.169893394510e-10 
  862       3.157558337032e-10 
  863       3.145017515149e-10 
  864       3.132274931381e-10 
  865       3.119334632714e-10 
  866       3.106200710734e-10 
  867       3.092877301760e-10 
  868       3.079368586978e-10 
  869       3.065678792578e-10 
  870       3.051812189885e-10 
  871       3.037773095495e-10 
  872       3.023565871408e-10 
  873       3.009194925164e-10 
  874       2.994664709976e-10 
  875       2.979979724864e-10 
  876       2.965144514790e-10 
  877       2.950163670792e-10 
  878       2.935041830119e-10 
  879       2.919783676361e-10 
  880       2.904393939592e-10 
  881       2.888877396493e-10 
  882       2.873238870497e-10 
  883       2.857483231915e-10 
  884       2.841615398075e-10 
  885       2.825640333455e-10 
  886       2.809563049815e-10 
  887       2.793388606336e-10 
  888       2.777122109750e-10 
  889       2.760768714475e-10 
  890       2.744333622751e-10 
  891       2.727822084772e-10 
  892       2.711239398823e-10 
  893       2.694590911411e-10 
  894       2.677882017401e-10 
  895       2.661117914937e-10 
  896       2.644302865543e-10 
  897       2.627440922219e-10 
  898       2.610536173656e-10 
  899       2.593592744334e-10 
  900       2.576614794623e-10 
  901       2.559606520875e-10 
  902       2.542572155526e-10 
  903       2.525515967190e-10 
  904       2.508442260760e-10 
  905       2.491355377503e-10 
  906       2.474259695159e-10 
  907       2.457159628038e-10 
  908       2.440059627117e-10 
  909       2.422964180138e-10 
  910       2.405877811707e-10 
  911       2.388805083387e-10 
  912       2.371750593802e-10 
  913       2.354718978729e-10 
  914       2.337714911198e-10 
  915       2.320743101591e-10 
  916       2.303808297736e-10 
  917       2.286915285006e-10 
  918       2.270068886417e-10 
  919       2.253273962728e-10 
  920       2.236535412532e-10 
  921       2.219858172361e-10 
  922       2.203247216776e-10 
  923       2.186707558472e-10 
  924       2.170244248371e-10 
  925       2.153862375721e-10 
  926       2.137567068190e-10 
  927       2.121363491972e-10 
  928       2.105256851874e-10 
  929       2.089252391423e-10 
  930       2.073355392956e-10 
  931       2.057571177723e-10 
  932       2.041905105980e-10 
  933       2.026362577091e-10 
  934       2.010948470723e-10 
  935       1.995665460669e-10 
  936       1.980515674855e-10 
  937       1.965501251874e-10 
  938       1.950624341005e-10 
  939       1.935887102235e-10 
  940       1.921291706277e-10 
  941       1.906840334593e-10 
  942       1.892535179416e-10 
  943       1.878378443766e-10 
  944       1.864372341476e-10 
  945       1.850519097209e-10 
  946       1.836820946481e-10 
  947       1.823280135681e-10 
  948       1.809898922092e-10 
  949       1.796679573909e-10 
  950       1.783624370266e-10 
  951       1.770735601248e-10 
  952       1.758015567922e-10 
  953       1.745466582348e-10 
  954       1.733090967606e-10 
  955       1.720891057815e-10 
  956       1.708869198152e-10 
  957       1.697027744876e-10 
  958       1.685369065345e-10 
  959       1.673895538041e-10 
  960       1.662609552588e-10 
  961       1.651513509771e-10 
  962       1.640609821561e-10 
  963       1.629900911134e-10 
  964       1.619389212890e-10 
  965       1.609077172475e-10 
  966       1.598967246804e-10 
  967       1.589061904077e-10 
  968       1.579363623805e-10 
  969       1.569874896825e-10 
  970       1.560598225326e-10 
  971       1.551536122867e-10 
  972       1.542691114399e-10 
  973       1.534065202767e-10 
  974       1.525658259407e-10 
  975       1.517469609536e-10 
  976       1.509498563432e-10 
  977       1.501744416385e-10 
  978       1.494206448652e-10 
  979       1.486883925410e-10 
  980       1.479776096707e-10 
  981       1.472882197421e-10 
  982       1.466201447206e-10 
  983       1.459733050450e-10 
  984       1.453476196226e-10 
  985       1.447430058245e-10 
  986       1.441593794813e-10 
  987       1.435966548777e-10 
  988       1.430547447486e-10 
  989       1.425335602739e-10 
  990       1.420330110739e-10 
  991       1.415530052049e-10 
  992       1.410934491541e-10 
  993       1.406542478352e-10 
  994       1.402353045837e-10 
  995       1.398365211521e-10 
  996       1.394577977053e-10 
  997       1.390990328159e-10 
  998       1.387601234595e-10 
  999       1.384409650101e-10 
 1000       1.381414512352e-10 
 1001       1.378614742915e-10 
 1002       1.376009247197e-10 
 1003       1.373596914405e-10 
 1004       1.371376617490e-10 
 1005       1.369347213111e-10 
 1006       1.367507541579e-10 
 1007       1.365856426814e-10 
 1008       1.364392676299e-10 
 1009       1.363115081033e-10 
 1010       1.362022415481e-10 
 1011       1.361113437532e-10 
 1012       1.360386663003e-10 
 1013       1.359839685705e-10 
 1014       1.359469847469e-10 
 1015       1.359274462633e-10 
 1016       1.359250817964e-10 
 1017       1.359396172589e-10 
 1018       1.359707757919e-10 
 1019       1.360182777575e-10 
 1020       1.360818407317e-10 
 1021       1.361611794972e-10 
 1022       1.362560060357e-10 
 1023       1.363660295208e-10 
 1024       1.364909563105e-10 
 1025       1.366304899403e-10 
 1026       1.367843311155e-10 
 1027       1.369521777038e-10 
 1028       1.371337247284e-10 
 1029       1.373286643603e-10 
 1030       1.375366859112e-10 
 1031       1.377574758260e-10 
 1032       1.379907176757e-10 
 1033       1.382360921499e-10 
 1034       1.384932770494e-10 
 1035       1.387619472793e-10 
 1036       1.390417748410e-10 
 1037       1.393324288258e-10 
 1038       1.396335754064e-10 
 1039       1.399448778309e-10 
 1040       1.402659964143e-10 
 1041       1.405965885319e-10 
 1042       1.409363086118e-10 
 1043       1.412848081274e-10 
 1044       1.416417355903e-10 
 1045       1.420067365430e-10 
 1046       1.423794535514e-10 
 1047       1.427595261975e-10 
 1048       1.431465910722e-10 
 1049       1.435402817679e-10 
 1050       1.439402288713e-10 
 1051       1.443460754678e-10 
 1052       1.447575239070e-10 
 1053       1.451742896728e-10 
 1054       1.455960859248e-10 
 1055       1.460226234928e-10 
 1056       1.464536108708e-10 
 1057       1.468887542119e-10 
 1058       1.473277573221e-10 
 1059       1.477703216553e-10 
 1060       1.482161463069e-10 
 1061       1.486649280088e-10 
 1062       1.491163611235e-10 
 1063       1.495701376383e-10 
 1064       1.500259471600e-10 
 1065       1.504834769092e-10 
 1066       1.509424117144e-10 
 1067       1.514024340066e-10 
 1068       1.518632238136e-10 
 1069       1.523244587544e-10 
 1070       1.527858140333e-10 
 1071       1.532469624349e-10 
 1072       1.537075743177e-10 
 1073       1.541673176088e-10 
 1074       1.546258577986e-10 
 1075       1.550828579345e-10 
 1076       1.555379786158e-10 
 1077       1.559908779877e-10 
 1078       1.564412117360e-10 
 1079       1.568886330811e-10 
 1080       1.573327927728e-10 
 1081       1.577733390841e-10 
 1082       1.582099178061e-10 
 1083       1.586421722420e-10 
 1084       1.590697432018e-10 
 1085       1.594922689962e-10 
 1086       1.599093854314e-10 
 1087       1.603207258033e-10 
 1088       1.607259208917e-10 
 1089       1.611245989549e-10 
 1090       1.615164252027e-10 
 1091       1.619012208061e-10 
 1092       1.622788454715e-10 
 1093       1.626491581055e-10 
 1094       1.630120168128e-10 
 1095       1.633672788949e-10 
 1096       1.637148008482e-10 
 1097       1.640544383624e-10 
 1098       1.643860463190e-10 
 1099       1.647094787895e-10 
 1100       1.650245890336e-10 
 1101       1.653312294979e-10 
 1102       1.656292518141e-10 
 1103       1.659185067972e-10 
 1104       1.661988444440e-10 
 1105       1.664701139313e-10 
 1106       1.667321636147e-10 
 1107       1.669848410261e-10 
 1108       1.672279928729e-10 
 1109       1.674614650360e-10 
 1110       1.676851025679e-10 
 1111       1.678987496914e-10 
 1112       1.681022497980e-10 
 1113       1.682954454458e-10 
 1114       1.684781783583e-10 
 1115       1.686502894225e-10 
 1116       1.688116186874e-10 
 1117       1.689620053621e-10 
 1118       1.691012878144e-10 
 1119       1.692293035692e-10 
 1120       1.693458893065e-10 
 1121       1.694508808601e-10 
 1122       1.695441132155e-10 
 1123       1.696254205090e-10 
 1124       1.696946360252e-10 
 1125       1.697515921959e-10 
 1126       1.697961205983e-10 
 1127       1.698280519532e-10 
 1128       1.698472161237e-10 
 1129       1.698534804255e-10 
 1130       1.698468651057e-10 
 1131       1.698274293555e-10 
 1132       1.697952331357e-10 
 1133       1.697503371783e-10 
 1134       1.696928029886e-10 
 1135       1.696226928471e-10 
 1136       1.695400698116e-10 
 1137       1.694449977187e-10 
 1138       1.693375411865e-10 
 1139       1.692177656158e-10 
 1140       1.690857371926e-10 
 1141       1.689415228897e-10 
 1142       1.687851904687e-10 
 1143       1.686168084823e-10 
 1144       1.684364462756e-10 
 1145       1.682441739888e-10 
 1146       1.680400625585e-10 
 1147       1.678241837200e-10 
 1148       1.675966100094e-10 
 1149       1.673574147649e-10 
 1150       1.671066721296e-10 
 1151       1.668444570527e-10 
 1152       1.665708452920e-10 
 1153       1.662859134155e-10 
 1154       1.659897388035e-10 
 1155       1.656823996506e-10 
 1156       1.653639749675e-10 
 1157       1.650345445831e-10 
 1158       1.646941891462e-10 
 1159       1.643429901278e-10 
 1160       1.639810298229e-10 
 1161       1.636083913523e-10 
 1162       1.632251586648e-10 
 1163       1.628314165389e-10 
 1164       1.624272505850e-10 
 1165       1.620127472471e-10 
 1166       1.615879938049e-10 
 1167       1.611530783760e-10 
 1168       1.607081065851e-10 
 1169       1.602532517990e-10 
 1170       1.597887055245e-10 
 1171       1.593146608007e-10 
 1172       1.588313122026e-10 
 1173       1.583388558447e-10 
 1174       1.578374893841e-10 
 1175       1.573274120238e-10 
 1176       1.568088245167e-10 
 1177       1.562819291685e-10 
 1178       1.557469298411e-10 
 1179       1.552040319566e-10 
 1180       1.546534424998e-10 
 1181       1.540953700225e-10 
 1182       1.535300246464e-10 
 1183       1.529576180666e-10 
 1184       1.523783635550e-10 
 1185       1.517924759641e-10 
 1186       1.512001717296e-10 
 1187       1.506016688748e-10 
 1188       1.499971870131e-10 
 1189       1.493869473521e-10 
 1190       1.487711726967e-10 
 1191       1.481500874525e-10 
 1192       1.475239176293e-10 
 1193       1.468928908446e-10 
 1194       1.462572363267e-10 
 1195       1.456171849184e-10 
 1196       1.449729690806e-10 
 1197       1.443248228950e-10 
 1198       1.436729820683e-10 
 1199       1.430176839353e-10 
 1200       1.423591674620e-10 
 1201       1.416976732497e-10 
 1202       1.410334435377e-10 
 1203       1.403667222071e-10 
 1204       1.396977547845e-10 
 1205       1.390267884446e-10 
 1206       1.383540720144e-10 
 1207       1.376798456935e-10 
 1208       1.370043100734e-10 
 1209       1.363276567503e-10 
 1210       1.356500785754e-10 
 1211       1.349717696585e-10 
 1212       1.342929253698e-10 
 1213       1.336137423427e-10 
 1214       1.329344184767e-10 
 1215       1.322551529395e-10 
 1216       1.315761461698e-10 
 1217       1.308975998798e-10 
 1218       1.302197170577e-10 
 1219       1.295427019707e-10 
 1220       1.288667601667e-10 
 1221       1.281920984780e-10 
 1222       1.275189250228e-10 
 1223       1.268474492084e-10 
 1224       1.261778817337e-10 
 1225       1.255104345915e-10 
 1226       1.248453210713e-10 
 1227       1.241827557620e-10 
 1228       1.235229545541e-10 
 1229       1.228661346423e-10 
 1230       1.222125145285e-10 
 1231       1.215623140240e-10 
 1232       1.209157542522e-10 
 1233       1.202730576509e-10 
 1234       1.196344479753e-10 
 1235       1.190001503004e-10 
 1236       1.183703910234e-10 
 1237       1.177453978664e-10 
 1238       1.171253998790e-10 
 1239       1.165106274409e-10 
 1240       1.159013122644e-10 
 1241       1.152976873969e-10 
 1242       1.146999872235e-10 
 1243       1.141084474697e-10 
 1244       1.135233052040e-10 
 1245       1.129447988400e-10 
 1246       1.123731411740e-10 
 1247       1.118084381433e-10 
 1248       1.112507691198e-10 
 1249       1.107002137891e-10 
 1250       1.101568521514e-10 
 1251       1.096207645219e-10 
 1252       1.090920315313e-10 
 1253       1.085707341262e-10 
 1254       1.080569535695e-10 
 1255       1.075507714412e-10 
 1256       1.070522696385e-10 
 1257       1.065615303769e-10 
 1258       1.060786361897e-10 
 1259       1.056036699296e-10 
 1260       1.051367147683e-10 
 1261       1.046778541973e-10 
 1262       1.042271720288e-10 
 1263       1.037847523954e-10 
 1264       1.033506797512e-10 
 1265       1.029250388721e-10 
 1266       1.025079148561e-10 
 1267       1.020993931240e-10 
 1268       1.016995594200e-10 
 1269       1.013084998118e-10 
 1270       1.009263006915e-10 
 1271       1.005530487757e-10 
 1272       1.001888311064e-10 
 1273       9.983373505112e-11 
 1274       9.948784830349e-11 
 1275       9.915125888390e-11 
 1276       9.882405513981e-11 
 1277       9.850632574629e-11 
 1278       9.819815970652e-11 
 1279       9.789964635224e-11 
 1280       9.761087534430e-11 
 1281       9.733193667305e-11 
 1282       9.706292065894e-11 
 1283       9.680391795289e-11 
 1284       9.655501953688e-11 
 1285       9.631629091856e-11 
 1286       9.608769439308e-11 
 1287       9.586916589778e-11 
 1288       9.566064073639e-11 
 1289       9.546205357764e-11 
 1290       9.527333845385e-11 
 1291       9.509442875958e-11 
 1292       9.492525725021e-11 
 1293       9.476575604056e-11 
 1294       9.461585660351e-11 
 1295       9.447548976861e-11 
 1296       9.434458572067e-11 
 1297       9.422307399843e-11 
 1298       9.411088349309e-11 
 1299       9.400794244700e-11 
 1300       9.391417845223e-11 
 1301       9.382951844918e-11 
 1302       9.375388872520e-11 
 1303       9.368721491322e-11 
 1304       9.362942199035e-11 
 1305       9.358043427646e-11 
 1306       9.354017543286e-11 
 1307       9.350856846084e-11 
 1308       9.348553570034e-11 
 1309       9.347099882851e-11 
 1310       9.346487885839e-11 
 1311       9.346709613744e-11 
 1312       9.347757034622e-11 
 1313       9.349622049696e-11 
 1314       9.352296493222e-11 
 1315       9.355772132343e-11 
 1316       9.360040666957e-11 
 1317       9.365093729574e-11 
 1318       9.370922885180e-11 
 1319       9.377519631096e-11 
 1320       9.384875396840e-11 
 1321       9.392981543990e-11 
 1322       9.401829366041e-11 
 1323       9.411410088271e-11 
 1324       9.421713836692e-11 
 1325       9.432726532733e-11 
 1326       9.444432963988e-11 
 1327       9.456817811804e-11 
 1328       9.469865651073e-11 
 1329       9.483560950019e-11 
 1330       9.497888069990e-11 
 1331       9.512831265254e-11 
 1332       9.528374682779e-11 
 1333       9.544502362034e-11 
 1334       9.561198234776e-11 
 1335       9.578446124836e-11 
 1336       9.596229747919e-11 
 1337       9.614532711386e-11 
 1338       9.633338514050e-11 
 1339       9.652630545965e-11 
 1340       9.672392088216e-11 
 1341       9.692606312712e-11 
 1342       9.713256281973e-11 
 1343       9.734324948924e-11 
 1344       9.755795156685e-11 
 1345       9.777649638360e-11 
 1346       9.799871016831e-11 
 1347       9.822441804544e-11 
 1348       9.845344403304e-11 
 1349       9.868561104063e-11 
 1350       9.892074086714e-11 
 1351       9.915865419877e-11 
 1352       9.939917060693e-11 
 1353       9.964210854614e-11 
 1354       9.988728535194e-11 
 1355       1.001345172388e-10 
 1356       1.003836192979e-10 
 1357       1.006344054954e-10 
 1358       1.008866886699e-10 
 1359       1.011402805307e-10 
 1360       1.013949916553e-10 
 1361       1.016506314879e-10 
 1362       1.019070083367e-10 
 1363       1.021639380682e-10 
 1364       1.024212702952e-10 
 1365       1.026788624652e-10 
 1366       1.029365711888e-10 
 1367       1.031942522381e-10 
 1368       1.034517605447e-10 
 1369       1.037089501990e-10 
 1370       1.039656744479e-10 
 1371       1.042217856936e-10 
 1372       1.044771354920e-10 
 1373       1.047315745514e-10 
 1374       1.049849527306e-10 
 1375       1.052371190376e-10 
 1376       1.054879216281e-10 
 1377       1.057372078036e-10 
 1378       1.059848240104e-10 
 1379       1.062306158378e-10 
 1380       1.064744280165e-10 
 1381       1.067161044171e-10 
 1382       1.069554880489e-10 
 1383       1.071924210576e-10 
 1384       1.074267447248e-10 
 1385       1.076582994655e-10 
 1386       1.078869248273e-10 
 1387       1.081124594883e-10 
 1388       1.083347412560e-10 
 1389       1.085536070655e-10 
 1390       1.087688929782e-10 
 1391       1.089804341801e-10 
 1392       1.091880649800e-10 
 1393       1.093916188088e-10 
 1394       1.095909282170e-10 
 1395       1.097858248739e-10 
 1396       1.099761395655e-10 
 1397       1.101617021934e-10 
 1398       1.103423417733e-10 
 1399       1.105178864328e-10 
 1400       1.106881634109e-10 
 1401       1.108529990554e-10 
 1402       1.110122389763e-10 
 1403       1.111658087358e-10 
 1404       1.113136537877e-10 
 1405       1.114557193809e-10 
 1406       1.115919505590e-10 
 1407       1.117222921596e-10 
 1408       1.118466888147e-10 
 1409       1.119650849497e-10 
 1410       1.120774247835e-10 
 1411       1.121836523283e-10 
 1412       1.122837113889e-10 
 1413       1.123775455626e-10 
 1414       1.124650982390e-10 
 1415       1.125463125994e-10 
 1416       1.126211316171e-10 
 1417       1.126894980562e-10 
 1418       1.127513544722e-10 
 1419       1.128066432111e-10 
 1420       1.128553064092e-10 
 1421       1.128972859931e-10 
 1422       1.129325236790e-10 
 1423       1.129609609728e-10 
 1424       1.129825391693e-10 
 1425       1.129971993524e-10 
 1426       1.130048823944e-10 
 1427       1.130055289560e-10 
 1428       1.129990794859e-10 
 1429       1.129854742204e-10 
 1430       1.129646531830e-10 
 1431       1.129365561847e-10 
 1432       1.129011228228e-10 
 1433       1.128582924812e-10 
 1434       1.128080043302e-10 
 1435       1.127501973257e-10 
 1436       1.126848102091e-10 
 1437       1.126117815073e-10 
 1438       1.125310495320e-10 
 1439       1.124425523795e-10 
 1440       1.123462279305e-10 
 1441       1.122420327881e-10 
 1442       1.121299993020e-10 
 1443       1.120101791228e-10 
 1444       1.118826243162e-10 
 1445       1.117473873643e-10 
 1446       1.116045211663e-10 
 1447       1.114540790395e-10 
 1448       1.112961147195e-10 
 1449       1.111306823616e-10 
 1450       1.109578365412e-10 
 1451       1.107776322548e-10 
 1452       1.105901249210e-10 
 1453       1.103953703805e-10 
 1454       1.101934248978e-10 
 1455       1.099843451616e-10 
 1456       1.097681882853e-10 
 1457       1.095450118086e-10 
 1458       1.093148736972e-10 
 1459       1.090778323446e-10 
 1460       1.088339465723e-10 
 1461       1.085832756308e-10 
 1462       1.083258792004e-10 
 1463       1.080618173917e-10 
 1464       1.077911507469e-10 
 1465       1.075139402403e-10 
 1466       1.072302472789e-10 
 1467       1.069401337037e-10 
 1468       1.066436617900e-10 
 1469       1.063408942484e-10 
 1470       1.060318942256e-10 
 1471       1.057167253053e-10 
 1472       1.053954515087e-10 
 1473       1.050681372955e-10 
 1474       1.047348475647e-10 
 1475       1.043956476552e-10 
 1476       1.040506033470e-10 
 1477       1.036997808615e-10 
 1478       1.033432468624e-10 
 1479       1.029810684570e-10 
 1480       1.026133208747e-10 
 1481       1.022401105865e-10 
 1482       1.018615524158e-10 
 1483       1.014777618821e-10 
 1484       1.010888552022e-10 
 1485       1.006949492909e-10 
 1486       1.002961617631e-10 
 1487       9.989261093429e-11 
 1488       9.948441582201e-11 
 1489       9.907169614713e-11 
 1490       9.865457233495e-11 
 1491       9.823316551648e-11 
 1492       9.780759752961e-11 
 1493       9.737799092034e-11 
 1494       9.694446894399e-11 
 1495       9.650715556641e-11 
 1496       9.606617546520e-11 
 1497       9.562165403092e-11 
 1498       9.517371736827e-11 
 1499       9.472249229737e-11 
 1500       9.426810635489e-11 
 1501       9.381068779533e-11 
 1502       9.335036559219e-11 
 1503       9.288726943922e-11 
 1504       9.242152975157e-11 
 1505       9.195327766707e-11 
 1506       9.148264504741e-11 
 1507       9.100976447934e-11 
 1508       9.053476927590e-11 
 1509       9.005779347765e-11 
 1510       8.957897185381e-11 
 1511       8.909843990358e-11 
 1512       8.861633385725e-11 
 1513       8.813279067748e-11 
 1514       8.764794806047e-11 
 1515       8.716194443720e-11 
 1516       8.667491897462e-11 
 1517       8.618701157690e-11 
 1518       8.569836288657e-11 
 1519       8.520910837093e-11 
 1520       8.471936051626e-11 
 1521       8.422922646450e-11 
 1522       8.373881391354e-11 
 1523       8.324823111805e-11 
 1524       8.275758689046e-11 
 1525       8.226699060179e-11 
 1526       8.177655218262e-11 
 1527       8.128638212394e-11 
 1528       8.079659147809e-11 
 1529       8.030729185967e-11 
 1530       7.981859544641e-11 
 1531       7.933061498008e-11 
 1532       7.884346376744e-11 
 1533       7.835725568110e-11 
 1534       7.787210516041e-11 
 1535       7.738812721244e-11 
 1536       7.690543741278e-11 
 1537       7.642415190655e-11 
 1538       7.594438740921e-11 
 1539       7.546626120755e-11 
 1540       7.498989116052e-11 
 1541       7.451539570018e-11 
 1542       7.404289383259e-11 
 1543       7.357250513873e-11 
 1544       7.310434977537e-11 
 1545       7.263854847599e-11 
 1546       7.217522255173e-11 
 1547       7.171449389221e-11 
 1548       7.125648496649e-11 
 1549       7.080131882399e-11 
 1550       7.034911909532e-11 
 1551       6.990000999328e-11 
 1552       6.945411631368e-11 
 1553       6.901156343630e-11 
 1554       6.857247732577e-11 
 1555       6.813698453248e-11 
 1556       6.770521219348e-11 
 1557       6.727728803339e-11 
 1558       6.685332620460e-11 
 1559       6.643338466059e-11 
 1560       6.601750738419e-11 
 1561       6.560573851214e-11 
 1562       6.519812233535e-11 
 1563       6.479470329905e-11 
 1564       6.439552600302e-11 
 1565       6.400063520180e-11 
 1566       6.361007580489e-11 
 1567       6.322389287695e-11 
 1568       6.284213163799e-11 
 1569       6.246483746362e-11 
 1570       6.209205588520e-11 
 1571       6.172383259010e-11 
 1572       6.136021342186e-11 
 1573       6.100124438040e-11 
 1574       6.064697162227e-11 
 1575       6.029744146078e-11 
 1576       5.995270036628e-11 
 1577       5.961279496631e-11 
 1578       5.927777204584e-11 
 1579       5.894767854744e-11 
 1580       5.862256157154e-11 
 1581       5.830246837657e-11 
 1582       5.798744637920e-11 
 1583       5.767754315454e-11 
 1584       5.737280643636e-11 
 1585       5.707328411727e-11 
 1586       5.677902424892e-11 
 1587       5.649007504225e-11 
 1588       5.620648486763e-11 
 1589       5.592830225512e-11 
 1590       5.565557589465e-11 
 1591       5.538835463623e-11 
 1592       5.512668749015e-11 
 1593       5.487062362719e-11 
 1594       5.462021237882e-11 
 1595       5.437550323742e-11 
 1596       5.413654585645e-11 
 1597       5.390337654121e-11 
 1598       5.367597758517e-11 
 1599       5.345431756155e-11 
 1600       5.323836479854e-11 
 1601       5.302808737890e-11 
 1602       5.282345313951e-11 
 1603       5.262442967093e-11 
 1604       5.243098431702e-11 
 1605       5.224308417444e-11 
 1606       5.206069609228e-11 
 1607       5.188378667159e-11 
 1608       5.171232226496e-11 
 1609       5.154626897612e-11 
 1610       5.138559265944e-11 
 1611       5.123025891957e-11 
 1612       5.108023311099e-11 
 1613       5.093548033756e-11 
 1614       5.079596545208e-11 
 1615       5.066165305592e-11 
 1616       5.053250749852e-11 
 1617       5.040849287701e-11 
 1618       5.028957303576e-11 
 1619       5.017571156592e-11 
 1620       5.006687180505e-11 
 1621       4.996301683664e-11 
 1622       4.986410948972e-11 
 1623       4.977011233839e-11 
 1624       4.968098770141e-11 
 1625       4.959669764176e-11 
 1626       4.951720396624e-11 
 1627       4.944246822498e-11 
 1628       4.937245171109e-11 
 1629       4.930711546014e-11 
 1630       4.924642024980e-11 
 1631       4.919032659940e-11 
 1632       4.913879476944e-11 
 1633       4.909178476125e-11 
 1634       4.904925631647e-11 
 1635       4.901116891671e-11 
 1636       4.897747600689e-11 
 1637       4.894810761002e-11 
 1638       4.892298755610e-11 
 1639       4.890203924353e-11 
 1640       4.888518563838e-11 
 1641       4.887234927370e-11 
 1642       4.886345224885e-11 
 1643       4.885841622880e-11 
 1644       4.885716244344e-11 
 1645       4.885961168690e-11 
 1646       4.886568431685e-11 
 1647       4.887530025379e-11 
 1648       4.888837898044e-11 
 1649       4.890483954094e-11 
 1650       4.892460054024e-11 
 1651       4.894758014341e-11 
 1652       4.897369607488e-11 
 1653       4.900286561784e-11 
 1654       4.903500561349e-11 
 1655       4.907003246038e-11 
 1656       4.910786211371e-11 
 1657       4.914841008463e-11 
 1658       4.919159143958e-11 
 1659       4.923732079958e-11 
 1660       4.928551233954e-11 
 1661       4.933607978757e-11 
 1662       4.938893642430e-11 
 1663       4.944399508221e-11 
 1664       4.950116814488e-11 
 1665       4.956036754637e-11 
 1666       4.962150477048e-11 
 1667       4.968449085009e-11 
 1668       4.974923636645e-11 
 1669       4.981565144852e-11 
 1670       4.988364577224e-11 
 1671       4.995312855989e-11 
 1672       5.002400857935e-11 
 1673       5.009619414345e-11 
 1674       5.016959310926e-11 
 1675       5.024411645369e-11 
 1676       5.031968903591e-11 
 1677       5.039623892752e-11 
 1678       5.047369384436e-11 
 1679       5.055198114590e-11 
 1680       5.063102783471e-11 
 1681       5.071076055596e-11 
 1682       5.079110559687e-11 
 1683       5.087198888613e-11 
 1684       5.095333599344e-11 
 1685       5.103507212891e-11 
 1686       5.111712214256e-11 
 1687       5.119941052375e-11 
 1688       5.128186140070e-11 
 1689       5.136439853987e-11 
 1690       5.144694534552e-11 
 1691       5.152942485910e-11 
 1692       5.161175975873e-11 
 1693       5.169387235870e-11 
 1694       5.177568460889e-11 
 1695       5.185711809426e-11 
 1696       5.193809403428e-11 
 1697       5.201853328244e-11 
 1698       5.209835632569e-11 
 1699       5.217748328390e-11 
 1700       5.225583390932e-11 
 1701       5.233332758607e-11 
 1702       5.240988332956e-11 
 1703       5.248541978602e-11 
 1704       5.255985523188e-11 
 1705       5.263310757331e-11 
 1706       5.270509434562e-11 
 1707       5.277573271277e-11 
 1708       5.284493946683e-11 
 1709       5.291263102742e-11 
 1710       5.297872344117e-11 
 1711       5.304313238122e-11 
 1712       5.310577314666e-11 
 1713       5.316656066198e-11 
 1714       5.322541884911e-11 
 1715       5.328230883197e-11 
 1716       5.333720097160e-11 
 1717       5.339006551533e-11 
 1718       5.344087259660e-11 
 1719       5.348959223485e-11 
 1720       5.353619433531e-11 
 1721       5.358064868890e-11 
 1722       5.362292497204e-11 
 1723       5.366299274651e-11 
 1724       5.370082145932e-11 
 1725       5.373638044248e-11 
 1726       5.376963891295e-11 
 1727       5.380056597240e-11 
 1728       5.382913060710e-11 
 1729       5.385530168777e-11 
 1730       5.387904796939e-11 
 1731       5.390033809109e-11 
 1732       5.391914057596e-11 
 1733       5.393542383091e-11 
 1734       5.394915614654e-11 
 1735       5.396030569694e-11 
 1736       5.396884053958e-11 
 1737       5.397472861511e-11 
 1738       5.397793774727e-11 
 1739       5.397843564267e-11 
 1740       5.397618989067e-11 
 1741       5.397116796323e-11 
 1742       5.396333721475e-11 
 1743       5.395266488191e-11 
 1744       5.393911808351e-11 
 1745       5.392266382035e-11 
 1746       5.390326897504e-11 
 1747       5.388090031185e-11 
 1748       5.385552447658e-11 
 1749       5.382710799640e-11 
 1750       5.379561727966e-11 
 1751       5.376101861578e-11 
 1752       5.372327817510e-11 
 1753       5.368237108580e-11 
 1754       5.363830874794e-11 
 1755       5.359111174715e-11 
 1756       5.354080079840e-11 
 1757       5.348739674614e-11 
 1758       5.343092056460e-11 
 1759       5.337139335792e-11 
 1760       5.330883636036e-11 
 1761       5.324327093652e-11 
 1762       5.317471858154e-11 
 1763       5.310320092128e-11 
 1764       5.302873971253e-11 
 1765       5.295135684324e-11 
 1766       5.287107433265e-11 
 1767       5.278791433156e-11 
 1768       5.270189912251e-11 
 1769       5.261305111997e-11 
 1770       5.252139287053e-11 
 1771       5.242694705314e-11 
 1772       5.232973647926e-11 
 1773       5.222978409312e-11 
 1774       5.212711297187e-11 
 1775       5.202174632578e-11 
 1776       5.191370749850e-11 
 1777       5.180301996718e-11 
 1778       5.168970734274e-11 
 1779       5.157379337002e-11 
 1780       5.145530192801e-11 
 1781       5.133425703004e-11 
 1782       5.121068282399e-11 
 1783       5.108460359246e-11 
 1784       5.095604375302e-11 
 1785       5.082502785837e-11 
 1786       5.069158059655e-11 
 1787       5.055572679116e-11 
 1788       5.041749140153e-11 
 1789       5.027689952294e-11 
 1790       5.013397638682e-11 
 1791       4.998874736095e-11 
 1792       4.984124191335e-11 
 1793       4.969150553898e-11 
 1794       4.953958793084e-11 
 1795       4.938553902544e-11 
 1796       4.922940900320e-11 
 1797       4.907124828874e-11 
 1798       4.891110755124e-11 
 1799       4.874903770484e-11 
 1800       4.858508990891e-11 
 1801       4.841931556847e-11 
 1802       4.825176633448e-11 
 1803       4.808249410423e-11 
 1804       4.791155102168e-11 
 1805       4.773898947779e-11 
 1806       4.756486211088e-11 
 1807       4.738922180699e-11 
 1808       4.721212170021e-11 
 1809       4.703361517304e-11 
 1810       4.685375585674e-11 
 1811       4.667259763167e-11 
 1812       4.649019462764e-11 
 1813       4.630660122425e-11 
 1814       4.612187205128e-11 
 1815       4.593606198898e-11 
 1816       4.574922616847e-11 
 1817       4.556141997203e-11 
 1818       4.537269903353e-11 
 1819       4.518311923870e-11 
 1820       4.499273672551e-11 
 1821       4.480160788455e-11 
 1822       4.460978935931e-11 
 1823       4.441733804660e-11 
 1824       4.422431109683e-11 
 1825       4.403076591444e-11 
 1826       4.383676015815e-11 
 1827       4.364235174141e-11 
 1828       4.344759883266e-11 
 1829       4.325255985574e-11 
 1830       4.305729349022e-11 
 1831       4.286185638704e-11 
 1832       4.266629629488e-11 
 1833       4.247065887955e-11 
 1834       4.227499000399e-11 
 1835       4.207933572850e-11 
 1836       4.188374231105e-11 
 1837       4.168825620750e-11 
 1838       4.149292407191e-11 
 1839       4.129779275677e-11 
 1840       4.110290931331e-11 
 1841       4.090832099171e-11 
 1842       4.071407524143e-11 
 1843       4.052021971140e-11 
 1844       4.032680225038e-11 
 1845       4.013387090715e-11 
 1846       3.994147393081e-11 
 1847       3.974965977105e-11 
 1848       3.955847707840e-11 
 1849       3.936797470451e-11 
 1850       3.917820170241e-11 
 1851       3.898920732678e-11 
 1852       3.880104103421e-11 
 1853       3.861375248350e-11 
 1854       3.842739153586e-11 
 1855       3.824200825524e-11 
 1856       3.805765290858e-11 
 1857       3.787437596605e-11 
 1858       3.769222810136e-11 
 1859       3.751126019198e-11 
 1860       3.733152331944e-11 
 1861       3.715306876960e-11 
 1862       3.697594803289e-11 
 1863       3.680021280460e-11 
 1864       3.662591498514e-11 
 1865       3.645310668028e-11 
 1866       3.628184020148e-11 
 1867       3.611216806609e-11 
 1868       3.594414299766e-11 
 1869       3.577781792620e-11 
 1870       3.561323984984e-11 
 1871       3.545043136696e-11 
 1872       3.528940900009e-11 
 1873       3.513018932139e-11 
 1874       3.497278895278e-11 
 1875       3.481722456591e-11 
 1876       3.466351288228e-11 
 1877       3.451167067326e-11 
 1878       3.436171476017e-11 
 1879       3.421366201431e-11 
 1880       3.406752935704e-11 
 1881       3.392333375985e-11 
 1882       3.378109224435e-11 
 1883       3.364082188240e-11 
 1884       3.350253979614e-11 
 1885       3.336626315802e-11 
 1886       3.323200919091e-11 
 1887       3.309979516809e-11 
 1888       3.296963841338e-11 
 1889       3.284155630113e-11 
 1890       3.271556625632e-11 
 1891       3.259168575460e-11 
 1892       3.246993232232e-11 
 1893       3.235032353666e-11 
 1894       3.223287702561e-11 
 1895       3.211761046806e-11 
 1896       3.200454159385e-11 
 1897       3.189368818384e-11 
 1898       3.178506806995e-11 
 1899       3.167869913522e-11 
 1900       3.157459931387e-11 
 1901       3.147278659134e-11 
 1902       3.137327900439e-11 
 1903       3.127609464109e-11 
 1904       3.118125164095e-11 
 1905       3.108876819490e-11 
 1906       3.099866254542e-11 
 1907       3.091095298655e-11 
 1908       3.082565786395e-11 
 1909       3.074278966306e-11 
 1910       3.066233722388e-11 
 1911       3.058428338995e-11 
 1912       3.050861090773e-11 
 1913       3.043530242649e-11 
 1914       3.036434049815e-11 
 1915       3.029570757713e-11 
 1916       3.022938602025e-11 
 1917       3.016535808656e-11 
 1918       3.010360593722e-11 
 1919       3.004411163533e-11 
 1920       2.998685714585e-11 
 1921       2.993182433541e-11 
 1922       2.987899497218e-11 
 1923       2.982835072575e-11 
 1924       2.977987316698e-11 
 1925       2.973354376787e-11 
 1926       2.968934390141e-11 
 1927       2.964725484144e-11 
 1928       2.960725776254e-11 
 1929       2.956933373985e-11 
 1930       2.953346374897e-11 
 1931       2.949962866579e-11 
 1932       2.946780926637e-11 
 1933       2.943798622680e-11 
 1934       2.941014012306e-11 
 1935       2.938425143088e-11 
 1936       2.936030052560e-11 
 1937       2.933826768205e-11 
 1938       2.931813307437e-11 
 1939       2.929987677592e-11 
 1940       2.928347875911e-11 
 1941       2.926891889528e-11 
 1942       2.925617695454e-11 
 1943       2.924523260566e-11 
 1944       2.923606541590e-11 
 1945       2.922865485091e-11 
 1946       2.922298027455e-11 
 1947       2.921902094879e-11 
 1948       2.921675354726e-11 
 1949       2.921614467593e-11 
 1950       2.921715829596e-11 
 1951       2.921975820467e-11 
 1952       2.922390803537e-11 
 1953       2.922957125705e-11 
 1954       2.923671117424e-11 
 1955       2.924529092678e-11 
 1956       2.925527348957e-11 
 1957       2.926662167238e-11 
 1958       2.927929811963e-11 
 1959       2.929326531018e-11 
 1960       2.930848555709e-11 
 1961       2.932492100742e-11 
 1962       2.934253364201e-11 
 1963       2.936128527527e-11 
 1964       2.938113755496e-11 
 1965       2.940205196195e-11 
 1966       2.942398981003e-11 
 1967       2.944691224571e-11 
 1968       2.947078024794e-11 
 1969       2.949555462797e-11 
 1970       2.952119602906e-11 
 1971       2.954766492633e-11 
 1972       2.957492162648e-11 
 1973       2.960292626765e-11 
 1974       2.963163881911e-11 
 1975       2.966101908111e-11 
 1976       2.969102668466e-11 
 1977       2.972162109128e-11 
 1978       2.975276159280e-11 
 1979       2.978440731114e-11 
 1980       2.981651719812e-11 
 1981       2.984905003520e-11 
 1982       2.988196443328e-11 
 1983       2.991521883250e-11 
 1984       2.994877150201e-11 
 1985       2.998258053974e-11 
 1986       3.001660387220e-11 
 1987       3.005080098163e-11 
 1988       3.008513810179e-11 
 1989       3.011958305999e-11 
 1990       3.015410355306e-11 
 1991       3.018866714717e-11 
 1992       3.022324127769e-11 
 1993       3.025779324898e-11 
 1994       3.029229023427e-11 
 1995       3.032669927548e-11 
 1996       3.036098728303e-11 
 1997       3.039512103572e-11 
 1998       3.042906718055e-11 
 1999       3.046279223253e-11 
 2000       3.049626257455e-11 
 2001       3.052944445721e-11 
 2002       3.056230399861e-11 
 2003       3.059480718428e-11 
 2004       3.062691986690e-11 
 2005       3.065860776623e-11 
 2006       3.068983646891e-11 
 2007       3.072057142829e-11 
 2008       3.075077796424e-11 
 2009       3.078042126308e-11 
 2010       3.080946637729e-11 
 2011       3.083787822544e-11 
 2012       3.086562159200e-11 
 2013       3.089266112715e-11 
 2014       3.091896134664e-11 
 2015       3.094448663163e-11 
 2016       3.096920122850e-11 
 2017       3.099306924871e-11 
 2018       3.101605466863e-11 
 2019       3.103812132937e-11 
 2020       3.105923293663e-11 
 2021       3.107935306050e-11 
 2022       3.109844513533e-11 
 2023       3.111647245957e-11 
 2024       3.113339819557e-11 
 2025       3.114918536945e-11 
 2026       3.116380115946e-11 
 2027       3.117722979533e-11 
 2028       3.118945975179e-11 
 2029       3.120047946844e-11 
 2030       3.121027734974e-11 
 2031       3.121884176492e-11 
 2032       3.122616104800e-11 
 2033       3.123222349771e-11 
 2034       3.123701737747e-11 
 2035       3.124053091533e-11 
 2036       3.124275230396e-11 
 2037       3.124366970059e-11 
 2038       3.124327122698e-11 
 2039       3.124154496937e-11 
 2040       3.123847897847e-11 
 2041       3.123406126937e-11 
 2042       3.122827982155e-11 
 2043       3.122112257883e-11 
 2044       3.121257744930e-11 
 2045       3.120263230531e-11 
 2046       3.119127498344e-11 
 2047       3.117849328443e-11 
 2048       3.116427497317e-11 
 2049       3.114860777862e-11 
 2050       3.113147939384e-11 
 2051       3.111287747588e-11 
 2052       3.109278964577e-11 
 2053       3.107120348849e-11 
 2054       3.104810655293e-11 
 2055       3.102348635182e-11 
 2056       3.099733036174e-11 
 2057       3.096962602304e-11 
 2058       3.094036073981e-11 
 2059       3.090952187987e-11 
 2060       3.087709677468e-11 
 2061       3.084307271935e-11 
 2062       3.080743697257e-11 
 2063       3.077017675659e-11 
 2064       3.073127925715e-11 
 2065       3.069073575464e-11 
 2066       3.064855404958e-11 
 2067       3.060474612510e-11 
 2068       3.055932402389e-11 
 2069       3.051229984824e-11 
 2070       3.046368576018e-11 
 2071       3.041349398147e-11 
 2072       3.036173679376e-11 
 2073       3.030842653862e-11 
 2074       3.025357561762e-11 
 2075       3.019719649241e-11 
 2076       3.013930168483e-11 
 2077       3.007990377693e-11 
 2078       3.001901541108e-11 
 2079       2.995664929008e-11 
 2080       2.989281817714e-11 
 2081       2.982753489607e-11 
 2082       2.976081233128e-11 
 2083       2.969266342788e-11 
 2084       2.962310119178e-11 
 2085       2.955213868972e-11 
 2086       2.947978904939e-11 
 2087       2.940606545949e-11 
 2088       2.933098116980e-11 
 2089       2.925454949127e-11 
 2090       2.917678379609e-11 
 2091       2.909769751778e-11 
 2092       2.901730415123e-11 
 2093       2.893561725284e-11 
 2094       2.885265044053e-11 
 2095       2.876841739385e-11 
 2096       2.868293185408e-11 
 2097       2.859620762426e-11 
 2098       2.850825856929e-11 
 2099       2.841909861601e-11 
 2100       2.832874175329e-11 
 2101       2.823720203205e-11 
 2102       2.814449356542e-11 
 2103       2.805063052876e-11 
 2104       2.795562895268e-11 
 2105       2.785951211562e-11 
 2106       2.776230518897e-11 
 2107       2.766403344763e-11 
 2108       2.756472227013e-11 
 2109       2.746439713883e-11 
 2110       2.736308363994e-11 
 2111       2.726080746373e-11 
 2112       2.715759440461e-11 
 2113       2.705347036127e-11 
 2114       2.694846133681e-11 
 2115       2.684259343885e-11 
 2116       2.673589287969e-11 
 2117       2.662838597638e-11 
 2118       2.652009915090e-11 
 2119       2.641105893027e-11 
 2120       2.630129194664e-11 
 2121       2.619082493748e-11 
 2122       2.607968474563e-11 
 2123       2.596789831951e-11 
 2124       2.585549271317e-11 
 2125       2.574249508647e-11 
 2126       2.562893270517e-11 
 2127       2.551483294107e-11 
 2128       2.540022327213e-11 
 2129       2.528513128262e-11 
 2130       2.516958466322e-11 
 2131       2.505361121113e-11 
 2132       2.493723883025e-11 
 2133       2.482049553125e-11 
 2134       2.470340943173e-11 
 2135       2.458600875634e-11 
 2136       2.446832183688e-11 
 2137       2.435037711248e-11 
 2138       2.423220312965e-11 
 2139       2.411382854248e-11 
 2140       2.399528211273e-11 
 2141       2.387659270995e-11 
 2142       2.375778931162e-11 
 2143       2.363889994374e-11 
 2144       2.351994849457e-11 
 2145       2.340095787934e-11 
 2146       2.328195109798e-11 
 2147       2.316295123515e-11 
 2148       2.304398146038e-11 
 2149       2.292506502814e-11 
 2150       2.280622527795e-11 
 2151       2.268748563449e-11 
 2152       2.256886960767e-11 
 2153       2.245040079276e-11 
 2154       2.233210287045e-11 
 2155       2.221399960700e-11 
 2156       2.209611485429e-11 
 2157       2.197847254993e-11 
 2158       2.186109671738e-11 
 2159       2.174401146602e-11 
 2160       2.162724099126e-11 
 2161       2.151080957466e-11 
 2162       2.139474158397e-11 
 2163       2.127906147330e-11 
 2164       2.116379378315e-11 
 2165       2.104896314057e-11 
 2166       2.093459425921e-11 
 2167       2.082071193944e-11 
 2168       2.070734106845e-11 
 2169       2.059450662033e-11 
 2170       2.048223365621e-11 
 2171       2.037054732429e-11 
 2172       2.025947286000e-11 
 2173       2.014903558607e-11 
 2174       2.003926091264e-11 
 2175       1.993017433733e-11 
 2176       1.982180144539e-11 
 2177       1.971416790973e-11 
 2178       1.960729949109e-11 
 2179       1.950122203808e-11 
 2180       1.939596148731e-11 
 2181       1.929154386348e-11 
 2182       1.918799243002e-11 
 2183       1.908531911996e-11 
 2184       1.898353304777e-11 
 2185       1.888264335362e-11 
 2186       1.878265920338e-11 
 2187       1.868358978871e-11 
 2188       1.858544432703e-11 
 2189       1.848823206155e-11 
 2190       1.839196226132e-11 
 2191       1.829664422125e-11 
 2192       1.820228726213e-11 
 2193       1.810890073065e-11 
 2194       1.801649399945e-11 
 2195       1.792507646712e-11 
 2196       1.783465755823e-11 
 2197       1.774524672338e-11 
 2198       1.765685343919e-11 
 2199       1.756948720837e-11 
 2200       1.748315755970e-11 
 2201       1.739787404809e-11 
 2202       1.731364625459e-11 
 2203       1.723048378643e-11 
 2204       1.714839627702e-11 
 2205       1.706739338601e-11 
 2206       1.698748479928e-11 
 2207       1.690868022901e-11 
 2208       1.683098941367e-11 
 2209       1.675442211806e-11 
 2210       1.667898813332e-11 
 2211       1.660469727699e-11 
 2212       1.653155939301e-11 
 2213       1.645958435176e-11 
 2214       1.638878205007e-11 
 2215       1.631916241127e-11 
 2216       1.625073538517e-11 
 2217       1.618351094816e-11 
 2218       1.611749910316e-11 
 2219       1.605270987970e-11 
 2220       1.598915333393e-11 
 2221       1.592683673640e-11 
 2222       1.586575611510e-11 
 2223       1.580590465677e-11 
 2224       1.574727551396e-11 
 2225       1.568986180506e-11 
 2226       1.563365661421e-11 
 2227       1.557865299126e-11 
 2228       1.552484395177e-11 
 2229       1.547222247691e-11 
 2230       1.542078151346e-11 
 2231       1.537051397375e-11 
 2232       1.532141273562e-11 
 2233       1.527347064239e-11 
 2234       1.522668050278e-11 
 2235       1.518103509094e-11 
 2236       1.513652714632e-11 
 2237       1.509314937370e-11 
 2238       1.505089444309e-11 
 2239       1.500975498976e-11 
 2240       1.496972361411e-11 
 2241       1.493079288169e-11 
 2242       1.489295532316e-11 
 2243       1.485620343419e-11 
 2244       1.482052967549e-11 
 2245       1.478592647272e-11 
 2246       1.475238621646e-11 
 2247       1.471990126217e-11 
 2248       1.468846393015e-11 
 2249       1.465806650550e-11 
 2250       1.462870123807e-11 
 2251       1.460036034241e-11 
 2252       1.457303599776e-11 
 2253       1.454672034798e-11 
 2254       1.452140550149e-11 
 2255       1.449708353130e-11 
 2256       1.447374647489e-11 
 2257       1.445138633419e-11 
 2258       1.442999507557e-11 
 2259       1.440956462976e-11 
 2260       1.439008558037e-11 
 2261       1.437154322008e-11 
 2262       1.435392146885e-11 
 2263       1.433720418291e-11 
 2264       1.432137515474e-11 
 2265       1.430641811300e-11 
 2266       1.429231672241e-11 
 2267       1.427905458371e-11 
 2268       1.426661523361e-11 
 2269       1.425498214466e-11 
 2270       1.424413872523e-11 
 2271       1.423406831941e-11 
 2272       1.422475420692e-11 
 2273       1.421617960310e-11 
 2274       1.420832765877e-11 
 2275       1.420118146017e-11 
 2276       1.419472402894e-11 
 2277       1.418893832197e-11 
 2278       1.418380723139e-11 
 2279       1.417931358445e-11 
 2280       1.417544014349e-11 
 2281       1.417216960584e-11 
 2282       1.416948460374e-11 
 2283       1.416736770429e-11 
 2284       1.416580140937e-11 
 2285       1.416476815555e-11 
 2286       1.416425031406e-11 
 2287       1.416423019065e-11 
 2288       1.416469002559e-11 
 2289       1.416561199353e-11 
 2290       1.416697820350e-11 
 2291       1.416877069875e-11 
 2292       1.417097145676e-11 
 2293       1.417356238912e-11 
 2294       1.417652534146e-11 
 2295       1.417984209338e-11 
 2296       1.418349435841e-11 
 2297       1.418746378389e-11 
 2298       1.419173195090e-11 
 2299       1.419628095676e-11 
 2300       1.420109516650e-11 
 2301       1.420615947239e-11 
 2302       1.421145871233e-11 
 2303       1.421697766980e-11 
 2304       1.422270107382e-11 
 2305       1.422861359888e-11 
 2306       1.423469986484e-11 
 2307       1.424094443696e-11 
 2308       1.424733182574e-11 
 2309       1.425384648694e-11 
 2310       1.426047282147e-11 
 2311       1.426719517535e-11 
 2312       1.427399783966e-11 
 2313       1.428086505044e-11 
 2314       1.428778098869e-11 
 2315       1.429472978027e-11 
 2316       1.430169549584e-11 
 2317       1.430866215082e-11 
 2318       1.431561370531e-11 
 2319       1.432253406404e-11 
 2320       1.432940707633e-11 
 2321       1.433621653599e-11 
 2322       1.434294618129e-11 
 2323       1.434957969488e-11 
 2324       1.435610070376e-11 
 2325       1.436249277920e-11 
 2326       1.436873943666e-11 
 2327       1.437482413577e-11 
 2328       1.438073028026e-11 
 2329       1.438644121788e-11 
 2330       1.439194024035e-11 
 2331       1.439721058332e-11 
 2332       1.440223542628e-11 
 2333       1.440699789252e-11 
 2334       1.441148104907e-11 
 2335       1.441566790661e-11 
 2336       1.441954141948e-11 
 2337       1.442308448554e-11 
 2338       1.442628174335e-11 
 2339       1.442912497604e-11 
 2340       1.443160774117e-11 
 2341       1.443372357654e-11 
 2342       1.443546600023e-11 
 2343       1.443682851052e-11 
 2344       1.443780458593e-11 
 2345       1.443838768513e-11 
 2346       1.443857124699e-11 
 2347       1.443834869052e-11 
 2348       1.443771341485e-11 
 2349       1.443665879922e-11 
 2350       1.443517820295e-11 
 2351       1.443326496545e-11 
 2352       1.443091240614e-11 
 2353       1.442811382451e-11 
 2354       1.442486250001e-11 
 2355       1.442115169211e-11 
 2356       1.441697464023e-11 
 2357       1.441232456374e-11 
 2358       1.440719466193e-11 
 2359       1.440157811400e-11 
 2360       1.439546807902e-11 
 2361       1.438885769595e-11 
 2362       1.438174008357e-11 
 2363       1.437410834049e-11 
 2364       1.436595554513e-11 
 2365       1.435727475568e-11 
 2366       1.434805901011e-11 
 2367       1.433830132612e-11 
 2368       1.432799470113e-11 
 2369       1.431713211227e-11 
 2370       1.430570651635e-11 
 2371       1.429371084983e-11 
 2372       1.428113802883e-11 
 2373       1.426798094908e-11 
 2374       1.425423248590e-11 
 2375       1.423988549421e-11 
 2376       1.422493280849e-11 
 2377       1.420936907646e-11 
 2378       1.419319627265e-11 
 2379       1.417641821875e-11 
 2380       1.415903875305e-11 
 2381       1.414106173038e-11 
 2382       1.412249102220e-11 
 2383       1.410333051657e-11 
 2384       1.408358411821e-11 
 2385       1.406325574846e-11 
 2386       1.404234934537e-11 
 2387       1.402086886367e-11 
 2388       1.399881827479e-11 
 2389       1.397620156692e-11 
 2390       1.395302274496e-11 
 2391       1.392928583062e-11 
 2392       1.390499486237e-11 
 2393       1.388015389549e-11 
 2394       1.385476700208e-11 
 2395       1.382883827110e-11 
 2396       1.380237180835e-11 
 2397       1.377537173653e-11 
 2398       1.374784219522e-11 
 2399       1.371978734093e-11 
 2400       1.369121134711e-11 
 2401       1.366211840414e-11 
 2402       1.363251271940e-11 
 2403       1.360239851725e-11 
 2404       1.357178003906e-11 
 2405       1.354066154324e-11 
 2406       1.350904730523e-11 
 2407       1.347694161756e-11 
 2408       1.344434878982e-11 
 2409       1.341127314872e-11 
 2410       1.337771903810e-11 
 2411       1.334369081891e-11 
 2412       1.330919286929e-11 
 2413       1.327422958455e-11 
 2414       1.323880537719e-11 
 2415       1.320292467694e-11 
 2416       1.316659280167e-11 
 2417       1.312981857591e-11 
 2418       1.309261172827e-11 
 2419       1.305498202196e-11 
 2420       1.301693925486e-11 
 2421       1.297849325952e-11 
 2422       1.293965390325e-11 
 2423       1.290043108808e-11 
 2424       1.286083475089e-11 
 2425       1.282087486337e-11 
 2426       1.278056143208e-11 
 2427       1.273990449851e-11 
 2428       1.269891413908e-11 
 2429       1.265760046521e-11 
 2430       1.261597362334e-11 
 2431       1.257404379495e-11 
 2432       1.253182119662e-11 
 2433       1.248931608008e-11 
 2434       1.244653873220e-11 
 2435       1.240349947508e-11 
 2436       1.236020866602e-11 
 2437       1.231667669765e-11 
 2438       1.227291399787e-11 
 2439       1.222893102995e-11 
 2440       1.218473829254e-11 
 2441       1.214034631971e-11 
 2442       1.209576568101e-11 
 2443       1.205100698145e-11 
 2444       1.200608086161e-11 
 2445       1.196099799760e-11 
 2446       1.191576910118e-11 
 2447       1.187040491972e-11 
 2448       1.182491623628e-11 
 2449       1.177931386963e-11 
 2450       1.173360867431e-11 
 2451       1.168781154061e-11 
 2452       1.164193339469e-11 
 2453       1.159598519854e-11 
 2454       1.154997795007e-11 
 2455       1.150392242243e-11 
 2456       1.145782838036e-11 
 2457       1.141170535926e-11 
 2458       1.136556292546e-11 
 2459       1.131941067629e-11 
 2460       1.127325824004e-11 
 2461       1.122711527607e-11 
 2462       1.118099147480e-11 
 2463       1.113489655772e-11 
 2464       1.108884027749e-11 
 2465       1.104283241790e-11 
 2466       1.099688279395e-11 
 2467       1.095100125184e-11 
 2468       1.090519766905e-11 
 2469       1.085948195433e-11 
 2470       1.081386404775e-11 
 2471       1.076835392073e-11 
 2472       1.072296157607e-11 
 2473       1.067769704798e-11 
 2474       1.063257040211e-11 
 2475       1.058759173559e-11 
 2476       1.054277117705e-11 
 2477       1.049811888666e-11 
 2478       1.045364505615e-11 
 2479       1.040935990886e-11 
 2480       1.036527369975e-11 
 2481       1.032139671546e-11 
 2482       1.027773927430e-11 
 2483       1.023431172632e-11 
 2484       1.019112445332e-11 
 2485       1.014818786889e-11 
 2486       1.010551241844e-11 
 2487       1.006310857923e-11 
 2488       1.002098686041e-11 
 2489       9.979157803010e-12 
 2490       9.937631980047e-12 
 2491       9.896419996489e-12 
 2492       9.855532489316e-12 
 2493       9.814980127550e-12 
 2494       9.774767826963e-12 
 2495       9.734877357057e-12 
 2496       9.695284632034e-12 
 2497       9.655965486759e-12 
 2498       9.616895676679e-12 
 2499       9.578050877743e-12 
 2500       9.539406686322e-12 
