# dimensionless total [l(l+1)/2pi] C_l's
# for l=2 to 2500, i.e. number of multipoles equal to 2499
#
# -> if you prefer output in CAMB/HealPix/LensPix units/order, set 'format' to 'camb' in input file
# -> if you don't want to see such a header, set 'headers' to 'no' in input file
#
# 1:l     2:TT                 
    2       1.383673165718e-10 
    3       1.309366121561e-10 
    4       1.238772484152e-10 
    5       1.185670399041e-10 
    6       1.148990940156e-10 
    7       1.125563646644e-10 
    8       1.111480844357e-10 
    9       1.104643290341e-10 
   10       1.103218014373e-10 
   11       1.105796655426e-10 
   12       1.112022443370e-10 
   13       1.120501683813e-10 
   14       1.130512348211e-10 
   15       1.142369826720e-10 
   16       1.156079028878e-10 
   17       1.170355019398e-10 
   18       1.185690208697e-10 
   19       1.202235224331e-10 
   20       1.219282797919e-10 
   21       1.236959002733e-10 
   22       1.255327506078e-10 
   23       1.274284889024e-10 
   24       1.293497364730e-10 
   25       1.313114300698e-10 
   26       1.333267606562e-10 
   27       1.353909451431e-10 
   28       1.374846623579e-10 
   29       1.396133632882e-10 
   30       1.417783203980e-10 
   31       1.439703247472e-10 
   32       1.461922543791e-10 
   33       1.484423018678e-10 
   34       1.507125023826e-10 
   35       1.530087782437e-10 
   36       1.553362720158e-10 
   37       1.576951048816e-10 
   38       1.600867266338e-10 
   39       1.625084629422e-10 
   40       1.649509812847e-10 
   41       1.674030765293e-10 
   42       1.698694674860e-10 
   43       1.723576971467e-10 
   44       1.748729229588e-10 
   45       1.774180473047e-10 
   46       1.799948112468e-10 
   47       1.826025543876e-10 
   48       1.852375863518e-10 
   49       1.878929320378e-10 
   50       1.905612977622e-10 
   51       1.932455098749e-10 
   52       1.959504692397e-10 
   53       1.986800772582e-10 
   54       2.014371326927e-10 
   55       2.042235010185e-10 
   56       2.070409081175e-10 
   57       2.098901630325e-10 
   58       2.127708121690e-10 
   59       2.156810467356e-10 
   60       2.186176101860e-10 
   61       2.215771801536e-10 
   62       2.245610861283e-10 
   63       2.275714912848e-10 
   64       2.306099665636e-10 
   65       2.336774448960e-10 
   66       2.367741754305e-10 
   67       2.398996777580e-10 
   68       2.430533436217e-10 
   69       2.462364859412e-10 
   70       2.494506246515e-10 
   71       2.526968472637e-10 
   72       2.559757796507e-10 
   73       2.592875568326e-10 
   74       2.626317937622e-10 
   75       2.660075561102e-10 
   76       2.694138581254e-10 
   77       2.728513256079e-10 
   78       2.763207845191e-10 
   79       2.798227427004e-10 
   80       2.833573714676e-10 
   81       2.869244872035e-10 
   82       2.905235329519e-10 
   83       2.941535600114e-10 
   84       2.978136380412e-10 
   85       3.015042038168e-10 
   86       3.052259033618e-10 
   87       3.089791722758e-10 
   88       3.127642245296e-10 
   89       3.165810412606e-10 
   90       3.204293595687e-10 
   91       3.243086613110e-10 
   92       3.282181618976e-10 
   93       3.321570847917e-10 
   94       3.361255565723e-10 
   95       3.401238263990e-10 
   96       3.441519851172e-10 
   97       3.482099579751e-10 
   98       3.522974973411e-10 
   99       3.564141754207e-10 
  100       3.605593769744e-10 
  101       3.647322920342e-10 
  102       3.689319086215e-10 
  103       3.731570054638e-10 
  104       3.774064096983e-10 
  105       3.816798253135e-10 
  106       3.859771035621e-10 
  107       3.902979836496e-10 
  108       3.946420883642e-10 
  109       3.990089197054e-10 
  110       4.033978545136e-10 
  111       4.078081400990e-10 
  112       4.122388898710e-10 
  113       4.166890789670e-10 
  114       4.211575398820e-10 
  115       4.256429580976e-10 
  116       4.301440556113e-10 
  117       4.346601761839e-10 
  118       4.391907633705e-10 
  119       4.437351763074e-10 
  120       4.482926870022e-10 
  121       4.528624776249e-10 
  122       4.574436377978e-10 
  123       4.620351618867e-10 
  124       4.666359462910e-10 
  125       4.712447867342e-10 
  126       4.758603755547e-10 
  127       4.804812989962e-10 
  128       4.851060344984e-10 
  129       4.897331071256e-10 
  130       4.943615840112e-10 
  131       4.989906292867e-10 
  132       5.036193482500e-10 
  133       5.082467857950e-10 
  134       5.128719248406e-10 
  135       5.174936847603e-10 
  136       5.221109198109e-10 
  137       5.267224175624e-10 
  138       5.313268973269e-10 
  139       5.359230085880e-10 
  140       5.405093294299e-10 
  141       5.450843649671e-10 
  142       5.496465457732e-10 
  143       5.541942263105e-10 
  144       5.587258162990e-10 
  145       5.632401927369e-10 
  146       5.677363257031e-10 
  147       5.722131482651e-10 
  148       5.766695556725e-10 
  149       5.811044045500e-10 
  150       5.855165120907e-10 
  151       5.899046552497e-10 
  152       5.942675699372e-10 
  153       5.986039502117e-10 
  154       6.029124474735e-10 
  155       6.071916696580e-10 
  156       6.114401804286e-10 
  157       6.156564983707e-10 
  158       6.198390961842e-10 
  159       6.239863998776e-10 
  160       6.280967879605e-10 
  161       6.321687037543e-10 
  162       6.362010051764e-10 
  163       6.401926444904e-10 
  164       6.441425576873e-10 
  165       6.480496641995e-10 
  166       6.519128666144e-10 
  167       6.557310503879e-10 
  168       6.595030835587e-10 
  169       6.632278164613e-10 
  170       6.669040814404e-10 
  171       6.705306925643e-10 
  172       6.741064453385e-10 
  173       6.776301164199e-10 
  174       6.811004633300e-10 
  175       6.845162241691e-10 
  176       6.878761173296e-10 
  177       6.911788412101e-10 
  178       6.944230739289e-10 
  179       6.976074730379e-10 
  180       7.007307628097e-10 
  181       7.037920044563e-10 
  182       7.067903468897e-10 
  183       7.097249411152e-10 
  184       7.125949402672e-10 
  185       7.153994996455e-10 
  186       7.181377767519e-10 
  187       7.208089313263e-10 
  188       7.234121253829e-10 
  189       7.259465232466e-10 
  190       7.284112915894e-10 
  191       7.308055994664e-10 
  192       7.331286183523e-10 
  193       7.353795221776e-10 
  194       7.375574873650e-10 
  195       7.396616928655e-10 
  196       7.416913201950e-10 
  197       7.436455534701e-10 
  198       7.455235794449e-10 
  199       7.473245875470e-10 
  200       7.490477699136e-10 
  201       7.506923801655e-10 
  202       7.522579143294e-10 
  203       7.537439429238e-10 
  204       7.551500535921e-10 
  205       7.564758513121e-10 
  206       7.577209586065e-10 
  207       7.588850157523e-10 
  208       7.599676809907e-10 
  209       7.609686307373e-10 
  210       7.618875597918e-10 
  211       7.627241815477e-10 
  212       7.634782282026e-10 
  213       7.641494509677e-10 
  214       7.647376202780e-10 
  215       7.652425260019e-10 
  216       7.656639776513e-10 
  217       7.660018045913e-10 
  218       7.662558562503e-10 
  219       7.664260023297e-10 
  220       7.665121330140e-10 
  221       7.665141591804e-10 
  222       7.664320126088e-10 
  223       7.662656461920e-10 
  224       7.660150541828e-10 
  225       7.656803339498e-10 
  226       7.652616285989e-10 
  227       7.647591075492e-10 
  228       7.641729667899e-10 
  229       7.635034291383e-10 
  230       7.627507444972e-10 
  231       7.619151901127e-10 
  232       7.609970708316e-10 
  233       7.599967193591e-10 
  234       7.589144965163e-10 
  235       7.577507914979e-10 
  236       7.565060221298e-10 
  237       7.551806351266e-10 
  238       7.537751063492e-10 
  239       7.522899410625e-10 
  240       7.507256741931e-10 
  241       7.490828705863e-10 
  242       7.473621252645e-10 
  243       7.455640636843e-10 
  244       7.436893419942e-10 
  245       7.417386472922e-10 
  246       7.397126978835e-10 
  247       7.376122435378e-10 
  248       7.354380657474e-10 
  249       7.331909779842e-10 
  250       7.308717983743e-10 
  251       7.284812654397e-10 
  252       7.260201179931e-10 
  253       7.234891224878e-10 
  254       7.208890732222e-10 
  255       7.182207925447e-10 
  256       7.154851310589e-10 
  257       7.126829678280e-10 
  258       7.098152105799e-10 
  259       7.068827959119e-10 
  260       7.038866894957e-10 
  261       7.008278862821e-10 
  262       6.977074107060e-10 
  263       6.945263168911e-10 
  264       6.912856888548e-10 
  265       6.879866407131e-10 
  266       6.846303168854e-10 
  267       6.812178922992e-10 
  268       6.777505725953e-10 
  269       6.742295943323e-10 
  270       6.706562251916e-10 
  271       6.670317641823e-10 
  272       6.633575418458e-10 
  273       6.596349204611e-10 
  274       6.558652942491e-10 
  275       6.520500895778e-10 
  276       6.481907651671e-10 
  277       6.442888122935e-10 
  278       6.403457549953e-10 
  279       6.363630691522e-10 
  280       6.323419346643e-10 
  281       6.282834708332e-10 
  282       6.241888164101e-10 
  283       6.200591296758e-10 
  284       6.158955885212e-10 
  285       6.116993905275e-10 
  286       6.074717530461e-10 
  287       6.032139132795e-10 
  288       5.989271283607e-10 
  289       5.946126754341e-10 
  290       5.902718517355e-10 
  291       5.859059746722e-10 
  292       5.815163819033e-10 
  293       5.771044314202e-10 
  294       5.726715016263e-10 
  295       5.682189914178e-10 
  296       5.637483202636e-10 
  297       5.592609282854e-10 
  298       5.547582763385e-10 
  299       5.502418460912e-10 
  300       5.457131401059e-10 
  301       5.411736819187e-10 
  302       5.366250161199e-10 
  303       5.320687084341e-10 
  304       5.275063458006e-10 
  305       5.229395364536e-10 
  306       5.183699100023e-10 
  307       5.137991175110e-10 
  308       5.092288315800e-10 
  309       5.046607464248e-10 
  310       5.000965779574e-10 
  311       4.955380638656e-10 
  312       4.909868454168e-10 
  313       4.864441066403e-10 
  314       4.819109185597e-10 
  315       4.773883558958e-10 
  316       4.728774970013e-10 
  317       4.683794237960e-10 
  318       4.638952217014e-10 
  319       4.594259795760e-10 
  320       4.549727896496e-10 
  321       4.505367474587e-10 
  322       4.461189517813e-10 
  323       4.417205045714e-10 
  324       4.373425108945e-10 
  325       4.329860788620e-10 
  326       4.286523195663e-10 
  327       4.243423470157e-10 
  328       4.200572780693e-10 
  329       4.157982323716e-10 
  330       4.115663322880e-10 
  331       4.073627028390e-10 
  332       4.031884716357e-10 
  333       3.990447688141e-10 
  334       3.949327269707e-10 
  335       3.908534810965e-10 
  336       3.868081685128e-10 
  337       3.827979288055e-10 
  338       3.788239037601e-10 
  339       3.748872372968e-10 
  340       3.709890754052e-10 
  341       3.671305660792e-10 
  342       3.633128592519e-10 
  343       3.595371067306e-10 
  344       3.558044621316e-10 
  345       3.521160808150e-10 
  346       3.484731198198e-10 
  347       3.448767377987e-10 
  348       3.413280949528e-10 
  349       3.378282525765e-10 
  350       3.343778672179e-10 
  351       3.309774836871e-10 
  352       3.276276341367e-10 
  353       3.243288378987e-10 
  354       3.210816013200e-10 
  355       3.178864175994e-10 
  356       3.147437666235e-10 
  357       3.116541148028e-10 
  358       3.086179149086e-10 
  359       3.056356059084e-10 
  360       3.027076128028e-10 
  361       2.998343464618e-10 
  362       2.970162034606e-10 
  363       2.942535659161e-10 
  364       2.915468013234e-10 
  365       2.888962623916e-10 
  366       2.863022868806e-10 
  367       2.837651974369e-10 
  368       2.812853014301e-10 
  369       2.788628907892e-10 
  370       2.764982418387e-10 
  371       2.741916151351e-10 
  372       2.719432553028e-10 
  373       2.697533908708e-10 
  374       2.676222341088e-10 
  375       2.655499808632e-10 
  376       2.635368103938e-10 
  377       2.615828852098e-10 
  378       2.596883509061e-10 
  379       2.578533359998e-10 
  380       2.560779517660e-10 
  381       2.543622920745e-10 
  382       2.527064332258e-10 
  383       2.511104337876e-10 
  384       2.495743344310e-10 
  385       2.480981577664e-10 
  386       2.466819081803e-10 
  387       2.453255716714e-10 
  388       2.440291001025e-10 
  389       2.427923636413e-10 
  390       2.416151962195e-10 
  391       2.404974107805e-10 
  392       2.394387991039e-10 
  393       2.384391316285e-10 
  394       2.374981572769e-10 
  395       2.366156032792e-10 
  396       2.357911749966e-10 
  397       2.350245557457e-10 
  398       2.343154066219e-10 
  399       2.336633663237e-10 
  400       2.330680509765e-10 
  401       2.325290539562e-10 
  402       2.320459457134e-10 
  403       2.316182735971e-10 
  404       2.312455616785e-10 
  405       2.309273105753e-10 
  406       2.306629972750e-10 
  407       2.304520749592e-10 
  408       2.302939728272e-10 
  409       2.301880959201e-10 
  410       2.301338249447e-10 
  411       2.301305160970e-10 
  412       2.301775008866e-10 
  413       2.302740859601e-10 
  414       2.304195529252e-10 
  415       2.306131581749e-10 
  416       2.308541327107e-10 
  417       2.311416819668e-10 
  418       2.314749856343e-10 
  419       2.318531974846e-10 
  420       2.322754451934e-10 
  421       2.327408301648e-10 
  422       2.332484273548e-10 
  423       2.337972850956e-10 
  424       2.343864249191e-10 
  425       2.350148413811e-10 
  426       2.356815018849e-10 
  427       2.363854292038e-10 
  428       2.371259524994e-10 
  429       2.379024644972e-10 
  430       2.387143394382e-10 
  431       2.395609329568e-10 
  432       2.404415819595e-10 
  433       2.413556045026e-10 
  434       2.423022996707e-10 
  435       2.432809474549e-10 
  436       2.442908086305e-10 
  437       2.453311246358e-10 
  438       2.464011174498e-10 
  439       2.474999894707e-10 
  440       2.486269233940e-10 
  441       2.497810820905e-10 
  442       2.509616084846e-10 
  443       2.521676254327e-10 
  444       2.533982356008e-10 
  445       2.546525213434e-10 
  446       2.559295445811e-10 
  447       2.572283466791e-10 
  448       2.585479483252e-10 
  449       2.598873494082e-10 
  450       2.612455288958e-10 
  451       2.626214447129e-10 
  452       2.640140336198e-10 
  453       2.654222110904e-10 
  454       2.668448711905e-10 
  455       2.682808864555e-10 
  456       2.697291077692e-10 
  457       2.711883642415e-10 
  458       2.726574630867e-10 
  459       2.741351895020e-10 
  460       2.756203065451e-10 
  461       2.771115550130e-10 
  462       2.786076533196e-10 
  463       2.801072973743e-10 
  464       2.816091604601e-10 
  465       2.831118931114e-10 
  466       2.846142640639e-10 
  467       2.861155881891e-10 
  468       2.876153116710e-10 
  469       2.891128720977e-10 
  470       2.906076984176e-10 
  471       2.920992108952e-10 
  472       2.935868210673e-10 
  473       2.950699316987e-10 
  474       2.965479367382e-10 
  475       2.980202212749e-10 
  476       2.994861614937e-10 
  477       3.009451246315e-10 
  478       3.023964689333e-10 
  479       3.038395436078e-10 
  480       3.052736887837e-10 
  481       3.066982354656e-10 
  482       3.081125054899e-10 
  483       3.095158114806e-10 
  484       3.109074568057e-10 
  485       3.122867355328e-10 
  486       3.136529323851e-10 
  487       3.150053226975e-10 
  488       3.163431723727e-10 
  489       3.176657378368e-10 
  490       3.189722659954e-10 
  491       3.202619941897e-10 
  492       3.215341501524e-10 
  493       3.227879519637e-10 
  494       3.240226080071e-10 
  495       3.252373169256e-10 
  496       3.264312675773e-10 
  497       3.276036389919e-10 
  498       3.287536003264e-10 
  499       3.298803108207e-10 
  500       3.309829197543e-10 
  501       3.320605664017e-10 
  502       3.331123799887e-10 
  503       3.341374796479e-10 
  504       3.351349743752e-10 
  505       3.361040926878e-10 
  506       3.370445757948e-10 
  507       3.379562956670e-10 
  508       3.388391263752e-10 
  509       3.396929441076e-10 
  510       3.405176271864e-10 
  511       3.413130560848e-10 
  512       3.420791134438e-10 
  513       3.428156840893e-10 
  514       3.435226550485e-10 
  515       3.441999155672e-10 
  516       3.448473571267e-10 
  517       3.454648734603e-10 
  518       3.460523605706e-10 
  519       3.466097167460e-10 
  520       3.471368425778e-10 
  521       3.476336409772e-10 
  522       3.481000171917e-10 
  523       3.485358788225e-10 
  524       3.489411358413e-10 
  525       3.493157006066e-10 
  526       3.496594878813e-10 
  527       3.499724148494e-10 
  528       3.502544011326e-10 
  529       3.505053688072e-10 
  530       3.507252424214e-10 
  531       3.509139490118e-10 
  532       3.510714181202e-10 
  533       3.511975818110e-10 
  534       3.512923746873e-10 
  535       3.513557339086e-10 
  536       3.513875992071e-10 
  537       3.513879129046e-10 
  538       3.513566199297e-10 
  539       3.512936678346e-10 
  540       3.511990068117e-10 
  541       3.510725897108e-10 
  542       3.509143720557e-10 
  543       3.507243120612e-10 
  544       3.505024308614e-10 
  545       3.502489949309e-10 
  546       3.499643385778e-10 
  547       3.496488042162e-10 
  548       3.493027424062e-10 
  549       3.489265118963e-10 
  550       3.485204796638e-10 
  551       3.480850209565e-10 
  552       3.476205193339e-10 
  553       3.471273667083e-10 
  554       3.466059633860e-10 
  555       3.460567181089e-10 
  556       3.454800480953e-10 
  557       3.448763790815e-10 
  558       3.442461453628e-10 
  559       3.435897898350e-10 
  560       3.429077640353e-10 
  561       3.422005281839e-10 
  562       3.414685512251e-10 
  563       3.407123108685e-10 
  564       3.399322936302e-10 
  565       3.391289948742e-10 
  566       3.383029188536e-10 
  567       3.374545787519e-10 
  568       3.365844967240e-10 
  569       3.356932039378e-10 
  570       3.347812406152e-10 
  571       3.338491560733e-10 
  572       3.328975087658e-10 
  573       3.319268663245e-10 
  574       3.309378055999e-10 
  575       3.299309127029e-10 
  576       3.289067830460e-10 
  577       3.278660213845e-10 
  578       3.268092418576e-10 
  579       3.257370680301e-10 
  580       3.246501329331e-10 
  581       3.235490791054e-10 
  582       3.224345586351e-10 
  583       3.213072066773e-10 
  584       3.201675611980e-10 
  585       3.190161413070e-10 
  586       3.178534736315e-10 
  587       3.166800923475e-10 
  588       3.154965392122e-10 
  589       3.143033635956e-10 
  590       3.131011225124e-10 
  591       3.118903806543e-10 
  592       3.106717104214e-10 
  593       3.094456919543e-10 
  594       3.082129131661e-10 
  595       3.069739697740e-10 
  596       3.057294653316e-10 
  597       3.044800112605e-10 
  598       3.032262268823e-10 
  599       3.019687394504e-10 
  600       3.007081841823e-10 
  601       2.994452042907e-10 
  602       2.981804510164e-10 
  603       2.969145836593e-10 
  604       2.956482696108e-10 
  605       2.943821843857e-10 
  606       2.931170116539e-10 
  607       2.918534432723e-10 
  608       2.905921793169e-10 
  609       2.893339281144e-10 
  610       2.880794062746e-10 
  611       2.868293387217e-10 
  612       2.855844587265e-10 
  613       2.843455079383e-10 
  614       2.831132364169e-10 
  615       2.818884026642e-10 
  616       2.806717736564e-10 
  617       2.794641248756e-10 
  618       2.782662403421e-10 
  619       2.770789126458e-10 
  620       2.759029429785e-10 
  621       2.747391411658e-10 
  622       2.735882437373e-10 
  623       2.724506659668e-10 
  624       2.713267440867e-10 
  625       2.702168167303e-10 
  626       2.691212249381e-10 
  627       2.680403121642e-10 
  628       2.669744242832e-10 
  629       2.659239095965e-10 
  630       2.648891188387e-10 
  631       2.638704051844e-10 
  632       2.628681242543e-10 
  633       2.618826341223e-10 
  634       2.609142953215e-10 
  635       2.599634708509e-10 
  636       2.590305261820e-10 
  637       2.581158292652e-10 
  638       2.572197505365e-10 
  639       2.563426629237e-10 
  640       2.554849418532e-10 
  641       2.546469652564e-10 
  642       2.538291135762e-10 
  643       2.530317697737e-10 
  644       2.522553193343e-10 
  645       2.515001502746e-10 
  646       2.507666531491e-10 
  647       2.500552210560e-10 
  648       2.493662496443e-10 
  649       2.487001371202e-10 
  650       2.480572842536e-10 
  651       2.474380943845e-10 
  652       2.468429734297e-10 
  653       2.462723298891e-10 
  654       2.457265748524e-10 
  655       2.452061220057e-10 
  656       2.447113876378e-10 
  657       2.442427906466e-10 
  658       2.438007525461e-10 
  659       2.433856974725e-10 
  660       2.429980521909e-10 
  661       2.426381645500e-10 
  662       2.423060568595e-10 
  663       2.420016670871e-10 
  664       2.417249299022e-10 
  665       2.414757766597e-10 
  666       2.412541353846e-10 
  667       2.410599307556e-10 
  668       2.408930840899e-10 
  669       2.407535133268e-10 
  670       2.406411330120e-10 
  671       2.405558542822e-10 
  672       2.404975848484e-10 
  673       2.404662289808e-10 
  674       2.404616874927e-10 
  675       2.404838577246e-10 
  676       2.405326335282e-10 
  677       2.406079052511e-10 
  678       2.407095597202e-10 
  679       2.408374802267e-10 
  680       2.409915465093e-10 
  681       2.411716347392e-10 
  682       2.413776175039e-10 
  683       2.416093637912e-10 
  684       2.418667389736e-10 
  685       2.421496047924e-10 
  686       2.424578193417e-10 
  687       2.427912370529e-10 
  688       2.431497086784e-10 
  689       2.435330812760e-10 
  690       2.439411981933e-10 
  691       2.443738990512e-10 
  692       2.448310197288e-10 
  693       2.453123923469e-10 
  694       2.458178452527e-10 
  695       2.463472030034e-10 
  696       2.469002863511e-10 
  697       2.474769122261e-10 
  698       2.480768937216e-10 
  699       2.487000400777e-10 
  700       2.493461244235e-10 
  701       2.500147862972e-10 
  702       2.507056270642e-10 
  703       2.514182419514e-10 
  704       2.521522200237e-10 
  705       2.529071441598e-10 
  706       2.536825910291e-10 
  707       2.544781310675e-10 
  708       2.552933284540e-10 
  709       2.561277410867e-10 
  710       2.569809205592e-10 
  711       2.578524121368e-10 
  712       2.587417547329e-10 
  713       2.596484808850e-10 
  714       2.605721167313e-10 
  715       2.615121819869e-10 
  716       2.624681899197e-10 
  717       2.634396473273e-10 
  718       2.644260545126e-10 
  719       2.654269052606e-10 
  720       2.664416868144e-10 
  721       2.674698798515e-10 
  722       2.685109584601e-10 
  723       2.695643901154e-10 
  724       2.706296356558e-10 
  725       2.717061492593e-10 
  726       2.727933784194e-10 
  727       2.738907639219e-10 
  728       2.749977398209e-10 
  729       2.761137334150e-10 
  730       2.772381652235e-10 
  731       2.783704489631e-10 
  732       2.795099915236e-10 
  733       2.806561929448e-10 
  734       2.818084463920e-10 
  735       2.829661381330e-10 
  736       2.841286475138e-10 
  737       2.852953469355e-10 
  738       2.864656018298e-10 
  739       2.876388017619e-10 
  740       2.888144544591e-10 
  741       2.899920935906e-10 
  742       2.911712477933e-10 
  743       2.923514406543e-10 
  744       2.935321906944e-10 
  745       2.947130113508e-10 
  746       2.958934109608e-10 
  747       2.970728927444e-10 
  748       2.982509547873e-10 
  749       2.994270900246e-10 
  750       3.006007862234e-10 
  751       3.017715259660e-10 
  752       3.029387866330e-10 
  753       3.041020403867e-10 
  754       3.052607541535e-10 
  755       3.064143896078e-10 
  756       3.075624031546e-10 
  757       3.087042459127e-10 
  758       3.098393636979e-10 
  759       3.109671970060e-10 
  760       3.120871809959e-10 
  761       3.131987454727e-10 
  762       3.143013148709e-10 
  763       3.153943082374e-10 
  764       3.164771392146e-10 
  765       3.175492160236e-10 
  766       3.186099414470e-10 
  767       3.196587128124e-10 
  768       3.206949219754e-10 
  769       3.217179553024e-10 
  770       3.227271936540e-10 
  771       3.237220123680e-10 
  772       3.247017812427e-10 
  773       3.256658645194e-10 
  774       3.266136208663e-10 
  775       3.275444033609e-10 
  776       3.284575594738e-10 
  777       3.293524310509e-10 
  778       3.302284252766e-10 
  779       3.310852290540e-10 
  780       3.319225986107e-10 
  781       3.327402888818e-10 
  782       3.335380535065e-10 
  783       3.343156448251e-10 
  784       3.350728138768e-10 
  785       3.358093103962e-10 
  786       3.365248828107e-10 
  787       3.372192782379e-10 
  788       3.378922424823e-10 
  789       3.385435200328e-10 
  790       3.391728540596e-10 
  791       3.397799864117e-10 
  792       3.403646576135e-10 
  793       3.409266068627e-10 
  794       3.414655720267e-10 
  795       3.419812896403e-10 
  796       3.424734949024e-10 
  797       3.429419216736e-10 
  798       3.433863024731e-10 
  799       3.438063684760e-10 
  800       3.442018495101e-10 
  801       3.445724740534e-10 
  802       3.449179692314e-10 
  803       3.452380608137e-10 
  804       3.455324732115e-10 
  805       3.458009294749e-10 
  806       3.460431512898e-10 
  807       3.462588589750e-10 
  808       3.464477714795e-10 
  809       3.466096063797e-10 
  810       3.467440798765e-10 
  811       3.468509067924e-10 
  812       3.469298005686e-10 
  813       3.469804732623e-10 
  814       3.470026355438e-10 
  815       3.469959966936e-10 
  816       3.469602645997e-10 
  817       3.468952125803e-10 
  818       3.468008811680e-10 
  819       3.466773799243e-10 
  820       3.465248209496e-10 
  821       3.463433188926e-10 
  822       3.461329909589e-10 
  823       3.458939569208e-10 
  824       3.456263391258e-10 
  825       3.453302625065e-10 
  826       3.450058545890e-10 
  827       3.446532455025e-10 
  828       3.442725679883e-10 
  829       3.438639574091e-10 
  830       3.434275517579e-10 
  831       3.429634916674e-10 
  832       3.424719204189e-10 
  833       3.419529839519e-10 
  834       3.414068308726e-10 
  835       3.408336124636e-10 
  836       3.402334826927e-10 
  837       3.396065982225e-10 
  838       3.389531184189e-10 
  839       3.382732053608e-10 
  840       3.375670238491e-10 
  841       3.368347414156e-10 
  842       3.360765283326e-10 
  843       3.352925576217e-10 
  844       3.344830050631e-10 
  845       3.336480492046e-10 
  846       3.327878713710e-10 
  847       3.319026556731e-10 
  848       3.309925890168e-10 
  849       3.300578611125e-10 
  850       3.290986644838e-10 
  851       3.281151944771e-10 
  852       3.271076492706e-10 
  853       3.260762298834e-10 
  854       3.250211401846e-10 
  855       3.239425869027e-10 
  856       3.228408057276e-10 
  857       3.217161400874e-10 
  858       3.205689637334e-10 
  859       3.193996547816e-10 
  860       3.182085957266e-10 
  861       3.169961734549e-10 
  862       3.157627792581e-10 
  863       3.145088088465e-10 
  864       3.132346623624e-10 
  865       3.119407443938e-10 
  866       3.106274639875e-10 
  867       3.092952346626e-10 
  868       3.079444744241e-10 
  869       3.065756057762e-10 
  870       3.051890557355e-10 
  871       3.037852558447e-10 
  872       3.023646421861e-10 
  873       3.009276553948e-10 
  874       2.994747406721e-10 
  875       2.980063477990e-10 
  876       2.965229311497e-10 
  877       2.950249497049e-10 
  878       2.935128670654e-10 
  879       2.919871514652e-10 
  880       2.904482757851e-10 
  881       2.888967175663e-10 
  882       2.873329590235e-10 
  883       2.857574870586e-10 
  884       2.841707932737e-10 
  885       2.825733739852e-10 
  886       2.809657302366e-10 
  887       2.793483678120e-10 
  888       2.777217972500e-10 
  889       2.760865338566e-10 
  890       2.744430977187e-10 
  891       2.727920137179e-10 
  892       2.711338115435e-10 
  893       2.694690257059e-10 
  894       2.677981955504e-10 
  895       2.661218407774e-10 
  896       2.644403875388e-10 
  897       2.627542411627e-10 
  898       2.610638105468e-10 
  899       2.593695081685e-10 
  900       2.576717500938e-10 
  901       2.559709559881e-10 
  902       2.542675491251e-10 
  903       2.525619563973e-10 
  904       2.508546083249e-10 
  905       2.491459390665e-10 
  906       2.474363864280e-10 
  907       2.457263918730e-10 
  908       2.440164005321e-10 
  909       2.423068612130e-10 
  910       2.405982264099e-10 
  911       2.388909523137e-10 
  912       2.371854988213e-10 
  913       2.354823295456e-10 
  914       2.337819118254e-10 
  915       2.320847167347e-10 
  916       2.303912190930e-10 
  917       2.287018974746e-10 
  918       2.270172342184e-10 
  919       2.253377154382e-10 
  920       2.236638310318e-10 
  921       2.219960746909e-10 
  922       2.203349439111e-10 
  923       2.186809400016e-10 
  924       2.170345680946e-10 
  925       2.153963371555e-10 
  926       2.137667599926e-10 
  927       2.121463532664e-10 
  928       2.105356374999e-10 
  929       2.089351370882e-10 
  930       2.073453803080e-10 
  931       2.057668993276e-10 
  932       2.042002302168e-10 
  933       2.026459129562e-10 
  934       2.011044355552e-10 
  935       1.995760654283e-10 
  936       1.980610154017e-10 
  937       1.965594993683e-10 
  938       1.950717322903e-10 
  939       1.935979302008e-10 
  940       1.921383102061e-10 
  941       1.906930904878e-10 
  942       1.892624903048e-10 
  943       1.878467299952e-10 
  944       1.864460309787e-10 
  945       1.850606157585e-10 
  946       1.836907079234e-10 
  947       1.823365321499e-10 
  948       1.809983142041e-10 
  949       1.796762809442e-10 
  950       1.783706603221e-10 
  951       1.770816813856e-10 
  952       1.758095742808e-10 
  953       1.745545702538e-10 
  954       1.733169016527e-10 
  955       1.720968019302e-10 
  956       1.708945056452e-10 
  957       1.697102484649e-10 
  958       1.685442671672e-10 
  959       1.673967996425e-10 
  960       1.662680848958e-10 
  961       1.651583630488e-10 
  962       1.640678753421e-10 
  963       1.629968641371e-10 
  964       1.619455729181e-10 
  965       1.609142462946e-10 
  966       1.599031300028e-10 
  967       1.589124709086e-10 
  968       1.579425170087e-10 
  969       1.569935174333e-10 
  970       1.560657224481e-10 
  971       1.551593834559e-10 
  972       1.542747529995e-10 
  973       1.534120314112e-10 
  974       1.525712058829e-10 
  975       1.517522089848e-10 
  976       1.509549717937e-10 
  977       1.501794238878e-10 
  978       1.494254933427e-10 
  979       1.486931067263e-10 
  980       1.479821890941e-10 
  981       1.472926639848e-10 
  982       1.466244534153e-10 
  983       1.459774778762e-10 
  984       1.453516563271e-10 
  985       1.447469061921e-10 
  986       1.441631433546e-10 
  987       1.436002821530e-10 
  988       1.430582353762e-10 
  989       1.425369142585e-10 
  990       1.420362284751e-10 
  991       1.415560861375e-10 
  992       1.410963937887e-10 
  993       1.406570563984e-10 
  994       1.402379773588e-10 
  995       1.398390584793e-10 
  996       1.394601999823e-10 
  997       1.391013004983e-10 
  998       1.387622570612e-10 
  999       1.384429651036e-10 
 1000       1.381433184524e-10 
 1001       1.378632093238e-10 
 1002       1.376025283187e-10 
 1003       1.373611644181e-10 
 1004       1.371390049782e-10 
 1005       1.369359357263e-10 
 1006       1.367518407552e-10 
 1007       1.365866025193e-10 
 1008       1.364401018297e-10 
 1009       1.363122178493e-10 
 1010       1.362028280884e-10 
 1011       1.361118083999e-10 
 1012       1.360390104235e-10 
 1013       1.359841935724e-10 
 1014       1.359470920555e-10 
 1015       1.359274373325e-10 
 1016       1.359249581063e-10 
 1017       1.359393803155e-10 
 1018       1.359704271278e-10 
 1019       1.360178189316e-10 
 1020       1.360812733298e-10 
 1021       1.361605051316e-10 
 1022       1.362552263456e-10 
 1023       1.363651461726e-10 
 1024       1.364899709980e-10 
 1025       1.366294043843e-10 
 1026       1.367831470643e-10 
 1027       1.369508969337e-10 
 1028       1.371323490432e-10 
 1029       1.373271955919e-10 
 1030       1.375351259195e-10 
 1031       1.377558264991e-10 
 1032       1.379889809302e-10 
 1033       1.382342699308e-10 
 1034       1.384913713305e-10 
 1035       1.387599600632e-10 
 1036       1.390397081593e-10 
 1037       1.393302847391e-10 
 1038       1.396313560049e-10 
 1039       1.399425852338e-10 
 1040       1.402636327706e-10 
 1041       1.405941560204e-10 
 1042       1.409338094411e-10 
 1043       1.412822445361e-10 
 1044       1.416391098473e-10 
 1045       1.420040509474e-10 
 1046       1.423767104328e-10 
 1047       1.427567279163e-10 
 1048       1.431437400194e-10 
 1049       1.435373803656e-10 
 1050       1.439372795726e-10 
 1051       1.443430807505e-10 
 1052       1.447544862465e-10 
 1053       1.451712115356e-10 
 1054       1.455929697683e-10 
 1055       1.460194717649e-10 
 1056       1.464504260102e-10 
 1057       1.468855386475e-10 
 1058       1.473245134732e-10 
 1059       1.477670519310e-10 
 1060       1.482128531065e-10 
 1061       1.486616137212e-10 
 1062       1.491130281271e-10 
 1063       1.495667883012e-10 
 1064       1.500225838396e-10 
 1065       1.504801019518e-10 
 1066       1.509390274555e-10 
 1067       1.513990427703e-10 
 1068       1.518598279129e-10 
 1069       1.523210604906e-10 
 1070       1.527824156963e-10 
 1071       1.532435663025e-10 
 1072       1.537041826558e-10 
 1073       1.541639326714e-10 
 1074       1.546224818271e-10 
 1075       1.550794931581e-10 
 1076       1.555346272508e-10 
 1077       1.559875422379e-10 
 1078       1.564378937920e-10 
 1079       1.568853351207e-10 
 1080       1.573295169602e-10 
 1081       1.577700875702e-10 
 1082       1.582066927283e-10 
 1083       1.586389757239e-10 
 1084       1.590665773530e-10 
 1085       1.594891359122e-10 
 1086       1.599062871936e-10 
 1087       1.603176644784e-10 
 1088       1.607228985321e-10 
 1089       1.611216175980e-10 
 1090       1.615134868681e-10 
 1091       1.618983274826e-10 
 1092       1.622759991141e-10 
 1093       1.626463606348e-10 
 1094       1.630092701150e-10 
 1095       1.633645848212e-10 
 1096       1.637121612147e-10 
 1097       1.640518549496e-10 
 1098       1.643835208717e-10 
 1099       1.647070130162e-10 
 1100       1.650221846067e-10 
 1101       1.653288880528e-10 
 1102       1.656269749492e-10 
 1103       1.659162960736e-10 
 1104       1.661967013851e-10 
 1105       1.664680400226e-10 
 1106       1.667301603032e-10 
 1107       1.669829097203e-10 
 1108       1.672261349424e-10 
 1109       1.674596818110e-10 
 1110       1.676833953392e-10 
 1111       1.678971197099e-10 
 1112       1.681006982743e-10 
 1113       1.682939735499e-10 
 1114       1.684767872195e-10 
 1115       1.686489801289e-10 
 1116       1.688103922856e-10 
 1117       1.689608628568e-10 
 1118       1.691002301684e-10 
 1119       1.692283317025e-10 
 1120       1.693450040965e-10 
 1121       1.694500831410e-10 
 1122       1.695434037782e-10 
 1123       1.696248001004e-10 
 1124       1.696941053483e-10 
 1125       1.697511519092e-10 
 1126       1.697957713156e-10 
 1127       1.698277942431e-10 
 1128       1.698470505094e-10 
 1129       1.698534073859e-10 
 1130       1.698468850808e-10 
 1131       1.698275427478e-10 
 1132       1.697954403095e-10 
 1133       1.697506384597e-10 
 1134       1.696931986652e-10 
 1135       1.696231831677e-10 
 1136       1.695406549859e-10 
 1137       1.694456779172e-10 
 1138       1.693383165399e-10 
 1139       1.692186362150e-10 
 1140       1.690867030882e-10 
 1141       1.689425840919e-10 
 1142       1.687863469471e-10 
 1143       1.686180601653e-10 
 1144       1.684377930504e-10 
 1145       1.682456157010e-10 
 1146       1.680415990118e-10 
 1147       1.678258146761e-10 
 1148       1.675983351873e-10 
 1149       1.673592338412e-10 
 1150       1.671085847378e-10 
 1151       1.668464627829e-10 
 1152       1.665729436909e-10 
 1153       1.662881039860e-10 
 1154       1.659920210042e-10 
 1155       1.656847728957e-10 
 1156       1.653664386266e-10 
 1157       1.650370979806e-10 
 1158       1.646968315615e-10 
 1159       1.643457207947e-10 
 1160       1.639838479291e-10 
 1161       1.636112960396e-10 
 1162       1.632281490283e-10 
 1163       1.628344916272e-10 
 1164       1.624304093995e-10 
 1165       1.620159887421e-10 
 1166       1.615913168869e-10 
 1167       1.611564819036e-10 
 1168       1.607115893739e-10 
 1169       1.602568126413e-10 
 1170       1.597923431943e-10 
 1171       1.593183740537e-10 
 1172       1.588350997763e-10 
 1173       1.583427164578e-10 
 1174       1.578414217368e-10 
 1175       1.573314147978e-10 
 1176       1.568128963747e-10 
 1177       1.562860687544e-10 
 1178       1.557511357800e-10 
 1179       1.552083028543e-10 
 1180       1.546577769432e-10 
 1181       1.540997665791e-10 
 1182       1.535344818645e-10 
 1183       1.529621344751e-10 
 1184       1.523829376634e-10 
 1185       1.517971062620e-10 
 1186       1.512048566873e-10 
 1187       1.506064069426e-10 
 1188       1.500019766215e-10 
 1189       1.493917869118e-10 
 1190       1.487760605981e-10 
 1191       1.481550220661e-10 
 1192       1.475288973053e-10 
 1193       1.468979139128e-10 
 1194       1.462623010966e-10 
 1195       1.456222896791e-10 
 1196       1.449781121003e-10 
 1197       1.443300024216e-10 
 1198       1.436781963287e-10 
 1199       1.430229311355e-10 
 1200       1.423644457871e-10 
 1201       1.417029808638e-10 
 1202       1.410387785837e-10 
 1203       1.403720828068e-10 
 1204       1.397031390381e-10 
 1205       1.390321944311e-10 
 1206       1.383594977911e-10 
 1207       1.376852893016e-10 
 1208       1.370097695588e-10 
 1209       1.363331301689e-10 
 1210       1.356555639938e-10 
 1211       1.349772651534e-10 
 1212       1.342984290286e-10 
 1213       1.336192522635e-10 
 1214       1.329399327684e-10 
 1215       1.322606697217e-10 
 1216       1.315816635733e-10 
 1217       1.309031160465e-10 
 1218       1.302252301409e-10 
 1219       1.295482101347e-10 
 1220       1.288722615878e-10 
 1221       1.281975913436e-10 
 1222       1.275244075324e-10 
 1223       1.268529195732e-10 
 1224       1.261833381769e-10 
 1225       1.255158753484e-10 
 1226       1.248507443895e-10 
 1227       1.241881599013e-10 
 1228       1.235283377868e-10 
 1229       1.228714952533e-10 
 1230       1.222178508155e-10 
 1231       1.215676242973e-10 
 1232       1.209210368351e-10 
 1233       1.202783108799e-10 
 1234       1.196396702001e-10 
 1235       1.190053398839e-10 
 1236       1.183755463419e-10 
 1237       1.177505173099e-10 
 1238       1.171304818512e-10 
 1239       1.165156703592e-10 
 1240       1.159063145601e-10 
 1241       1.153026475154e-10 
 1242       1.147049036244e-10 
 1243       1.141133186271e-10 
 1244       1.135281296061e-10 
 1245       1.129495749898e-10 
 1246       1.123778675915e-10 
 1247       1.118131133759e-10 
 1248       1.112553917447e-10 
 1249       1.107047824138e-10 
 1250       1.101613654138e-10 
 1251       1.096252210904e-10 
 1252       1.090964301051e-10 
 1253       1.085750734357e-10 
 1254       1.080612323763e-10 
 1255       1.075549885384e-10 
 1256       1.070564238512e-10 
 1257       1.065656205617e-10 
 1258       1.060826612358e-10 
 1259       1.056076287584e-10 
 1260       1.051406063338e-10 
 1261       1.046816774867e-10 
 1262       1.042309260620e-10 
 1263       1.037884362259e-10 
 1264       1.033542924660e-10 
 1265       1.029285795919e-10 
 1266       1.025113827357e-10 
 1267       1.021027873525e-10 
 1268       1.017028792209e-10 
 1269       1.013117444435e-10 
 1270       1.009294694471e-10 
 1271       1.005561409837e-10 
 1272       1.001918461305e-10 
 1273       9.983667229085e-11 
 1274       9.949070719423e-11 
 1275       9.915403889713e-11 
 1276       9.882675578338e-11 
 1277       9.850894656465e-11 
 1278       9.820070028093e-11 
 1279       9.790210630106e-11 
 1280       9.761325432315e-11 
 1281       9.733423437514e-11 
 1282       9.706513681522e-11 
 1283       9.680605233235e-11 
 1284       9.655707194677e-11 
 1285       9.631826120315e-11 
 1286       9.608958242806e-11 
 1287       9.587097158896e-11 
 1288       9.566236401991e-11 
 1289       9.546369442012e-11 
 1290       9.527489685263e-11 
 1291       9.509590474286e-11 
 1292       9.492665087724e-11 
 1293       9.476706740187e-11 
 1294       9.461708582106e-11 
 1295       9.447663699599e-11 
 1296       9.434565114330e-11 
 1297       9.422405783371e-11 
 1298       9.411178599066e-11 
 1299       9.400876388886e-11 
 1300       9.391491915296e-11 
 1301       9.383017875613e-11 
 1302       9.375446901870e-11 
 1303       9.368771560673e-11 
 1304       9.362984353069e-11 
 1305       9.358077714398e-11 
 1306       9.354044014164e-11 
 1307       9.350875555889e-11 
 1308       9.348564576977e-11 
 1309       9.347103248577e-11 
 1310       9.346483675439e-11 
 1311       9.346697895783e-11 
 1312       9.347737881152e-11 
 1313       9.349595536279e-11 
 1314       9.352262698947e-11 
 1315       9.355731139849e-11 
 1316       9.359992562448e-11 
 1317       9.365038602844e-11 
 1318       9.370860829628e-11 
 1319       9.377450743749e-11 
 1320       9.384799778372e-11 
 1321       9.392899298738e-11 
 1322       9.401740602032e-11 
 1323       9.411314917236e-11 
 1324       9.421612373674e-11 
 1325       9.432618894440e-11 
 1326       9.444319268388e-11 
 1327       9.456698178127e-11 
 1328       9.469740199817e-11 
 1329       9.483429802953e-11 
 1330       9.497751350165e-11 
 1331       9.512689096998e-11 
 1332       9.528227191713e-11 
 1333       9.544349675069e-11 
 1334       9.561040480120e-11 
 1335       9.578283432003e-11 
 1336       9.596062247727e-11 
 1337       9.614360535968e-11 
 1338       9.633161796855e-11 
 1339       9.652449421767e-11 
 1340       9.672206693116e-11 
 1341       9.692416784142e-11 
 1342       9.713062758705e-11 
 1343       9.734127571073e-11 
 1344       9.755594065713e-11 
 1345       9.777444977084e-11 
 1346       9.799662929423e-11 
 1347       9.822230436542e-11 
 1348       9.845129901614e-11 
 1349       9.868343616964e-11 
 1350       9.891853763864e-11 
 1351       9.915642412317e-11 
 1352       9.939691520854e-11 
 1353       9.963982936320e-11 
 1354       9.988498393668e-11 
 1355       1.001321951575e-10 
 1356       1.003812781310e-10 
 1357       1.006320468373e-10 
 1358       1.008843141294e-10 
 1359       1.011378917307e-10 
 1360       1.013925902332e-10 
 1361       1.016482190952e-10 
 1362       1.019045866395e-10 
 1363       1.021615087428e-10 
 1364       1.024188350115e-10 
 1365       1.026764228824e-10 
 1366       1.029341289555e-10 
 1367       1.031918089917e-10 
 1368       1.034493179120e-10 
 1369       1.037065097955e-10 
 1370       1.039632378780e-10 
 1371       1.042193545505e-10 
 1372       1.044747113576e-10 
 1373       1.047291589961e-10 
 1374       1.049825473132e-10 
 1375       1.052347253054e-10 
 1376       1.054855411165e-10 
 1377       1.057348420363e-10 
 1378       1.059824744992e-10 
 1379       1.062282840824e-10 
 1380       1.064721155046e-10 
 1381       1.067138126240e-10 
 1382       1.069532184376e-10 
 1383       1.071901750790e-10 
 1384       1.074245238169e-10 
 1385       1.076561050538e-10 
 1386       1.078847583247e-10 
 1387       1.081103222948e-10 
 1388       1.083326347587e-10 
 1389       1.085515326386e-10 
 1390       1.087668519826e-10 
 1391       1.089784279635e-10 
 1392       1.091860948770e-10 
 1393       1.093896861405e-10 
 1394       1.095890342909e-10 
 1395       1.097839709839e-10 
 1396       1.099743269919e-10 
 1397       1.101599322027e-10 
 1398       1.103406156179e-10 
 1399       1.105162053513e-10 
 1400       1.106865286276e-10 
 1401       1.108514117806e-10 
 1402       1.110107004039e-10 
 1403       1.111643200361e-10 
 1404       1.113122161054e-10 
 1405       1.114543338347e-10 
 1406       1.115906182415e-10 
 1407       1.117210141374e-10 
 1408       1.118454661279e-10 
 1409       1.119639186119e-10 
 1410       1.120763157817e-10 
 1411       1.121826016224e-10 
 1412       1.122827199119e-10 
 1413       1.123766142202e-10 
 1414       1.124642279096e-10 
 1415       1.125455041339e-10 
 1416       1.126203858386e-10 
 1417       1.126888157599e-10 
 1418       1.127507364253e-10 
 1419       1.128060901525e-10 
 1420       1.128548190495e-10 
 1421       1.128968650143e-10 
 1422       1.129321697344e-10 
 1423       1.129606746866e-10 
 1424       1.129823211368e-10 
 1425       1.129970501395e-10 
 1426       1.130048025378e-10 
 1427       1.130055189627e-10 
 1428       1.129991398329e-10 
 1429       1.129856053550e-10 
 1430       1.129648555225e-10 
 1431       1.129368301157e-10 
 1432       1.129014687016e-10 
 1433       1.128587106337e-10 
 1434       1.128084950512e-10 
 1435       1.127507608791e-10 
 1436       1.126854468276e-10 
 1437       1.126124913923e-10 
 1438       1.125318328533e-10 
 1439       1.124434092753e-10 
 1440       1.123471585070e-10 
 1441       1.122430371209e-10 
 1442       1.121310774409e-10 
 1443       1.120113310928e-10 
 1444       1.118838501179e-10 
 1445       1.117486869733e-10 
 1446       1.116058945333e-10 
 1447       1.114555260899e-10 
 1448       1.112976353536e-10 
 1449       1.111322764543e-10 
 1450       1.109595039418e-10 
 1451       1.107793727870e-10 
 1452       1.105919383825e-10 
 1453       1.103972565433e-10 
 1454       1.101953835078e-10 
 1455       1.099863759383e-10 
 1456       1.097702909221e-10 
 1457       1.095471859721e-10 
 1458       1.093171190277e-10 
 1459       1.090801484555e-10 
 1460       1.088363330500e-10 
 1461       1.085857320347e-10 
 1462       1.083284050627e-10 
 1463       1.080644122174e-10 
 1464       1.077938140135e-10 
 1465       1.075166713976e-10 
 1466       1.072330457491e-10 
 1467       1.069429988809e-10 
 1468       1.066465930404e-10 
 1469       1.063438909101e-10 
 1470       1.060349556085e-10 
 1471       1.057198506905e-10 
 1472       1.053986401490e-10 
 1473       1.050713884148e-10 
 1474       1.047381603582e-10 
 1475       1.043990212890e-10 
 1476       1.040540369580e-10 
 1477       1.037032735574e-10 
 1478       1.033467977215e-10 
 1479       1.029846765278e-10 
 1480       1.026169851795e-10 
 1481       1.022438301347e-10 
 1482       1.018653262072e-10 
 1483       1.014815889070e-10 
 1484       1.010927344411e-10 
 1485       1.006988797148e-10 
 1486       1.003001423332e-10 
 1487       9.989664060209e-11 
 1488       9.948849352923e-11 
 1489       9.907582082567e-11 
 1490       9.865874290691e-11 
 1491       9.823738089406e-11 
 1492       9.781185661512e-11 
 1493       9.738229260614e-11 
 1494       9.694881211248e-11 
 1495       9.651153908997e-11 
 1496       9.607059820618e-11 
 1497       9.562611484158e-11 
 1498       9.517821509076e-11 
 1499       9.472702576370e-11 
 1500       9.427267438689e-11 
 1501       9.381528920461e-11 
 1502       9.335499918011e-11 
 1503       9.289193399685e-11 
 1504       9.242622405968e-11 
 1505       9.195800049606e-11 
 1506       9.148739515729e-11 
 1507       9.101454061970e-11 
 1508       9.053957018588e-11 
 1509       9.006261788586e-11 
 1510       8.958381847839e-11 
 1511       8.910330745205e-11 
 1512       8.862122102656e-11 
 1513       8.813769615394e-11 
 1514       8.765287051971e-11 
 1515       8.716688254416e-11 
 1516       8.667987138350e-11 
 1517       8.619197693110e-11 
 1518       8.570333981871e-11 
 1519       8.521409550599e-11 
 1520       8.472435648455e-11 
 1521       8.423422990493e-11 
 1522       8.374382347369e-11 
 1523       8.325324545425e-11 
 1524       8.276260466782e-11 
 1525       8.227201049433e-11 
 1526       8.178157287327e-11 
 1527       8.129140230466e-11 
 1528       8.080160984991e-11 
 1529       8.031230713275e-11 
 1530       7.982360634012e-11 
 1531       7.933562022309e-11 
 1532       7.884846209775e-11 
 1533       7.836224584613e-11 
 1534       7.787708591706e-11 
 1535       7.739309732716e-11 
 1536       7.691039566165e-11 
 1537       7.642909707532e-11 
 1538       7.594931829341e-11 
 1539       7.547117661252e-11 
 1540       7.499478990149e-11 
 1541       7.452027660236e-11 
 1542       7.404775573122e-11 
 1543       7.357734687913e-11 
 1544       7.310917021305e-11 
 1545       7.264334647672e-11 
 1546       7.217999699155e-11 
 1547       7.171924365757e-11 
 1548       7.126120895429e-11 
 1549       7.080601594162e-11 
 1550       7.035378826081e-11 
 1551       6.990465013527e-11 
 1552       6.945872637158e-11 
 1553       6.901614236031e-11 
 1554       6.857702407695e-11 
 1555       6.814149808285e-11 
 1556       6.770969152606e-11 
 1557       6.728173214231e-11 
 1558       6.685773409665e-11 
 1559       6.643775536150e-11 
 1560       6.602183994025e-11 
 1561       6.561003199033e-11 
 1562       6.520237582345e-11 
 1563       6.479891590577e-11 
 1564       6.439969685812e-11 
 1565       6.400476345620e-11 
 1566       6.361416063079e-11 
 1567       6.322793346796e-11 
 1568       6.284612720924e-11 
 1569       6.246878725189e-11 
 1570       6.209595914904e-11 
 1571       6.172768860994e-11 
 1572       6.136402150013e-11 
 1573       6.100500384168e-11 
 1574       6.065068181336e-11 
 1575       6.030110175089e-11 
 1576       5.995631014708e-11 
 1577       5.961635365211e-11 
 1578       5.928127907368e-11 
 1579       5.895113337722e-11 
 1580       5.862596368614e-11 
 1581       5.830581728198e-11 
 1582       5.799074160463e-11 
 1583       5.768078425258e-11 
 1584       5.737599298305e-11 
 1585       5.707641571225e-11 
 1586       5.678210051557e-11 
 1587       5.649309562778e-11 
 1588       5.620944944324e-11 
 1589       5.593121051609e-11 
 1590       5.565842756049e-11 
 1591       5.539114945079e-11 
 1592       5.512942522175e-11 
 1593       5.487330406875e-11 
 1594       5.462283534798e-11 
 1595       5.437806857666e-11 
 1596       5.413905343323e-11 
 1597       5.390582624698e-11 
 1598       5.367836933104e-11 
 1599       5.345665127729e-11 
 1600       5.324064043267e-11 
 1601       5.303030489875e-11 
 1602       5.282561253137e-11 
 1603       5.262653094012e-11 
 1604       5.243302748796e-11 
 1605       5.224506929077e-11 
 1606       5.206262321695e-11 
 1607       5.188565588695e-11 
 1608       5.171413367286e-11 
 1609       5.154802269798e-11 
 1610       5.138728883640e-11 
 1611       5.123189771253e-11 
 1612       5.108181470073e-11 
 1613       5.093700492481e-11 
 1614       5.079743325767e-11 
 1615       5.066306432081e-11 
 1616       5.053386248395e-11 
 1617       5.040979186455e-11 
 1618       5.029081632743e-11 
 1619       5.017689948431e-11 
 1620       5.006800469335e-11 
 1621       4.996409505882e-11 
 1622       4.986513343054e-11 
 1623       4.977108240355e-11 
 1624       4.968190431764e-11 
 1625       4.959756125692e-11 
 1626       4.951801504939e-11 
 1627       4.944322726652e-11 
 1628       4.937315922281e-11 
 1629       4.930777197535e-11 
 1630       4.924702632343e-11 
 1631       4.919088280805e-11 
 1632       4.913930171156e-11 
 1633       4.909224305715e-11 
 1634       4.904966660849e-11 
 1635       4.901153186926e-11 
 1636       4.897779230419e-11 
 1637       4.894837794648e-11 
 1638       4.892321263396e-11 
 1639       4.890221977289e-11 
 1640       4.888532233722e-11 
 1641       4.887244286791e-11 
 1642       4.886350347226e-11 
 1643       4.885842582321e-11 
 1644       4.885713115865e-11 
 1645       4.885954028072e-11 
 1646       4.886557355513e-11 
 1647       4.887515091050e-11 
 1648       4.888819183762e-11 
 1649       4.890461538878e-11 
 1650       4.892434017711e-11 
 1651       4.894728437584e-11 
 1652       4.897336571765e-11 
 1653       4.900250149396e-11 
 1654       4.903460855426e-11 
 1655       4.906960330540e-11 
 1656       4.910740171091e-11 
 1657       4.914791929032e-11 
 1658       4.919107111844e-11 
 1659       4.923677182473e-11 
 1660       4.928493559253e-11 
 1661       4.933547615845e-11 
 1662       4.938830681162e-11 
 1663       4.944334039305e-11 
 1664       4.950048929488e-11 
 1665       4.955966545977e-11 
 1666       4.962078038014e-11 
 1667       4.968374509751e-11 
 1668       4.974847020183e-11 
 1669       4.981486583076e-11 
 1670       4.988284166898e-11 
 1671       4.995230694753e-11 
 1672       5.002317044309e-11 
 1673       5.009534047731e-11 
 1674       5.016872491612e-11 
 1675       5.024323474271e-11 
 1676       5.031879481198e-11 
 1677       5.039533318867e-11 
 1678       5.047277758168e-11 
 1679       5.055105534349e-11 
 1680       5.063009346965e-11 
 1681       5.070981859826e-11 
 1682       5.079015700940e-11 
 1683       5.087103462462e-11 
 1684       5.095237700640e-11 
 1685       5.103410935757e-11 
 1686       5.111615652086e-11 
 1687       5.119844297829e-11 
 1688       5.128089285064e-11 
 1689       5.136342989697e-11 
 1690       5.144597751402e-11 
 1691       5.152845873570e-11 
 1692       5.161079623255e-11 
 1693       5.169291231123e-11 
 1694       5.177472891393e-11 
 1695       5.185616761787e-11 
 1696       5.193714963477e-11 
 1697       5.201759581028e-11 
 1698       5.209742662347e-11 
 1699       5.217656218631e-11 
 1700       5.225492224308e-11 
 1701       5.233242616987e-11 
 1702       5.240899297405e-11 
 1703       5.248454129372e-11 
 1704       5.255898939717e-11 
 1705       5.263225518235e-11 
 1706       5.270425617632e-11 
 1707       5.277490953475e-11 
 1708       5.284413204134e-11 
 1709       5.291184010731e-11 
 1710       5.297794977086e-11 
 1711       5.304237669663e-11 
 1712       5.310503617516e-11 
 1713       5.316584312235e-11 
 1714       5.322472145050e-11 
 1715       5.328163226989e-11 
 1716       5.333654592684e-11 
 1717       5.338943265390e-11 
 1718       5.344026256967e-11 
 1719       5.348900567862e-11 
 1720       5.353563187099e-11 
 1721       5.358011092260e-11 
 1722       5.362241249471e-11 
 1723       5.366250613385e-11 
 1724       5.370036127169e-11 
 1725       5.373594722486e-11 
 1726       5.376923319482e-11 
 1727       5.380018826770e-11 
 1728       5.382878141414e-11 
 1729       5.385498148913e-11 
 1730       5.387875723188e-11 
 1731       5.390007726562e-11 
 1732       5.391891009752e-11 
 1733       5.393522411846e-11 
 1734       5.394898760292e-11 
 1735       5.396016870882e-11 
 1736       5.396873547736e-11 
 1737       5.397465583286e-11 
 1738       5.397789758262e-11 
 1739       5.397842841676e-11 
 1740       5.397621590807e-11 
 1741       5.397122751185e-11 
 1742       5.396343056575e-11 
 1743       5.395279228963e-11 
 1744       5.393927978542e-11 
 1745       5.392286003691e-11 
 1746       5.390349990966e-11 
 1747       5.388116615081e-11 
 1748       5.385582538895e-11 
 1749       5.382744413393e-11 
 1750       5.379598877673e-11 
 1751       5.376142558933e-11 
 1752       5.372372072451e-11 
 1753       5.368284929346e-11 
 1754       5.363882268182e-11 
 1755       5.359166146133e-11 
 1756       5.354138633299e-11 
 1757       5.348801812730e-11 
 1758       5.343157780439e-11 
 1759       5.337208645428e-11 
 1760       5.330956529703e-11 
 1761       5.324403568299e-11 
 1762       5.317551909298e-11 
 1763       5.310403713846e-11 
 1764       5.302961156179e-11 
 1765       5.295226423639e-11 
 1766       5.287201716693e-11 
 1767       5.278889248958e-11 
 1768       5.270291247215e-11 
 1769       5.261409951434e-11 
 1770       5.252247614792e-11 
 1771       5.242806503692e-11 
 1772       5.233088897786e-11 
 1773       5.223097089992e-11 
 1774       5.212833386515e-11 
 1775       5.202300106867e-11 
 1776       5.191499583890e-11 
 1777       5.180434163770e-11 
 1778       5.169106206063e-11 
 1779       5.157518083711e-11 
 1780       5.145672183064e-11 
 1781       5.133570903900e-11 
 1782       5.121216659444e-11 
 1783       5.108611876390e-11 
 1784       5.095758994917e-11 
 1785       5.082660468714e-11 
 1786       5.069318764997e-11 
 1787       5.055736364531e-11 
 1788       5.041915761648e-11 
 1789       5.027859464268e-11 
 1790       5.013569993917e-11 
 1791       4.999049885754e-11 
 1792       4.984302085139e-11 
 1793       4.969331140880e-11 
 1794       4.954142021772e-11 
 1795       4.938739720963e-11 
 1796       4.923129255987e-11 
 1797       4.907315668798e-11 
 1798       4.891304025805e-11 
 1799       4.875099417908e-11 
 1800       4.858706960534e-11 
 1801       4.842131793667e-11 
 1802       4.825379081889e-11 
 1803       4.808454014410e-11 
 1804       4.791361805107e-11 
 1805       4.774107692552e-11 
 1806       4.756696940057e-11 
 1807       4.739134835700e-11 
 1808       4.721426692364e-11 
 1809       4.703577847771e-11 
 1810       4.685593664517e-11 
 1811       4.667479530105e-11 
 1812       4.649240856986e-11 
 1813       4.630883082584e-11 
 1814       4.612411669340e-11 
 1815       4.593832104742e-11 
 1816       4.575149901361e-11 
 1817       4.556370596886e-11 
 1818       4.537499754158e-11 
 1819       4.518542961208e-11 
 1820       4.499505831285e-11 
 1821       4.480394002900e-11 
 1822       4.461213139853e-11 
 1823       4.441968931272e-11 
 1824       4.422667091647e-11 
 1825       4.403313360865e-11 
 1826       4.383913504243e-11 
 1827       4.364473312567e-11 
 1828       4.344998602122e-11 
 1829       4.325495214730e-11 
 1830       4.305969017784e-11 
 1831       4.286425675998e-11 
 1832       4.266869964592e-11 
 1833       4.247306450686e-11 
 1834       4.227739721118e-11 
 1835       4.208174382464e-11 
 1836       4.188615061069e-11 
 1837       4.169066403071e-11 
 1838       4.149533074432e-11 
 1839       4.130019760960e-11 
 1840       4.110531168337e-11 
 1841       4.091072022147e-11 
 1842       4.071647067903e-11 
 1843       4.052261071071e-11 
 1844       4.032918817100e-11 
 1845       4.013625111444e-11 
 1846       3.994384779595e-11 
 1847       3.975202667106e-11 
 1848       3.956083639614e-11 
 1849       3.937032582877e-11 
 1850       3.918054402790e-11 
 1851       3.899154025417e-11 
 1852       3.880336397018e-11 
 1853       3.861606484073e-11 
 1854       3.842969273312e-11 
 1855       3.824429771738e-11 
 1856       3.805993006657e-11 
 1857       3.787664025702e-11 
 1858       3.769447896862e-11 
 1859       3.751349708507e-11 
 1860       3.733374569415e-11 
 1861       3.715527608801e-11 
 1862       3.697813976340e-11 
 1863       3.680238842195e-11 
 1864       3.662807397046e-11 
 1865       3.645524852111e-11 
 1866       3.628396439182e-11 
 1867       3.611427410641e-11 
 1868       3.594623039495e-11 
 1869       3.577988619398e-11 
 1870       3.561528850898e-11 
 1871       3.545245994867e-11 
 1872       3.529141704672e-11 
 1873       3.513217638651e-11 
 1874       3.497475460118e-11 
 1875       3.481916837372e-11 
 1876       3.466543443696e-11 
 1877       3.451356957368e-11 
 1878       3.436359061667e-11 
 1879       3.421551444875e-11 
 1880       3.406935800284e-11 
 1881       3.392513826204e-11 
 1882       3.378287225965e-11 
 1883       3.364257707924e-11 
 1884       3.350426985473e-11 
 1885       3.336796777041e-11 
 1886       3.323368806102e-11 
 1887       3.310144801180e-11 
 1888       3.297126495854e-11 
 1889       3.284315628763e-11 
 1890       3.271713943616e-11 
 1891       3.259323189192e-11 
 1892       3.247145119349e-11 
 1893       3.235181493027e-11 
 1894       3.223434074258e-11 
 1895       3.211904632168e-11 
 1896       3.200594940982e-11 
 1897       3.189506780034e-11 
 1898       3.178641933768e-11 
 1899       3.168002191746e-11 
 1900       3.157589348653e-11 
 1901       3.147405204304e-11 
 1902       3.137451563646e-11 
 1903       3.127730236769e-11 
 1904       3.118243038907e-11 
 1905       3.108991790445e-11 
 1906       3.099978316926e-11 
 1907       3.091204449055e-11 
 1908       3.082672022707e-11 
 1909       3.074382287682e-11 
 1910       3.066334129024e-11 
 1911       3.058525832079e-11 
 1912       3.050955672492e-11 
 1913       3.043621916188e-11 
 1914       3.036522819366e-11 
 1915       3.029656628477e-11 
 1916       3.023021580216e-11 
 1917       3.016615901505e-11 
 1918       3.010437809483e-11 
 1919       3.004485511486e-11 
 1920       2.998757205038e-11 
 1921       2.993251077837e-11 
 1922       2.987965307739e-11 
 1923       2.982898062744e-11 
 1924       2.978047500987e-11 
 1925       2.973411770717e-11 
 1926       2.968989010288e-11 
 1927       2.964777348144e-11 
 1928       2.960774902806e-11 
 1929       2.956979782856e-11 
 1930       2.953390086925e-11 
 1931       2.950003903678e-11 
 1932       2.946819311802e-11 
 1933       2.943834379991e-11 
 1934       2.941047166930e-11 
 1935       2.938455721286e-11 
 1936       2.936058081691e-11 
 1937       2.933852276727e-11 
 1938       2.931836324916e-11 
 1939       2.930008234703e-11 
 1940       2.928366004443e-11 
 1941       2.926907622389e-11 
 1942       2.925631066674e-11 
 1943       2.924534305303e-11 
 1944       2.923615296133e-11 
 1945       2.922871986863e-11 
 1946       2.922302315022e-11 
 1947       2.921904207948e-11 
 1948       2.921675334018e-11 
 1949       2.921612354295e-11 
 1950       2.921711665225e-11 
 1951       2.921969646875e-11 
 1952       2.922382662905e-11 
 1953       2.922947060551e-11 
 1954       2.923659170601e-11 
 1955       2.924515307374e-11 
 1956       2.925511768696e-11 
 1957       2.926644835884e-11 
 1958       2.927910773717e-11 
 1959       2.929305830421e-11 
 1960       2.930826237643e-11 
 1961       2.932468210430e-11 
 1962       2.934227947210e-11 
 1963       2.936101629766e-11 
 1964       2.938085423218e-11 
 1965       2.940175475999e-11 
 1966       2.942367919836e-11 
 1967       2.944658869725e-11 
 1968       2.947044423911e-11 
 1969       2.949520663866e-11 
 1970       2.952083654269e-11 
 1971       2.954729442981e-11 
 1972       2.957454061026e-11 
 1973       2.960253522568e-11 
 1974       2.963123824891e-11 
 1975       2.966060948374e-11 
 1976       2.969060856474e-11 
 1977       2.972119495700e-11 
 1978       2.975232795592e-11 
 1979       2.978396668703e-11 
 1980       2.981607010573e-11 
 1981       2.984859699709e-11 
 1982       2.988150597564e-11 
 1983       2.991475548514e-11 
 1984       2.994830379837e-11 
 1985       2.998210901691e-11 
 1986       3.001612907094e-11 
 1987       3.005032344503e-11 
 1988       3.008465837000e-11 
 1989       3.011910166887e-11 
 1990       3.015362103418e-11 
 1991       3.018818402776e-11 
 1992       3.022275808063e-11 
 1993       3.025731049277e-11 
 1994       3.029180843301e-11 
 1995       3.032621893886e-11 
 1996       3.036050891630e-11 
 1997       3.039464513967e-11 
 1998       3.042859425147e-11 
 1999       3.046232276221e-11 
 2000       3.049579705026e-11 
 2001       3.052898336163e-11 
 2002       3.056184780989e-11 
 2003       3.059435637594e-11 
 2004       3.062647490785e-11 
 2005       3.065816912075e-11 
 2006       3.068940459659e-11 
 2007       3.072014678402e-11 
 2008       3.075036099825e-11 
 2009       3.078001242081e-11 
 2010       3.080906609945e-11 
 2011       3.083748694797e-11 
 2012       3.086523974601e-11 
 2013       3.089228913894e-11 
 2014       3.091859963766e-11 
 2015       3.094413561845e-11 
 2016       3.096886132280e-11 
 2017       3.099274085727e-11 
 2018       3.101573819326e-11 
 2019       3.103781716694e-11 
 2020       3.105894147900e-11 
 2021       3.107907469454e-11 
 2022       3.109818024287e-11 
 2023       3.111622141738e-11 
 2024       3.113316137534e-11 
 2025       3.114896313778e-11 
 2026       3.116359387727e-11 
 2027       3.117703781562e-11 
 2028       3.118928341908e-11 
 2029       3.120031911873e-11 
 2030       3.121013331045e-11 
 2031       3.121871435490e-11 
 2032       3.122605057743e-11 
 2033       3.123213026812e-11 
 2034       3.123694168167e-11 
 2035       3.124047303739e-11 
 2036       3.124271251917e-11 
 2037       3.124364827541e-11 
 2038       3.124326841902e-11 
 2039       3.124156102735e-11 
 2040       3.123851414217e-11 
 2041       3.123411576961e-11 
 2042       3.122835388016e-11 
 2043       3.122121640857e-11 
 2044       3.121269125387e-11 
 2045       3.120276627929e-11 
 2046       3.119142931226e-11 
 2047       3.117866814434e-11 
 2048       3.116447053116e-11 
 2049       3.114882419246e-11 
 2050       3.113171681197e-11 
 2051       3.111313603740e-11 
 2052       3.109306948041e-11 
 2053       3.107150471657e-11 
 2054       3.104842928531e-11 
 2055       3.102383068989e-11 
 2056       3.099769639734e-11 
 2057       3.097001383845e-11 
 2058       3.094077040772e-11 
 2059       3.090995346332e-11 
 2060       3.087755032703e-11 
 2061       3.084354828425e-11 
 2062       3.080793458391e-11 
 2063       3.077069643847e-11 
 2064       3.073182102385e-11 
 2065       3.069129961098e-11 
 2066       3.064913999254e-11 
 2067       3.060535414424e-11 
 2068       3.055995410126e-11 
 2069       3.051295195844e-11 
 2070       3.046435987023e-11 
 2071       3.041419005086e-11 
 2072       3.036245477440e-11 
 2073       3.030916637477e-11 
 2074       3.025433724592e-11 
 2075       3.019797984183e-11 
 2076       3.014010667662e-11 
 2077       3.008073032463e-11 
 2078       3.001986342046e-11 
 2079       2.995751865911e-11 
 2080       2.989370879599e-11 
 2081       2.982844664705e-11 
 2082       2.976174508883e-11 
 2083       2.969361705853e-11 
 2084       2.962407555413e-11 
 2085       2.955313363442e-11 
 2086       2.948080441907e-11 
 2087       2.940710108878e-11 
 2088       2.933203688527e-11 
 2089       2.925562511141e-11 
 2090       2.917787913129e-11 
 2091       2.909881237027e-11 
 2092       2.901843831510e-11 
 2093       2.893677051396e-11 
 2094       2.885382257654e-11 
 2095       2.876960817417e-11 
 2096       2.868414103980e-11 
 2097       2.859743496818e-11 
 2098       2.850950381586e-11 
 2099       2.842036150130e-11 
 2100       2.833002200496e-11 
 2101       2.823849936935e-11 
 2102       2.814580769912e-11 
 2103       2.805196116112e-11 
 2104       2.795697577847e-11 
 2105       2.786087482604e-11 
 2106       2.776368347266e-11 
 2107       2.766542699065e-11 
 2108       2.756613075600e-11 
 2109       2.746582024845e-11 
 2110       2.736452105165e-11 
 2111       2.726225885325e-11 
 2112       2.715905944507e-11 
 2113       2.705494872318e-11 
 2114       2.694995268807e-11 
 2115       2.684409744474e-11 
 2116       2.673740920284e-11 
 2117       2.662991427680e-11 
 2118       2.652163908595e-11 
 2119       2.641261015465e-11 
 2120       2.630285411239e-11 
 2121       2.619239769397e-11 
 2122       2.608126773956e-11 
 2123       2.596949119490e-11 
 2124       2.585709511135e-11 
 2125       2.574410664607e-11 
 2126       2.563055306212e-11 
 2127       2.551646172858e-11 
 2128       2.540186012071e-11 
 2129       2.528677582004e-11 
 2130       2.517123651451e-11 
 2131       2.505526999860e-11 
 2132       2.493890417345e-11 
 2133       2.482216704699e-11 
 2134       2.470508673404e-11 
 2135       2.458769145649e-11 
 2136       2.447000954337e-11 
 2137       2.435206943101e-11 
 2138       2.423389966314e-11 
 2139       2.411552889106e-11 
 2140       2.399698587372e-11 
 2141       2.387829947784e-11 
 2142       2.375949867810e-11 
 2143       2.364061149865e-11 
 2144       2.352166182980e-11 
 2145       2.340267258984e-11 
 2146       2.328366678177e-11 
 2147       2.316466749333e-11 
 2148       2.304569789714e-11 
 2149       2.292678125079e-11 
 2150       2.280794089693e-11 
 2151       2.268920026337e-11 
 2152       2.257058286318e-11 
 2153       2.245211229480e-11 
 2154       2.233381224212e-11 
 2155       2.221570647457e-11 
 2156       2.209781884726e-11 
 2157       2.198017330103e-11 
 2158       2.186279386258e-11 
 2159       2.174570464455e-11 
 2160       2.162892984563e-11 
 2161       2.151249375066e-11 
 2162       2.139642073070e-11 
 2163       2.128073524317e-11 
 2164       2.116546183192e-11 
 2165       2.105062512733e-11 
 2166       2.093624984642e-11 
 2167       2.082236079295e-11 
 2168       2.070898285748e-11 
 2169       2.059614101753e-11 
 2170       2.048386033763e-11 
 2171       2.037216596944e-11 
 2172       2.026108315183e-11 
 2173       2.015063721101e-11 
 2174       2.004085356059e-11 
 2175       1.993175770170e-11 
 2176       1.982337522310e-11 
 2177       1.971573180123e-11 
 2178       1.960885320036e-11 
 2179       1.950276527268e-11 
 2180       1.939749395837e-11 
 2181       1.929306528571e-11 
 2182       1.918950252216e-11 
 2183       1.908681760642e-11 
 2184       1.898501965909e-11 
 2185       1.888411782646e-11 
 2186       1.878412128059e-11 
 2187       1.868503921933e-11 
 2188       1.858688086629e-11 
 2189       1.848965547094e-11 
 2190       1.839337230859e-11 
 2191       1.829804068044e-11 
 2192       1.820366991360e-11 
 2193       1.811026936109e-11 
 2194       1.801784840191e-11 
 2195       1.792641644103e-11 
 2196       1.783598290945e-11 
 2197       1.774655726420e-11 
 2198       1.765814898836e-11 
 2199       1.757076759113e-11 
 2200       1.748442260780e-11 
 2201       1.739912359981e-11 
 2202       1.731488015477e-11 
 2203       1.723170188650e-11 
 2204       1.714959843502e-11 
 2205       1.706857946662e-11 
 2206       1.698865467384e-11 
 2207       1.690983377554e-11 
 2208       1.683212651689e-11 
 2209       1.675554266944e-11 
 2210       1.668009203109e-11 
 2211       1.660578442617e-11 
 2212       1.653262970543e-11 
 2213       1.646063774608e-11 
 2214       1.638981845180e-11 
 2215       1.632018175282e-11 
 2216       1.625173760587e-11 
 2217       1.618449599425e-11 
 2218       1.611846692788e-11 
 2219       1.605366044325e-11 
 2220       1.599008660353e-11 
 2221       1.592775268604e-11 
 2222       1.586665472449e-11 
 2223       1.580678591108e-11 
 2224       1.574813940387e-11 
 2225       1.569070832674e-11 
 2226       1.563448576935e-11 
 2227       1.557946478713e-11 
 2228       1.552563840118e-11 
 2229       1.547299959826e-11 
 2230       1.542154133077e-11 
 2231       1.537125651666e-11 
 2232       1.532213803941e-11 
 2233       1.527417874802e-11 
 2234       1.522737145690e-11 
 2235       1.518170894588e-11 
 2236       1.513718396016e-11 
 2237       1.509378921026e-11 
 2238       1.505151737196e-11 
 2239       1.501036108631e-11 
 2240       1.497031295952e-11 
 2241       1.493136556298e-11 
 2242       1.489351143316e-11 
 2243       1.485674307164e-11 
 2244       1.482105294499e-11 
 2245       1.478643348478e-11 
 2246       1.475287708752e-11 
 2247       1.472037611463e-11 
 2248       1.468892289236e-11 
 2249       1.465850971180e-11 
 2250       1.462912882881e-11 
 2251       1.460077246398e-11 
 2252       1.457343280258e-11 
 2253       1.454710199455e-11 
 2254       1.452177215440e-11 
 2255       1.449743536125e-11 
 2256       1.447408365869e-11 
 2257       1.445170905483e-11 
 2258       1.443030352220e-11 
 2259       1.440985899772e-11 
 2260       1.439036607048e-11 
 2261       1.437181003589e-11 
 2262       1.435417481585e-11 
 2263       1.433744426859e-11 
 2264       1.432160218859e-11 
 2265       1.430663230648e-11 
 2266       1.429251828900e-11 
 2267       1.427924373891e-11 
 2268       1.426679219490e-11 
 2269       1.425514713157e-11 
 2270       1.424429195930e-11 
 2271       1.423421002419e-11 
 2272       1.422488460804e-11 
 2273       1.421629892818e-11 
 2274       1.420843613750e-11 
 2275       1.420127932431e-11 
 2276       1.419481151227e-11 
 2277       1.418901566036e-11 
 2278       1.418387466276e-11 
 2279       1.417937134880e-11 
 2280       1.417548848291e-11 
 2281       1.417220876448e-11 
 2282       1.416951482786e-11 
 2283       1.416738924224e-11 
 2284       1.416581451159e-11 
 2285       1.416477307461e-11 
 2286       1.416424730462e-11 
 2287       1.416421950951e-11 
 2288       1.416467193164e-11 
 2289       1.416558674783e-11 
 2290       1.416694606921e-11 
 2291       1.416873194119e-11 
 2292       1.417092634339e-11 
 2293       1.417351118955e-11 
 2294       1.417646832746e-11 
 2295       1.417977953888e-11 
 2296       1.418342653951e-11 
 2297       1.418739097886e-11 
 2298       1.419165444021e-11 
 2299       1.419619902234e-11 
 2300       1.420100908903e-11 
 2301       1.420606953056e-11 
 2302       1.421136518286e-11 
 2303       1.421688082743e-11 
 2304       1.422260119126e-11 
 2305       1.422851094685e-11 
 2306       1.423459471204e-11 
 2307       1.424083705006e-11 
 2308       1.424722246939e-11 
 2309       1.425373542372e-11 
 2310       1.426036031193e-11 
 2311       1.426708147796e-11 
 2312       1.427388321083e-11 
 2313       1.428074974450e-11 
 2314       1.428766525788e-11 
 2315       1.429461387473e-11 
 2316       1.430157966361e-11 
 2317       1.430854663781e-11 
 2318       1.431549875531e-11 
 2319       1.432241991873e-11 
 2320       1.432929397521e-11 
 2321       1.433610471644e-11 
 2322       1.434283587850e-11 
 2323       1.434947114191e-11 
 2324       1.435599413145e-11 
 2325       1.436238841622e-11 
 2326       1.436863750949e-11 
 2327       1.437472486869e-11 
 2328       1.438063389531e-11 
 2329       1.438634793489e-11 
 2330       1.439185027692e-11 
 2331       1.439712415480e-11 
 2332       1.440215274577e-11 
 2333       1.440691917087e-11 
 2334       1.441140649485e-11 
 2335       1.441559772612e-11 
 2336       1.441947581672e-11 
 2337       1.442302366222e-11 
 2338       1.442622589857e-11 
 2339       1.442907430504e-11 
 2340       1.443156243500e-11 
 2341       1.443368382207e-11 
 2342       1.443543198010e-11 
 2343       1.443680040315e-11 
 2344       1.443778256550e-11 
 2345       1.443837192156e-11 
 2346       1.443856190592e-11 
 2347       1.443834593330e-11 
 2348       1.443771739853e-11 
 2349       1.443666967653e-11 
 2350       1.443519612227e-11 
 2351       1.443329007082e-11 
 2352       1.443094483723e-11 
 2353       1.442815371660e-11 
 2354       1.442490998398e-11 
 2355       1.442120689443e-11 
 2356       1.441703768294e-11 
 2357       1.441239556441e-11 
 2358       1.440727373370e-11 
 2359       1.440166536550e-11 
 2360       1.439556361441e-11 
 2361       1.438896161486e-11 
 2362       1.438185248111e-11 
 2363       1.437422930723e-11 
 2364       1.436608516708e-11 
 2365       1.435741311429e-11 
 2366       1.434820618221e-11 
 2367       1.433845738394e-11 
 2368       1.432815971230e-11 
 2369       1.431730613976e-11 
 2370       1.430588961847e-11 
 2371       1.429390308025e-11 
 2372       1.428133943650e-11 
 2373       1.426819157826e-11 
 2374       1.425445237614e-11 
 2375       1.424011468032e-11 
 2376       1.422517132051e-11 
 2377       1.420961693986e-11 
 2378       1.419345350897e-11 
 2379       1.417668484578e-11 
 2380       1.415931478480e-11 
 2381       1.414134717708e-11 
 2382       1.412278589028e-11 
 2383       1.410363480865e-11 
 2384       1.408389783309e-11 
 2385       1.406357888111e-11 
 2386       1.404268188691e-11 
 2387       1.402121080135e-11 
 2388       1.399916959200e-11 
 2389       1.397656224315e-11 
 2390       1.395339275583e-11 
 2391       1.392966514780e-11 
 2392       1.390538345362e-11 
 2393       1.388055172464e-11 
 2394       1.385517402901e-11 
 2395       1.382925445171e-11 
 2396       1.380279709458e-11 
 2397       1.377580607632e-11 
 2398       1.374828553252e-11 
 2399       1.372023961567e-11 
 2400       1.369167249517e-11 
 2401       1.366258835740e-11 
 2402       1.363299140565e-11 
 2403       1.360288586024e-11 
 2404       1.357227595844e-11 
 2405       1.354116595458e-11 
 2406       1.350956011998e-11 
 2407       1.347746274306e-11 
 2408       1.344487812927e-11 
 2409       1.341181060119e-11 
 2410       1.337826449847e-11 
 2411       1.334424417793e-11 
 2412       1.330975401350e-11 
 2413       1.327479839629e-11 
 2414       1.323938173460e-11 
 2415       1.320350845393e-11 
 2416       1.316718386838e-11 
 2417       1.313041680063e-11 
 2418       1.309321697787e-11 
 2419       1.305559416192e-11 
 2420       1.301755814923e-11 
 2421       1.297911877097e-11 
 2422       1.294028589300e-11 
 2423       1.290106941597e-11 
 2424       1.286147927530e-11 
 2425       1.282152544127e-11 
 2426       1.278121791902e-11 
 2427       1.274056674859e-11 
 2428       1.269958200497e-11 
 2429       1.265827379814e-11 
 2430       1.261665227308e-11 
 2431       1.257472760983e-11 
 2432       1.253251002352e-11 
 2433       1.249000976442e-11 
 2434       1.244723711794e-11 
 2435       1.240420240470e-11 
 2436       1.236091598056e-11 
 2437       1.231738823666e-11 
 2438       1.227362959942e-11 
 2439       1.222965053064e-11 
 2440       1.218546152748e-11 
 2441       1.214107312253e-11 
 2442       1.209649588383e-11 
 2443       1.205174041492e-11 
 2444       1.200681735485e-11 
 2445       1.196173737827e-11 
 2446       1.191651119539e-11 
 2447       1.187114955208e-11 
 2448       1.182566322990e-11 
 2449       1.178006304609e-11 
 2450       1.173435985367e-11 
 2451       1.168856454140e-11 
 2452       1.164268803392e-11 
 2453       1.159674129167e-11 
 2454       1.155073531103e-11 
 2455       1.150468086412e-11 
 2456       1.145858771671e-11 
 2457       1.141246540575e-11 
 2458       1.136632349912e-11 
 2459       1.132017159570e-11 
 2460       1.127401932537e-11 
 2461       1.122787634905e-11 
 2462       1.118175235872e-11 
 2463       1.113565707749e-11 
 2464       1.108960025958e-11 
 2465       1.104359169039e-11 
 2466       1.099764118652e-11 
 2467       1.095175859579e-11 
 2468       1.090595379728e-11 
 2469       1.086023670136e-11 
 2470       1.081461724975e-11 
 2471       1.076910541549e-11 
 2472       1.072371120301e-11 
 2473       1.067844464819e-11 
 2474       1.063331581831e-11 
 2475       1.058833481218e-11 
 2476       1.054351176008e-11 
 2477       1.049885682385e-11 
 2478       1.045438019691e-11 
 2479       1.041009210429e-11 
 2480       1.036600280262e-11 
 2481       1.032212258024e-11 
 2482       1.027846175718e-11 
 2483       1.023503068519e-11 
 2484       1.019183974779e-11 
 2485       1.014889936029e-11 
 2486       1.010621996982e-11 
 2487       1.006381205538e-11 
 2488       1.002168612786e-11 
 2489       9.979852730054e-12 
 2490       9.938322436713e-12 
 2491       9.897105854572e-12 
 2492       9.856213622379e-12 
 2493       9.815656410926e-12 
 2494       9.775439136545e-12 
 2495       9.735543564394e-12 
 2496       9.695945603096e-12 
 2497       9.656621081917e-12 
 2498       9.617545750691e-12 
 2499       9.578695279734e-12 
 2500       9.540045259769e-12 
