# dimensionless total [l(l+1)/2pi] C_l's
# for l=2 to 2500, i.e. number of multipoles equal to 2499
#
# -> if you prefer output in CAMB/HealPix/LensPix units/order, set 'format' to 'camb' in input file
# -> if you don't want to see such a header, set 'headers' to 'no' in input file
#
# 1:l     2:TT                 
    2       1.383623735767e-10 
    3       1.309303395227e-10 
    4       1.238712984885e-10 
    5       1.185617699940e-10 
    6       1.148944684978e-10 
    7       1.125524070855e-10 
    8       1.111444416081e-10 
    9       1.104610232613e-10 
   10       1.103189008590e-10 
   11       1.105769786338e-10 
   12       1.111997936362e-10 
   13       1.120478219239e-10 
   14       1.130490663537e-10 
   15       1.142349861382e-10 
   16       1.156059224258e-10 
   17       1.170336411696e-10 
   18       1.185672630015e-10 
   19       1.202218397996e-10 
   20       1.219267134908e-10 
   21       1.236944580077e-10 
   22       1.255313834923e-10 
   23       1.274271940364e-10 
   24       1.293485666984e-10 
   25       1.313103202805e-10 
   26       1.333255138274e-10 
   27       1.353895334488e-10 
   28       1.374832977368e-10 
   29       1.396122206067e-10 
   30       1.417774248308e-10 
   31       1.439695530993e-10 
   32       1.461915013554e-10 
   33       1.484415443022e-10 
   34       1.507117930205e-10 
   35       1.530081366166e-10 
   36       1.553356415221e-10 
   37       1.576943621847e-10 
   38       1.600857815410e-10 
   39       1.625072982315e-10 
   40       1.649496697064e-10 
   41       1.674017697436e-10 
   42       1.698682872195e-10 
   43       1.723566941211e-10 
   44       1.748720613132e-10 
   45       1.774172124230e-10 
   46       1.799938983090e-10 
   47       1.826014987661e-10 
   48       1.852363722490e-10 
   49       1.878916016048e-10 
   50       1.905599441637e-10 
   51       1.932442159381e-10 
   52       1.959492865810e-10 
   53       1.986790203648e-10 
   54       2.014361727079e-10 
   55       2.042225704952e-10 
   56       2.070399425443e-10 
   57       2.098891142035e-10 
   58       2.127696512275e-10 
   59       2.156797673614e-10 
   60       2.186162319235e-10 
   61       2.215757454310e-10 
   62       2.245596363678e-10 
   63       2.275700594592e-10 
   64       2.306085757303e-10 
   65       2.336761066690e-10 
   66       2.367728883894e-10 
   67       2.398984257954e-10 
   68       2.430520976844e-10 
   69       2.462352168966e-10 
   70       2.494493071813e-10 
   71       2.526954605257e-10 
   72       2.559743079666e-10 
   73       2.592859904017e-10 
   74       2.626301294007e-10 
   75       2.660057980175e-10 
   76       2.694120171222e-10 
   77       2.728494134127e-10 
   78       2.763188121249e-10 
   79       2.798207202190e-10 
   80       2.833553079673e-10 
   81       2.869223905420e-10 
   82       2.905214096027e-10 
   83       2.941514148844e-10 
   84       2.978114744876e-10 
   85       3.015020242329e-10 
   86       3.052237092831e-10 
   87       3.089769642869e-10 
   88       3.127620021720e-10 
   89       3.165788029380e-10 
   90       3.204271024486e-10 
   91       3.243063812251e-10 
   92       3.282158532386e-10 
   93       3.321547407797e-10 
   94       3.361231706986e-10 
   95       3.401213928659e-10 
   96       3.441494989232e-10 
   97       3.482074150034e-10 
   98       3.522948944499e-10 
   99       3.564115105365e-10 
  100       3.605566491870e-10 
  101       3.647295016952e-10 
  102       3.689290574443e-10 
  103       3.731540966266e-10 
  104       3.774034476223e-10 
  105       3.816768144118e-10 
  106       3.859740478827e-10 
  107       3.902948868323e-10 
  108       3.946389535959e-10 
  109       3.990057496747e-10 
  110       4.033946513641e-10 
  111       4.078049053813e-10 
  112       4.122356244938e-10 
  113       4.166857831470e-10 
  114       4.211542130928e-10 
  115       4.256395990170e-10 
  116       4.301406622461e-10 
  117       4.346567465519e-10 
  118       4.391872956912e-10 
  119       4.437316690208e-10 
  120       4.482891387885e-10 
  121       4.528588874240e-10 
  122       4.574400048299e-10 
  123       4.620314856728e-10 
  124       4.666322266740e-10 
  125       4.712410239010e-10 
  126       4.758565700577e-10 
  127       4.804774517763e-10 
  128       4.851021469073e-10 
  129       4.897291808745e-10 
  130       4.943576208832e-10 
  131       4.989866310600e-10 
  132       5.036153166938e-10 
  133       5.082427226653e-10 
  134       5.128678318759e-10 
  135       5.174895636768e-10 
  136       5.221067722987e-10 
  137       5.267182452804e-10 
  138       5.313227018982e-10 
  139       5.359187915953e-10 
  140       5.405050924106e-10 
  141       5.450801094079e-10 
  142       5.496422731055e-10 
  143       5.541899379049e-10 
  144       5.587215134758e-10 
  145       5.632358768256e-10 
  146       5.677319980574e-10 
  147       5.722088102626e-10 
  148       5.766652087145e-10 
  149       5.811000500613e-10 
  150       5.855121515194e-10 
  151       5.899002900670e-10 
  152       5.942632016369e-10 
  153       5.985995803103e-10 
  154       6.029080775098e-10 
  155       6.071873011925e-10 
  156       6.114358150438e-10 
  157       6.156521376703e-10 
  158       6.198347417931e-10 
  159       6.239820534414e-10 
  160       6.280924511454e-10 
  161       6.321643782482e-10 
  162       6.361966926951e-10 
  163       6.401883467794e-10 
  164       6.441382765220e-10 
  165       6.480454013850e-10 
  166       6.519086239860e-10 
  167       6.557268298111e-10 
  168       6.594988869291e-10 
  169       6.632236457054e-10 
  170       6.668999385149e-10 
  171       6.705265794567e-10 
  172       6.741023640673e-10 
  173       6.776260690345e-10 
  174       6.810964519108e-10 
  175       6.845122508278e-10 
  176       6.878721842094e-10 
  177       6.911749504855e-10 
  178       6.944192278060e-10 
  179       6.976036737547e-10 
  180       7.007270126304e-10 
  181       7.037883056488e-10 
  182       7.067867017190e-10 
  183       7.097213518417e-10 
  184       7.125914091456e-10 
  185       7.153960289231e-10 
  186       7.181343686675e-10 
  187       7.208055881083e-10 
  188       7.234088492480e-10 
  189       7.259433163985e-10 
  190       7.284081562168e-10 
  191       7.308025377419e-10 
  192       7.331256324305e-10 
  193       7.353766141937e-10 
  194       7.375546594331e-10 
  195       7.396589470769e-10 
  196       7.416886586166e-10 
  197       7.436429781428e-10 
  198       7.455210923816e-10 
  199       7.473221907312e-10 
  200       7.490454652976e-10 
  201       7.506901696699e-10 
  202       7.522557998478e-10 
  203       7.537419263227e-10 
  204       7.551481367092e-10 
  205       7.564740359554e-10 
  206       7.577192465522e-10 
  207       7.588834087435e-10 
  208       7.599661807361e-10 
  209       7.609672389093e-10 
  210       7.618862780251e-10 
  211       7.627230114378e-10 
  212       7.634771713039e-10 
  213       7.641485087923e-10 
  214       7.647367942937e-10 
  215       7.652418176307e-10 
  216       7.656633882677e-10 
  217       7.660013355208e-10 
  218       7.662555087674e-10 
  219       7.664257776564e-10 
  220       7.665120323178e-10 
  221       7.665141835729e-10 
  222       7.664321631438e-10 
  223       7.662659238635e-10 
  224       7.660154599276e-10 
  225       7.656808686618e-10 
  226       7.652622931326e-10 
  227       7.647599027183e-10 
  228       7.641738933664e-10 
  229       7.635044878517e-10 
  230       7.627519360334e-10 
  231       7.619165151130e-10 
  232       7.609985298917e-10 
  233       7.599983130280e-10 
  234       7.589162252955e-10 
  235       7.577526558401e-10 
  236       7.565080224381e-10 
  237       7.551827717532e-10 
  238       7.537773795946e-10 
  239       7.522923511745e-10 
  240       7.507282213652e-10 
  241       7.490855549573e-10 
  242       7.473649469171e-10 
  243       7.455670226440e-10 
  244       7.436924382283e-10 
  245       7.417418807086e-10 
  246       7.397160683297e-10 
  247       7.376157507997e-10 
  248       7.354417095481e-10 
  249       7.331947579832e-10 
  250       7.308757141692e-10 
  251       7.284853165779e-10 
  252       7.260243039748e-10 
  253       7.234934427648e-10 
  254       7.208935271979e-10 
  255       7.182253795734e-10 
  256       7.154898504451e-10 
  257       7.126878188260e-10 
  258       7.098201923932e-10 
  259       7.068879076928e-10 
  260       7.038919303445e-10 
  261       7.008332552467e-10 
  262       6.977129067814e-10 
  263       6.945319390187e-10 
  264       6.912914359220e-10 
  265       6.879925115526e-10 
  266       6.846363102746e-10 
  267       6.812240069599e-10 
  268       6.777568071930e-10 
  269       6.742359474756e-10 
  270       6.706626954316e-10 
  271       6.670383500122e-10 
  272       6.633642417003e-10 
  273       6.596417327156e-10 
  274       6.558722172195e-10 
  275       6.520571215197e-10 
  276       6.481979042752e-10 
  277       6.442960567013e-10 
  278       6.403531027741e-10 
  279       6.363705183158e-10 
  280       6.323494831872e-10 
  281       6.282911166560e-10 
  282       6.241965574392e-10 
  283       6.200669637843e-10 
  284       6.159035135486e-10 
  285       6.117074042802e-10 
  286       6.074798532980e-10 
  287       6.032220977716e-10 
  288       5.989353948020e-10 
  289       5.946210215016e-10 
  290       5.902802750745e-10 
  291       5.859144728967e-10 
  292       5.815249525965e-10 
  293       5.771130721342e-10 
  294       5.726802098832e-10 
  295       5.682277647096e-10 
  296       5.637571560524e-10 
  297       5.592698240042e-10 
  298       5.547672293912e-10 
  299       5.502508538532e-10 
  300       5.457221999241e-10 
  301       5.411827911123e-10 
  302       5.366341719805e-10 
  303       5.320779082263e-10 
  304       5.275155867621e-10 
  305       5.229488157958e-10 
  306       5.183792249106e-10 
  307       5.138084651455e-10 
  308       5.092382090753e-10 
  309       5.046701508912e-10 
  310       5.001060064806e-10 
  311       4.955475135077e-10 
  312       4.909963132192e-10 
  313       4.864535896364e-10 
  314       4.819204137785e-10 
  315       4.773978603627e-10 
  316       4.728870077392e-10 
  317       4.683889378263e-10 
  318       4.639047360447e-10 
  319       4.594354912532e-10 
  320       4.549822956828e-10 
  321       4.505462448724e-10 
  322       4.461284376029e-10 
  323       4.417299758327e-10 
  324       4.373519646323e-10 
  325       4.329955121194e-10 
  326       4.286617293937e-10 
  327       4.243517304716e-10 
  328       4.200666322215e-10 
  329       4.158075542983e-10 
  330       4.115756190787e-10 
  331       4.073719515958e-10 
  332       4.031976794741e-10 
  333       3.990539328644e-10 
  334       3.949418443786e-10 
  335       3.908625490249e-10 
  336       3.868171841424e-10 
  337       3.828068893360e-10 
  338       3.788328064116e-10 
  339       3.748960793106e-10 
  340       3.709978540453e-10 
  341       3.671392786330e-10 
  342       3.633215030320e-10 
  343       3.595456790755e-10 
  344       3.558129604070e-10 
  345       3.521245024152e-10 
  346       3.484814621687e-10 
  347       3.448849983511e-10 
  348       3.413362711956e-10 
  349       3.378363420296e-10 
  350       3.343858674333e-10 
  351       3.309853922497e-10 
  352       3.276354486658e-10 
  353       3.243365560487e-10 
  354       3.210892207821e-10 
  355       3.178939361026e-10 
  356       3.147511819357e-10 
  357       3.116614247325e-10 
  358       3.086251173056e-10 
  359       3.056426986657e-10 
  360       3.027145938573e-10 
  361       2.998412137959e-10 
  362       2.970229551035e-10 
  363       2.942601999450e-10 
  364       2.915533158649e-10 
  365       2.889026556231e-10 
  366       2.863085570313e-10 
  367       2.837713427897e-10 
  368       2.812913203224e-10 
  369       2.788687816146e-10 
  370       2.765040030484e-10 
  371       2.741972452389e-10 
  372       2.719487528711e-10 
  373       2.697587545355e-10 
  374       2.676274625648e-10 
  375       2.655550728701e-10 
  376       2.635417647770e-10 
  377       2.615877008622e-10 
  378       2.596930267894e-10 
  379       2.578578711458e-10 
  380       2.560823452785e-10 
  381       2.543665431304e-10 
  382       2.527105410769e-10 
  383       2.511143977617e-10 
  384       2.495781539337e-10 
  385       2.481018322826e-10 
  386       2.466854372757e-10 
  387       2.453289549939e-10 
  388       2.440323373770e-10 
  389       2.427954546441e-10 
  390       2.416181407719e-10 
  391       2.405002087500e-10 
  392       2.394414504043e-10 
  393       2.384416362212e-10 
  394       2.375005151715e-10 
  395       2.366178145339e-10 
  396       2.357932397195e-10 
  397       2.350264740950e-10 
  398       2.343171788071e-10 
  399       2.336649926061e-10 
  400       2.330695316700e-10 
  401       2.325303894281e-10 
  402       2.320471363852e-10 
  403       2.316193199450e-10 
  404       2.312464642348e-10 
  405       2.309280699285e-10 
  406       2.306636140708e-10 
  407       2.304525499015e-10 
  408       2.302943066788e-10 
  409       2.301882895034e-10 
  410       2.301338791423e-10 
  411       2.301304318530e-10 
  412       2.301772792070e-10 
  413       2.302737279138e-10 
  414       2.304190596450e-10 
  415       2.306125308576e-10 
  416       2.308533726187e-10 
  417       2.311407904288e-10 
  418       2.314739640456e-10 
  419       2.318520473085e-10 
  420       2.322741679619e-10 
  421       2.327394274792e-10 
  422       2.332469008868e-10 
  423       2.337956365881e-10 
  424       2.343846561870e-10 
  425       2.350129543122e-10 
  426       2.356794984407e-10 
  427       2.363833114122e-10 
  428       2.371237224218e-10 
  429       2.379001242205e-10 
  430       2.387118910743e-10 
  431       2.395583786431e-10 
  432       2.404389238583e-10 
  433       2.413528448015e-10 
  434       2.422994405821e-10 
  435       2.432779912160e-10 
  436       2.442877575037e-10 
  437       2.453279809079e-10 
  438       2.463978834326e-10 
  439       2.474966675006e-10 
  440       2.486235158316e-10 
  441       2.497775913212e-10 
  442       2.509580369180e-10 
  443       2.521639755027e-10 
  444       2.533945097656e-10 
  445       2.546487220852e-10 
  446       2.559256744062e-10 
  447       2.572244081177e-10 
  448       2.585439439313e-10 
  449       2.598832817596e-10 
  450       2.612414005939e-10 
  451       2.626172583826e-10 
  452       2.640097919097e-10 
  453       2.654179166723e-10 
  454       2.668405267593e-10 
  455       2.682764947294e-10 
  456       2.697246714895e-10 
  457       2.711838861722e-10 
  458       2.726529460150e-10 
  459       2.741306362375e-10 
  460       2.756157199203e-10 
  461       2.771069378826e-10 
  462       2.786030085608e-10 
  463       2.801026278867e-10 
  464       2.816044691651e-10 
  465       2.831071829529e-10 
  466       2.846095380015e-10 
  467       2.861108491750e-10 
  468       2.876105626432e-10 
  469       2.891081159794e-10 
  470       2.906029381163e-10 
  471       2.920944493023e-10 
  472       2.935820610570e-10 
  473       2.950651761273e-10 
  474       2.965431884436e-10 
  475       2.980154830756e-10 
  476       2.994814361880e-10 
  477       3.009404149971e-10 
  478       3.023917777260e-10 
  479       3.038348735611e-10 
  480       3.052690426080e-10 
  481       3.066936158472e-10 
  482       3.081079150902e-10 
  483       3.095112529357e-10 
  484       3.109029327251e-10 
  485       3.122822484989e-10 
  486       3.136484849523e-10 
  487       3.150009173915e-10 
  488       3.163388116894e-10 
  489       3.176614242417e-10 
  490       3.189680019228e-10 
  491       3.202577820417e-10 
  492       3.215299922981e-10 
  493       3.227838507385e-10 
  494       3.240185657116e-10 
  495       3.252333358249e-10 
  496       3.264273499003e-10 
  497       3.275997869302e-10 
  498       3.287498160333e-10 
  499       3.298765964108e-10 
  500       3.309792773022e-10 
  501       3.320569979413e-10 
  502       3.331088875121e-10 
  503       3.341340651050e-10 
  504       3.351316396724e-10 
  505       3.361008396875e-10 
  506       3.370414063173e-10 
  507       3.379532114900e-10 
  508       3.388361292328e-10 
  509       3.396900356896e-10 
  510       3.405148091373e-10 
  511       3.413103300032e-10 
  512       3.420764808811e-10 
  513       3.428131465492e-10 
  514       3.435202139858e-10 
  515       3.441975723873e-10 
  516       3.448451131843e-10 
  517       3.454627300587e-10 
  518       3.460503189606e-10 
  519       3.466077781254e-10 
  520       3.471350080901e-10 
  521       3.476319117108e-10 
  522       3.480983941791e-10 
  523       3.485343630392e-10 
  524       3.489397282048e-10 
  525       3.493144019757e-10 
  526       3.496582990551e-10 
  527       3.499713365662e-10 
  528       3.502534340690e-10 
  529       3.505045135773e-10 
  530       3.507244995758e-10 
  531       3.509133190363e-10 
  532       3.510709014354e-10 
  533       3.511971787708e-10 
  534       3.512920855784e-10 
  535       3.513555589490e-10 
  536       3.513875385453e-10 
  537       3.513879666190e-10 
  538       3.513567880273e-10 
  539       3.512939502497e-10 
  540       3.511994034053e-10 
  541       3.510731002695e-10 
  542       3.509149962906e-10 
  543       3.507250496071e-10 
  544       3.505032812817e-10 
  545       3.502499577416e-10 
  546       3.499654132534e-10 
  547       3.496499901888e-10 
  548       3.493040390655e-10 
  549       3.489279185886e-10 
  550       3.485219956920e-10 
  551       3.480866455794e-10 
  552       3.476222517654e-10 
  553       3.471292061173e-10 
  554       3.466079088960e-10 
  555       3.460587687969e-10 
  556       3.454822029920e-10 
  557       3.448786371702e-10 
  558       3.442485055794e-10 
  559       3.435922510671e-10 
  560       3.429103251220e-10 
  561       3.422031879149e-10 
  562       3.414713083405e-10 
  563       3.407151640582e-10 
  564       3.399352415334e-10 
  565       3.391320360788e-10 
  566       3.383060518958e-10 
  567       3.374578021156e-10 
  568       3.365878088401e-10 
  569       3.356966031840e-10 
  570       3.347847253152e-10 
  571       3.338527244964e-10 
  572       3.329011591266e-10 
  573       3.319305967817e-10 
  574       3.309416142563e-10 
  575       3.299347976049e-10 
  576       3.289107421827e-10 
  577       3.278700526873e-10 
  578       3.268133432000e-10 
  579       3.257412372264e-10 
  580       3.246543677384e-10 
  581       3.235533772152e-10 
  582       3.224389176841e-10 
  583       3.213116242483e-10 
  584       3.201720348568e-10 
  585       3.190206686114e-10 
  586       3.178580521314e-10 
  587       3.166847195852e-10 
  588       3.155012127224e-10 
  589       3.143080809057e-10 
  590       3.131058811429e-10 
  591       3.118951781185e-10 
  592       3.106765442258e-10 
  593       3.094505595988e-10 
  594       3.082178121443e-10 
  595       3.069788975731e-10 
  596       3.057344194329e-10 
  597       3.044849891392e-10 
  598       3.032312260081e-10 
  599       3.019737572875e-10 
  600       3.007132181893e-10 
  601       2.994502519213e-10 
  602       2.981855097193e-10 
  603       2.969196508784e-10 
  604       2.956533427856e-10 
  605       2.943872609510e-10 
  606       2.931220890406e-10 
  607       2.918585189072e-10 
  608       2.905972506229e-10 
  609       2.893389925111e-10 
  610       2.880844611779e-10 
  611       2.868343815445e-10 
  612       2.855894868786e-10 
  613       2.843505188268e-10 
  614       2.831182274461e-10 
  615       2.818933712363e-10 
  616       2.806767171711e-10 
  617       2.794690407309e-10 
  618       2.782711259340e-10 
  619       2.770837653690e-10 
  620       2.759077602261e-10 
  621       2.747439203299e-10 
  622       2.735929822139e-10 
  623       2.724553611762e-10 
  624       2.713313934790e-10 
  625       2.702214177858e-10 
  626       2.691257751681e-10 
  627       2.680448091115e-10 
  628       2.669788655228e-10 
  629       2.659282927361e-10 
  630       2.648934415194e-10 
  631       2.638746650813e-10 
  632       2.628723190771e-10 
  633       2.618867616159e-10 
  634       2.609183532667e-10 
  635       2.599674570649e-10 
  636       2.590344385192e-10 
  637       2.581196656178e-10 
  638       2.572235088349e-10 
  639       2.563463411374e-10 
  640       2.554885379913e-10 
  641       2.546504773684e-10 
  642       2.538325397525e-10 
  643       2.530351081462e-10 
  644       2.522585680772e-10 
  645       2.515033076052e-10 
  646       2.507697173280e-10 
  647       2.500581903880e-10 
  648       2.493691224792e-10 
  649       2.487029118533e-10 
  650       2.480599593264e-10 
  651       2.474406682854e-10 
  652       2.468454446945e-10 
  653       2.462746971020e-10 
  654       2.457288366465e-10 
  655       2.452082770635e-10 
  656       2.447134346922e-10 
  657       2.442447284814e-10 
  658       2.438025799969e-10 
  659       2.433874134269e-10 
  660       2.429996555898e-10 
  661       2.426396543870e-10 
  662       2.423074321779e-10 
  663       2.420029269798e-10 
  664       2.417260735120e-10 
  665       2.414768031803e-10 
  666       2.412550440610e-10 
  667       2.410607208849e-10 
  668       2.408937550218e-10 
  669       2.407540644643e-10 
  670       2.406415638123e-10 
  671       2.405561642567e-10 
  672       2.404977735641e-10 
  673       2.404662960607e-10 
  674       2.404616326161e-10 
  675       2.404836806283e-10 
  676       2.405323340069e-10 
  677       2.406074831579e-10 
  678       2.407090149678e-10 
  679       2.408368127874e-10 
  680       2.409907564163e-10 
  681       2.411707220868e-10 
  682       2.413765824485e-10 
  683       2.416082065518e-10 
  684       2.418654598325e-10 
  685       2.421482040960e-10 
  686       2.424562975011e-10 
  687       2.427895945446e-10 
  688       2.431479460451e-10 
  689       2.435311991271e-10 
  690       2.439391972057e-10 
  691       2.443717799701e-10 
  692       2.448287833681e-10 
  693       2.453100395904e-10 
  694       2.458153770544e-10 
  695       2.463446203884e-10 
  696       2.468975904161e-10 
  697       2.474741041403e-10 
  698       2.480739747276e-10 
  699       2.486970114918e-10 
  700       2.493429876299e-10 
  701       2.500115427220e-10 
  702       2.507022781685e-10 
  703       2.514147892318e-10 
  704       2.521486650126e-10 
  705       2.529034884257e-10 
  706       2.536788361767e-10 
  707       2.544742787382e-10 
  708       2.552893803260e-10 
  709       2.561236988753e-10 
  710       2.569767860170e-10 
  711       2.578481870543e-10 
  712       2.587374409383e-10 
  713       2.596440802450e-10 
  714       2.605676311509e-10 
  715       2.615076134099e-10 
  716       2.624635403291e-10 
  717       2.634349187452e-10 
  718       2.644212490009e-10 
  719       2.654220249211e-10 
  720       2.664367337889e-10 
  721       2.674648563225e-10 
  722       2.685058666507e-10 
  723       2.695592322897e-10 
  724       2.706244141194e-10 
  725       2.717008663592e-10 
  726       2.727880365446e-10 
  727       2.738853655036e-10 
  728       2.749922873326e-10 
  729       2.761082293730e-10 
  730       2.772326121874e-10 
  731       2.783648495355e-10 
  732       2.795043483510e-10 
  733       2.806505087173e-10 
  734       2.818027238441e-10 
  735       2.829603800437e-10 
  736       2.841228567070e-10 
  737       2.852895262799e-10 
  738       2.864597542396e-10 
  739       2.876329301891e-10 
  740       2.888085618603e-10 
  741       2.899861829195e-10 
  742       2.911653219998e-10 
  743       2.923455026847e-10 
  744       2.935262434909e-10 
  745       2.947070578515e-10 
  746       2.958874540992e-10 
  747       2.970669354492e-10 
  748       2.982449999826e-10 
  749       2.994211406290e-10 
  750       3.005948451502e-10 
  751       3.017655961228e-10 
  752       3.029328709216e-10 
  753       3.040961417025e-10 
  754       3.052548753857e-10 
  755       3.064085336390e-10 
  756       3.075565728603e-10 
  757       3.086984441613e-10 
  758       3.098335933506e-10 
  759       3.109614609161e-10 
  760       3.120814820089e-10 
  761       3.131930864261e-10 
  762       3.142956985937e-10 
  763       3.153887375498e-10 
  764       3.164716169281e-10 
  765       3.175437449404e-10 
  766       3.186045243601e-10 
  767       3.196533525049e-10 
  768       3.206896212204e-10 
  769       3.217127168630e-10 
  770       3.227220202828e-10 
  771       3.237169068068e-10 
  772       3.246967462223e-10 
  773       3.256609027595e-10 
  774       3.266087350749e-10 
  775       3.275395962344e-10 
  776       3.284528336963e-10 
  777       3.293477892945e-10 
  778       3.302238701962e-10 
  779       3.310807632694e-10 
  780       3.319182247021e-10 
  781       3.327360093886e-10 
  782       3.335338709271e-10 
  783       3.343115616166e-10 
  784       3.350688324538e-10 
  785       3.358054331308e-10 
  786       3.365211120318e-10 
  787       3.372156162305e-10 
  788       3.378886914870e-10 
  789       3.385400822454e-10 
  790       3.391695316305e-10 
  791       3.397767814450e-10 
  792       3.403615721670e-10 
  793       3.409236429467e-10 
  794       3.414627316039e-10 
  795       3.419785746250e-10 
  796       3.424709071602e-10 
  797       3.429394630205e-10 
  798       3.433839746751e-10 
  799       3.438041732482e-10 
  800       3.441997885168e-10 
  801       3.445705489069e-10 
  802       3.449161814916e-10 
  803       3.452364119875e-10 
  804       3.455309647525e-10 
  805       3.457995627822e-10 
  806       3.460419277080e-10 
  807       3.462577797932e-10 
  808       3.464468379311e-10 
  809       3.466088196414e-10 
  810       3.467434410679e-10 
  811       3.468504169753e-10 
  812       3.469294607466e-10 
  813       3.469802843800e-10 
  814       3.470025984863e-10 
  815       3.469961122857e-10 
  816       3.469605336055e-10 
  817       3.468956357045e-10 
  818       3.468014590623e-10 
  819       3.466781131890e-10 
  820       3.465257101332e-10 
  821       3.463443644908e-10 
  822       3.461341934147e-10 
  823       3.458953166234e-10 
  824       3.456278564108e-10 
  825       3.453319376545e-10 
  826       3.450076878258e-10 
  827       3.446552369982e-10 
  828       3.442747178570e-10 
  829       3.438662657081e-10 
  830       3.434300184874e-10 
  831       3.429661167700e-10 
  832       3.424747037789e-10 
  833       3.419559253948e-10 
  834       3.414099301647e-10 
  835       3.408368693114e-10 
  836       3.402368967424e-10 
  837       3.396101690591e-10 
  838       3.389568455663e-10 
  839       3.382770882808e-10 
  840       3.375710619410e-10 
  841       3.368389340157e-10 
  842       3.360808747135e-10 
  843       3.352970569919e-10 
  844       3.344876565663e-10 
  845       3.336528519195e-10 
  846       3.327928243104e-10 
  847       3.319077577833e-10 
  848       3.309978391775e-10 
  849       3.300632581356e-10 
  850       3.291042071134e-10 
  851       3.281208813887e-10 
  852       3.271134790706e-10 
  853       3.260822011084e-10 
  854       3.250272513010e-10 
  855       3.239488363060e-10 
  856       3.228471917489e-10 
  857       3.217226610205e-10 
  858       3.205756178414e-10 
  859       3.194064402968e-10 
  860       3.182155108504e-10 
  861       3.170032163574e-10 
  862       3.157699480779e-10 
  863       3.145161016908e-10 
  864       3.132420773068e-10 
  865       3.119482794817e-10 
  866       3.106351172304e-10 
  867       3.093030040396e-10 
  868       3.079523578818e-10 
  869       3.065836012286e-10 
  870       3.051971610637e-10 
  871       3.037934688968e-10 
  872       3.023729607770e-10 
  873       3.009360773058e-10 
  874       2.994832636510e-10 
  875       2.980149695599e-10 
  876       2.965316493726e-10 
  877       2.950337620356e-10 
  878       2.935217711154e-10 
  879       2.919961448114e-10 
  880       2.904573559697e-10 
  881       2.889058820965e-10 
  882       2.873422053713e-10 
  883       2.857668126608e-10 
  884       2.841801955316e-10 
  885       2.825828502642e-10 
  886       2.809752778662e-10 
  887       2.793579840859e-10 
  888       2.777314794253e-10 
  889       2.760962791540e-10 
  890       2.744529033222e-10 
  891       2.728018767746e-10 
  892       2.711437291634e-10 
  893       2.694789949618e-10 
  894       2.678082134776e-10 
  895       2.661319043808e-10 
  896       2.644504938226e-10 
  897       2.627643871380e-10 
  898       2.610739932315e-10 
  899       2.593797245876e-10 
  900       2.576819972800e-10 
  901       2.559812309813e-10 
  902       2.542778489732e-10 
  903       2.525722781561e-10 
  904       2.508649490585e-10 
  905       2.491562958472e-10 
  906       2.474467563368e-10 
  907       2.457367719996e-10 
  908       2.440267879753e-10 
  909       2.423172530807e-10 
  910       2.406086198196e-10 
  911       2.389013443923e-10 
  912       2.371958867057e-10 
  913       2.354927103827e-10 
  914       2.337922827722e-10 
  915       2.320950749589e-10 
  916       2.304015617728e-10 
  917       2.287122217990e-10 
  918       2.270275373878e-10 
  919       2.253479946640e-10 
  920       2.236740835371e-10 
  921       2.220062977104e-10 
  922       2.203451346916e-10 
  923       2.186910958019e-10 
  924       2.170446861861e-10 
  925       2.154064148220e-10 
  926       2.137767945308e-10 
  927       2.121563419860e-10 
  928       2.105455777240e-10 
  929       2.089450261531e-10 
  930       2.073552155639e-10 
  931       2.057766781387e-10 
  932       2.042099499611e-10 
  933       2.026555710264e-10 
  934       2.011140293625e-10 
  935       1.995855924190e-10 
  936       1.980704730616e-10 
  937       1.965688852232e-10 
  938       1.950810439063e-10 
  939       1.936071651851e-10 
  940       1.921474662070e-10 
  941       1.907021651954e-10 
  942       1.892714814512e-10 
  943       1.878556353552e-10 
  944       1.864548483703e-10 
  945       1.850693430430e-10 
  946       1.836993430060e-10 
  947       1.823450729804e-10 
  948       1.810067587770e-10 
  949       1.796846272992e-10 
  950       1.783789065447e-10 
  951       1.770898256075e-10 
  952       1.758176146804e-10 
  953       1.745625050563e-10 
  954       1.733247291312e-10 
  955       1.721045204056e-10 
  956       1.709021134868e-10 
  957       1.697177440911e-10 
  958       1.685516490456e-10 
  959       1.674040662906e-10 
  960       1.662752348815e-10 
  961       1.651653949906e-10 
  962       1.640747879097e-10 
  963       1.630036560521e-10 
  964       1.619522429540e-10 
  965       1.609207932777e-10 
  966       1.599095528125e-10 
  967       1.589187684778e-10 
  968       1.579486883243e-10 
  969       1.569995615369e-10 
  970       1.560716384360e-10 
  971       1.551651704801e-10 
  972       1.542804102678e-10 
  973       1.534175581861e-10 
  974       1.525766014746e-10 
  975       1.517574727499e-10 
  976       1.509601031352e-10 
  977       1.501844222561e-10 
  978       1.494303582356e-10 
  979       1.486978376894e-10 
  980       1.479867857214e-10 
  981       1.472971259188e-10 
  982       1.466287803477e-10 
  983       1.459816695482e-10 
  984       1.453557125297e-10 
  985       1.447508267665e-10 
  986       1.441669281928e-10 
  987       1.436039311981e-10 
  988       1.430617486227e-10 
  989       1.425402917528e-10 
  990       1.420394703159e-10 
  991       1.415591924761e-10 
  992       1.410993648295e-10 
  993       1.406598923996e-10 
  994       1.402406786322e-10 
  995       1.398416253912e-10 
  996       1.394626329537e-10 
  997       1.391036000054e-10 
  998       1.387644236357e-10 
  999       1.384449993332e-10 
 1000       1.381452209813e-10 
 1001       1.378649808529e-10 
 1002       1.376041696062e-10 
 1003       1.373626762798e-10 
 1004       1.371403882881e-10 
 1005       1.369371914167e-10 
 1006       1.367529698175e-10 
 1007       1.365876060043e-10 
 1008       1.364409808478e-10 
 1009       1.363129735712e-10 
 1010       1.362034617453e-10 
 1011       1.361123212840e-10 
 1012       1.360394038828e-10 
 1013       1.359844689864e-10 
 1014       1.359472508299e-10 
 1015       1.359274808991e-10 
 1016       1.359248879231e-10 
 1017       1.359391978672e-10 
 1018       1.359701339253e-10 
 1019       1.360174165129e-10 
 1020       1.360807632596e-10 
 1021       1.361598890017e-10 
 1022       1.362545057751e-10 
 1023       1.363643228077e-10 
 1024       1.364890465124e-10 
 1025       1.366283804794e-10 
 1026       1.367820254694e-10 
 1027       1.369496794058e-10 
 1028       1.371310373676e-10 
 1029       1.373257915819e-10 
 1030       1.375336314168e-10 
 1031       1.377542433742e-10 
 1032       1.379873110820e-10 
 1033       1.382325152871e-10 
 1034       1.384895338481e-10 
 1035       1.387580417280e-10 
 1036       1.390377109866e-10 
 1037       1.393282107734e-10 
 1038       1.396292073205e-10 
 1039       1.399403639347e-10 
 1040       1.402613409907e-10 
 1041       1.405917959236e-10 
 1042       1.409313832214e-10 
 1043       1.412797544181e-10 
 1044       1.416365580860e-10 
 1045       1.420014398285e-10 
 1046       1.423740422728e-10 
 1047       1.427540050625e-10 
 1048       1.431409648505e-10 
 1049       1.435345552915e-10 
 1050       1.439344070346e-10 
 1051       1.443401632148e-10 
 1052       1.447515261770e-10 
 1053       1.451682113869e-10 
 1054       1.455899319858e-10 
 1055       1.460163987844e-10 
 1056       1.464473202579e-10 
 1057       1.468824025398e-10 
 1058       1.473213494165e-10 
 1059       1.477638623216e-10 
 1060       1.482096403304e-10 
 1061       1.486583801540e-10 
 1062       1.491097761338e-10 
 1063       1.495635202361e-10 
 1064       1.500193020461e-10 
 1065       1.504768087621e-10 
 1066       1.509357251907e-10 
 1067       1.513957337402e-10 
 1068       1.518565144156e-10 
 1069       1.523177448126e-10 
 1070       1.527791001122e-10 
 1071       1.532402530749e-10 
 1072       1.537008740352e-10 
 1073       1.541606308958e-10 
 1074       1.546191891221e-10 
 1075       1.550762117365e-10 
 1076       1.555313593129e-10 
 1077       1.559842899707e-10 
 1078       1.564346593695e-10 
 1079       1.568821207034e-10 
 1080       1.573263246953e-10 
 1081       1.577669195913e-10 
 1082       1.582035511550e-10 
 1083       1.586358626619e-10 
 1084       1.590634948938e-10 
 1085       1.594860861331e-10 
 1086       1.599032721574e-10 
 1087       1.603146862332e-10 
 1088       1.607199591112e-10 
 1089       1.611187190198e-10 
 1090       1.615106311326e-10 
 1091       1.618955165597e-10 
 1092       1.622732349398e-10 
 1093       1.626436451113e-10 
 1094       1.630066051099e-10 
 1095       1.633619721676e-10 
 1096       1.637096027109e-10 
 1097       1.640493523585e-10 
 1098       1.643810759208e-10 
 1099       1.647046273972e-10 
 1100       1.650198599748e-10 
 1101       1.653266260273e-10 
 1102       1.656247771122e-10 
 1103       1.659141639702e-10 
 1104       1.661946365231e-10 
 1105       1.664660438721e-10 
 1106       1.667282342962e-10 
 1107       1.669810552507e-10 
 1108       1.672243533652e-10 
 1109       1.674579744423e-10 
 1110       1.676817634559e-10 
 1111       1.678955645493e-10 
 1112       1.680992210337e-10 
 1113       1.682925753865e-10 
 1114       1.684754692500e-10 
 1115       1.686477434290e-10 
 1116       1.688092378898e-10 
 1117       1.689597917582e-10 
 1118       1.690992433183e-10 
 1119       1.692274300100e-10 
 1120       1.693441884283e-10 
 1121       1.694493543209e-10 
 1122       1.695427625870e-10 
 1123       1.696242472754e-10 
 1124       1.696936415830e-10 
 1125       1.697507778532e-10 
 1126       1.697954875737e-10 
 1127       1.698276013758e-10 
 1128       1.698469490318e-10 
 1129       1.698533977693e-10 
 1130       1.698469677578e-10 
 1131       1.698277181137e-10 
 1132       1.697957087219e-10 
 1133       1.697510002383e-10 
 1134       1.696936540913e-10 
 1135       1.696237324844e-10 
 1136       1.695412983972e-10 
 1137       1.694464155883e-10 
 1138       1.693391485966e-10 
 1139       1.692195627435e-10 
 1140       1.690877241349e-10 
 1141       1.689436996630e-10 
 1142       1.687875570083e-10 
 1143       1.686193646418e-10 
 1144       1.684391918263e-10 
 1145       1.682471086191e-10 
 1146       1.680431858736e-10 
 1147       1.678274952411e-10 
 1148       1.676001091729e-10 
 1149       1.673611009225e-10 
 1150       1.671105445471e-10 
 1151       1.668485149099e-10 
 1152       1.665750876818e-10 
 1153       1.662903393434e-10 
 1154       1.659943471873e-10 
 1155       1.656871893194e-10 
 1156       1.653689446613e-10 
 1157       1.650396929525e-10 
 1158       1.646995147514e-10 
 1159       1.643484914384e-10 
 1160       1.639867052169e-10 
 1161       1.636142391160e-10 
 1162       1.632311769918e-10 
 1163       1.628376035297e-10 
 1164       1.624336042465e-10 
 1165       1.620192654920e-10 
 1166       1.615946744510e-10 
 1167       1.611599191456e-10 
 1168       1.607151051146e-10 
 1169       1.602604056786e-10 
 1170       1.597960123082e-10 
 1171       1.593221180060e-10 
 1172       1.588389173106e-10 
 1173       1.583466062994e-10 
 1174       1.578453825926e-10 
 1175       1.573354453563e-10 
 1176       1.568169953058e-10 
 1177       1.562902347093e-10 
 1178       1.557553673913e-10 
 1179       1.552125987357e-10 
 1180       1.546621356896e-10 
 1181       1.541041867663e-10 
 1182       1.535389620492e-10 
 1183       1.529666731948e-10 
 1184       1.523875334365e-10 
 1185       1.518017575874e-10 
 1186       1.512095620445e-10 
 1187       1.506111647916e-10 
 1188       1.500067854028e-10 
 1189       1.493966450458e-10 
 1190       1.487809664858e-10 
 1191       1.481599740884e-10 
 1192       1.475338938232e-10 
 1193       1.469029532672e-10 
 1194       1.462673816083e-10 
 1195       1.456274096485e-10 
 1196       1.449832698076e-10 
 1197       1.443351961264e-10 
 1198       1.436834242703e-10 
 1199       1.430281915324e-10 
 1200       1.423697368372e-10 
 1201       1.417083007441e-10 
 1202       1.410441254504e-10 
 1203       1.403774547950e-10 
 1204       1.397085342619e-10 
 1205       1.390376109834e-10 
 1206       1.383649337436e-10 
 1207       1.376907427098e-10 
 1208       1.370152384831e-10 
 1209       1.363386126799e-10 
 1210       1.356610581723e-10 
 1211       1.349827690907e-10 
 1212       1.343039408266e-10 
 1213       1.336247700346e-10 
 1214       1.329454546359e-10 
 1215       1.322661938198e-10 
 1216       1.315871880471e-10 
 1217       1.309086390522e-10 
 1218       1.302307498461e-10 
 1219       1.295537247183e-10 
 1220       1.288777692400e-10 
 1221       1.282030902665e-10 
 1222       1.275298959396e-10 
 1223       1.268583956902e-10 
 1224       1.261888002412e-10 
 1225       1.255213216096e-10 
 1226       1.248561731092e-10 
 1227       1.241935693536e-10 
 1228       1.235337262581e-10 
 1229       1.228768610428e-10 
 1230       1.222231922347e-10 
 1231       1.215729396709e-10 
 1232       1.209263245005e-10 
 1233       1.202835691876e-10 
 1234       1.196448975138e-10 
 1235       1.190105345804e-10 
 1236       1.183807068116e-10 
 1237       1.177556419568e-10 
 1238       1.171355690927e-10 
 1239       1.165207186267e-10 
 1240       1.159113222989e-10 
 1241       1.153076131847e-10 
 1242       1.147098256978e-10 
 1243       1.141181955921e-10 
 1244       1.135329599649e-10 
 1245       1.129543572591e-10 
 1246       1.123826003050e-10 
 1247       1.118177950945e-10 
 1248       1.112600210590e-10 
 1249       1.107093579442e-10 
 1250       1.101658858111e-10 
 1251       1.096296850358e-10 
 1252       1.091008363104e-10 
 1253       1.085794206434e-10 
 1254       1.080655193601e-10 
 1255       1.075592141034e-10 
 1256       1.070605868338e-10 
 1257       1.065697198303e-10 
 1258       1.060866956905e-10 
 1259       1.056115973317e-10 
 1260       1.051445079906e-10 
 1261       1.046855112245e-10 
 1262       1.042346909112e-10 
 1263       1.037921312500e-10 
 1264       1.033579167619e-10 
 1265       1.029321322899e-10 
 1266       1.025148630001e-10 
 1267       1.021061943816e-10 
 1268       1.017062122472e-10 
 1269       1.013150027338e-10 
 1270       1.009326523033e-10 
 1271       1.005592477423e-10 
 1272       1.001948761634e-10 
 1273       9.983962500521e-11 
 1274       9.949358203295e-11 
 1275       9.915683533897e-11 
 1276       9.882947334320e-11 
 1277       9.851158479366e-11 
 1278       9.820325876692e-11 
 1279       9.790458466864e-11 
 1280       9.761565223397e-11 
 1281       9.733655152814e-11 
 1282       9.706737294687e-11 
 1283       9.680820721688e-11 
 1284       9.655914539640e-11 
 1285       9.632025306689e-11 
 1286       9.609149258605e-11 
 1287       9.587279995123e-11 
 1288       9.566411052655e-11 
 1289       9.546535904147e-11 
 1290       9.527647958946e-11 
 1291       9.509740562655e-11 
 1292       9.492806997000e-11 
 1293       9.476840479687e-11 
 1294       9.461834164266e-11 
 1295       9.447781139992e-11 
 1296       9.434674431683e-11 
 1297       9.422506999587e-11 
 1298       9.411271739238e-11 
 1299       9.400961481321e-11 
 1300       9.391568991530e-11 
 1301       9.383086970432e-11 
 1302       9.375508053328e-11 
 1303       9.368824810113e-11 
 1304       9.363029745137e-11 
 1305       9.358115297069e-11 
 1306       9.354073838756e-11 
 1307       9.350897677082e-11 
 1308       9.348579052837e-11 
 1309       9.347110140570e-11 
 1310       9.346483048453e-11 
 1311       9.346689818146e-11 
 1312       9.347722424652e-11 
 1313       9.349572776185e-11 
 1314       9.352232714024e-11 
 1315       9.355694012380e-11 
 1316       9.359948378257e-11 
 1317       9.364987451308e-11 
 1318       9.370802803702e-11 
 1319       9.377385939984e-11 
 1320       9.384728296934e-11 
 1321       9.392821243430e-11 
 1322       9.401656080310e-11 
 1323       9.411224040232e-11 
 1324       9.421515255801e-11 
 1325       9.432515651763e-11 
 1326       9.444210018214e-11 
 1327       9.456583039014e-11 
 1328       9.469619291575e-11 
 1329       9.483303246652e-11 
 1330       9.497619268138e-11 
 1331       9.512551612847e-11 
 1332       9.528084430313e-11 
 1333       9.544201762575e-11 
 1334       9.560887543968e-11 
 1335       9.578125600919e-11 
 1336       9.595899651729e-11 
 1337       9.614193306373e-11 
 1338       9.632990066283e-11 
 1339       9.652273324146e-11 
 1340       9.672026363686e-11 
 1341       9.692232359463e-11 
 1342       9.712874376659e-11 
 1343       9.733935370870e-11 
 1344       9.755398187896e-11 
 1345       9.777245563533e-11 
 1346       9.799460123363e-11 
 1347       9.822024382545e-11 
 1348       9.844920745605e-11 
 1349       9.868131506227e-11 
 1350       9.891638847044e-11 
 1351       9.915424839430e-11 
 1352       9.939471443287e-11 
 1353       9.963760506840e-11 
 1354       9.988273766424e-11 
 1355       1.001299284628e-10 
 1356       1.003789925833e-10 
 1357       1.006297440201e-10 
 1358       1.008819956399e-10 
 1359       1.011355591803e-10 
 1360       1.013902452475e-10 
 1361       1.016458633140e-10 
 1362       1.019022217168e-10 
 1363       1.021591363428e-10 
 1364       1.024164567918e-10 
 1365       1.026740404901e-10 
 1366       1.029317440267e-10 
 1367       1.031894231519e-10 
 1368       1.034469327756e-10 
 1369       1.037041269659e-10 
 1370       1.039608589473e-10 
 1371       1.042169810997e-10 
 1372       1.044723449563e-10 
 1373       1.047268012024e-10 
 1374       1.049801996738e-10 
 1375       1.052323893552e-10 
 1376       1.054832183788e-10 
 1377       1.057325340225e-10 
 1378       1.059801827088e-10 
 1379       1.062260100028e-10 
 1380       1.064698606110e-10 
 1381       1.067115783798e-10 
 1382       1.069510062934e-10 
 1383       1.071879864732e-10 
 1384       1.074223601753e-10 
 1385       1.076539677898e-10 
 1386       1.078826488387e-10 
 1387       1.081082419746e-10 
 1388       1.083305849791e-10 
 1389       1.085495147613e-10 
 1390       1.087648673564e-10 
 1391       1.089764779239e-10 
 1392       1.091841807462e-10 
 1393       1.093878092271e-10 
 1394       1.095871958903e-10 
 1395       1.097821723777e-10 
 1396       1.099725694481e-10 
 1397       1.101582169753e-10 
 1398       1.103389439472e-10 
 1399       1.105145784635e-10 
 1400       1.106849477347e-10 
 1401       1.108498780805e-10 
 1402       1.110092150785e-10 
 1403       1.111628842435e-10 
 1404       1.113108309783e-10 
 1405       1.114530004803e-10 
 1406       1.115893377412e-10 
 1407       1.117197875466e-10 
 1408       1.118442944758e-10 
 1409       1.119628029015e-10 
 1410       1.120752569894e-10 
 1411       1.121816006982e-10 
 1412       1.122817777788e-10 
 1413       1.123757317744e-10 
 1414       1.124634060201e-10 
 1415       1.125447436424e-10 
 1416       1.126196875593e-10 
 1417       1.126881804795e-10 
 1418       1.127501649025e-10 
 1419       1.128055831182e-10 
 1420       1.128543772064e-10 
 1421       1.128964890368e-10 
 1422       1.129318602685e-10 
 1423       1.129604323495e-10 
 1424       1.129821465170e-10 
 1425       1.129969437966e-10 
 1426       1.130047650019e-10 
 1427       1.130055507349e-10 
 1428       1.129992413848e-10 
 1429       1.129857771283e-10 
 1430       1.129650979291e-10 
 1431       1.129371435377e-10 
 1432       1.129018534908e-10 
 1433       1.128591671115e-10 
 1434       1.128090235084e-10 
 1435       1.127513615758e-10 
 1436       1.126861199932e-10 
 1437       1.126132372250e-10 
 1438       1.125326515200e-10 
 1439       1.124443009117e-10 
 1440       1.123481232171e-10 
 1441       1.122440749781e-10 
 1442       1.121321884932e-10 
 1443       1.120125153639e-10 
 1444       1.118851076066e-10 
 1445       1.117500176540e-10 
 1446       1.116072983555e-10 
 1447       1.114570029781e-10 
 1448       1.112991852073e-10 
 1449       1.111338991476e-10 
 1450       1.109611993236e-10 
 1451       1.107811406807e-10 
 1452       1.105937785859e-10 
 1453       1.103991688284e-10 
 1454       1.101973676206e-10 
 1455       1.099884315988e-10 
 1456       1.097724178242e-10 
 1457       1.095493837834e-10 
 1458       1.093193873892e-10 
 1459       1.090824869817e-10 
 1460       1.088387413288e-10 
 1461       1.085882096270e-10 
 1462       1.083309515024e-10 
 1463       1.080670270113e-10 
 1464       1.077964966411e-10 
 1465       1.075194213110e-10 
 1466       1.072358623728e-10 
 1467       1.069458816119e-10 
 1468       1.066495412476e-10 
 1469       1.063469039346e-10 
 1470       1.060380327630e-10 
 1471       1.057229912599e-10 
 1472       1.054018433895e-10 
 1473       1.050746535543e-10 
 1474       1.047414865956e-10 
 1475       1.044024077947e-10 
 1476       1.040574828733e-10 
 1477       1.037067779944e-10 
 1478       1.033503597632e-10 
 1479       1.029882952278e-10 
 1480       1.026206595652e-10 
 1481       1.022475592208e-10 
 1482       1.018691089990e-10 
 1483       1.014854244001e-10 
 1484       1.010966216218e-10 
 1485       1.007028175597e-10 
 1486       1.003041298095e-10 
 1487       9.990067666712e-11 
 1488       9.949257713089e-11 
 1489       9.907995090213e-11 
 1490       9.866291838659e-11 
 1491       9.824160069565e-11 
 1492       9.781611964752e-11 
 1493       9.738659776846e-11 
 1494       9.695315829394e-11 
 1495       9.651592516995e-11 
 1496       9.607502305411e-11 
 1497       9.563057731695e-11 
 1498       9.518271404309e-11 
 1499       9.473156003247e-11 
 1500       9.427724280154e-11 
 1501       9.381989058448e-11 
 1502       9.335963233444e-11 
 1503       9.289659772471e-11 
 1504       9.243091714995e-11 
 1505       9.196272172741e-11 
 1506       9.149214329811e-11 
 1507       9.101931442810e-11 
 1508       9.054436840964e-11 
 1509       9.006743926241e-11 
 1510       8.958866173475e-11 
 1511       8.910817130482e-11 
 1512       8.862610418187e-11 
 1513       8.814259730741e-11 
 1514       8.765778835645e-11 
 1515       8.717181573869e-11 
 1516       8.668481859974e-11 
 1517       8.619693682234e-11 
 1518       8.570831102755e-11 
 1519       8.521907666755e-11 
 1520       8.472934623925e-11 
 1521       8.423922690179e-11 
 1522       8.374882637037e-11 
 1523       8.325825291713e-11 
 1524       8.276761537207e-11 
 1525       8.227702312395e-11 
 1526       8.178658612119e-11 
 1527       8.129641487280e-11 
 1528       8.080662044923e-11 
 1529       8.031731448333e-11 
 1530       7.982860917125e-11 
 1531       7.934061727328e-11 
 1532       7.885345211485e-11 
 1533       7.836722758737e-11 
 1534       7.788205814915e-11 
 1535       7.739805882630e-11 
 1536       7.691534521366e-11 
 1537       7.643403347567e-11 
 1538       7.595424034731e-11 
 1539       7.547608313496e-11 
 1540       7.499967971736e-11 
 1541       7.452514854645e-11 
 1542       7.405260864834e-11 
 1543       7.358217962418e-11 
 1544       7.311398165106e-11 
 1545       7.264813548291e-11 
 1546       7.218476245146e-11 
 1547       7.172398446707e-11 
 1548       7.126592401967e-11 
 1549       7.081070417968e-11 
 1550       7.035844859888e-11 
 1551       6.990928151134e-11 
 1552       6.946332773433e-11 
 1553       6.902071266917e-11 
 1554       6.858156230223e-11 
 1555       6.814600320574e-11 
 1556       6.771416253876e-11 
 1557       6.728616804804e-11 
 1558       6.686213391130e-11 
 1559       6.644211811973e-11 
 1560       6.602616469714e-11 
 1561       6.561431782151e-11 
 1562       6.520662182520e-11 
 1563       6.480312119513e-11 
 1564       6.440386057304e-11 
 1565       6.400888475563e-11 
 1566       6.361823869481e-11 
 1567       6.323196749789e-11 
 1568       6.285011642780e-11 
 1569       6.247273090326e-11 
 1570       6.209985649901e-11 
 1571       6.173153894604e-11 
 1572       6.136782413172e-11 
 1573       6.100875810010e-11 
 1574       6.065438705205e-11 
 1575       6.030475734547e-11 
 1576       5.995991549553e-11 
 1577       5.961990817483e-11 
 1578       5.928478221367e-11 
 1579       5.895458460017e-11 
 1580       5.862936248054e-11 
 1581       5.830916315926e-11 
 1582       5.799403409931e-11 
 1583       5.768402292233e-11 
 1584       5.737917740885e-11 
 1585       5.707954549852e-11 
 1586       5.678517529026e-11 
 1587       5.649611504254e-11 
 1588       5.621241317349e-11 
 1589       5.593411826119e-11 
 1590       5.566127904383e-11 
 1591       5.539394441994e-11 
 1592       5.513216344856e-11 
 1593       5.487598534950e-11 
 1594       5.462545950348e-11 
 1595       5.438063545238e-11 
 1596       5.414156289945e-11 
 1597       5.390827819777e-11 
 1598       5.368076368000e-11 
 1599       5.345898795651e-11 
 1600       5.324291939284e-11 
 1601       5.303252610928e-11 
 1602       5.282777598040e-11 
 1603       5.262863663471e-11 
 1604       5.243507545411e-11 
 1605       5.224705957356e-11 
 1606       5.206455588060e-11 
 1607       5.188753101495e-11 
 1608       5.171595136802e-11 
 1609       5.154978308256e-11 
 1610       5.138899205217e-11 
 1611       5.123354392091e-11 
 1612       5.108340408284e-11 
 1613       5.093853768158e-11 
 1614       5.079890960995e-11 
 1615       5.066448450944e-11 
 1616       5.053522676986e-11 
 1617       5.041110052888e-11 
 1618       5.029206967159e-11 
 1619       5.017809783009e-11 
 1620       5.006914838303e-11 
 1621       4.996518445522e-11 
 1622       4.986616891718e-11 
 1623       4.977206438471e-11 
 1624       4.968283321844e-11 
 1625       4.959843752344e-11 
 1626       4.951883914876e-11 
 1627       4.944399968702e-11 
 1628       4.937388047396e-11 
 1629       4.930844258803e-11 
 1630       4.924764684992e-11 
 1631       4.919145382219e-11 
 1632       4.913982380880e-11 
 1633       4.909271685469e-11 
 1634       4.905009274535e-11 
 1635       4.901191100637e-11 
 1636       4.897812512211e-11 
 1637       4.894866513586e-11 
 1638       4.892345489322e-11 
 1639       4.890241780818e-11 
 1640       4.888547686251e-11 
 1641       4.887255460498e-11 
 1642       4.886357315074e-11 
 1643       4.885845418060e-11 
 1644       4.885711894037e-11 
 1645       4.885948824011e-11 
 1646       4.886548245350e-11 
 1647       4.887502151714e-11 
 1648       4.888802492983e-11 
 1649       4.890441175192e-11 
 1650       4.892410060459e-11 
 1651       4.894700966919e-11 
 1652       4.897305668651e-11 
 1653       4.900215895614e-11 
 1654       4.903423333575e-11 
 1655       4.906919624039e-11 
 1656       4.910696364184e-11 
 1657       4.914745106789e-11 
 1658       4.919057360166e-11 
 1659       4.923624588092e-11 
 1660       4.928438209737e-11 
 1661       4.933489599599e-11 
 1662       4.938770087433e-11 
 1663       4.944270958183e-11 
 1664       4.949983451910e-11 
 1665       4.955898763730e-11 
 1666       4.962008043736e-11 
 1667       4.968302396937e-11 
 1668       4.974772883184e-11 
 1669       4.981410517104e-11 
 1670       4.988206268030e-11 
 1671       4.995151059931e-11 
 1672       5.002235771346e-11 
 1673       5.009451235311e-11 
 1674       5.016788239296e-11 
 1675       5.024237882235e-11 
 1676       5.031792649199e-11 
 1677       5.039445345976e-11 
 1678       5.047188742764e-11 
 1679       5.055015574118e-11 
 1680       5.062918538894e-11 
 1681       5.070890300196e-11 
 1682       5.078923485324e-11 
 1683       5.087010685721e-11 
 1684       5.095144456915e-11 
 1685       5.103317318469e-11 
 1686       5.111521753928e-11 
 1687       5.119750210760e-11 
 1688       5.127995100310e-11 
 1689       5.136248797742e-11 
 1690       5.144503641982e-11 
 1691       5.152751935674e-11 
 1692       5.160985945115e-11 
 1693       5.169197900211e-11 
 1694       5.177379994417e-11 
 1695       5.185524384686e-11 
 1696       5.193623191416e-11 
 1697       5.201668498393e-11 
 1698       5.209652352743e-11 
 1699       5.217566764871e-11 
 1700       5.225403708415e-11 
 1701       5.233155120187e-11 
 1702       5.240812900120e-11 
 1703       5.248368911217e-11 
 1704       5.255814979496e-11 
 1705       5.263142893934e-11 
 1706       5.270344406418e-11 
 1707       5.277411231687e-11 
 1708       5.284335047281e-11 
 1709       5.291107493486e-11 
 1710       5.297720173281e-11 
 1711       5.304164652285e-11 
 1712       5.310432458702e-11 
 1713       5.316515083266e-11 
 1714       5.322404916250e-11 
 1715       5.328098067326e-11 
 1716       5.333591569666e-11 
 1717       5.338882445057e-11 
 1718       5.343967703880e-11 
 1719       5.348844345102e-11 
 1720       5.353509356253e-11 
 1721       5.357959713418e-11 
 1722       5.362192381215e-11 
 1723       5.366204312783e-11 
 1724       5.369992449767e-11 
 1725       5.373553722300e-11 
 1726       5.376885048992e-11 
 1727       5.379983336910e-11 
 1728       5.382845481563e-11 
 1729       5.385468366892e-11 
 1730       5.387848865248e-11 
 1731       5.389983837380e-11 
 1732       5.391870132418e-11 
 1733       5.393504587860e-11 
 1734       5.394884029554e-11 
 1735       5.396005271685e-11 
 1736       5.396865116757e-11 
 1737       5.397460355579e-11 
 1738       5.397787767251e-11 
 1739       5.397844119145e-11 
 1740       5.397626166894e-11 
 1741       5.397130654373e-11 
 1742       5.396354313684e-11 
 1743       5.395293865144e-11 
 1744       5.393946017266e-11 
 1745       5.392307466744e-11 
 1746       5.390374898439e-11 
 1747       5.388144985364e-11 
 1748       5.385614388666e-11 
 1749       5.382779757613e-11 
 1750       5.379637729578e-11 
 1751       5.376184930022e-11 
 1752       5.372417972483e-11 
 1753       5.368334366394e-11 
 1754       5.363935248885e-11 
 1755       5.359222675753e-11 
 1756       5.354198715717e-11 
 1757       5.348865450436e-11 
 1758       5.343224974531e-11 
 1759       5.337279395599e-11 
 1760       5.331030834242e-11 
 1761       5.324481424080e-11 
 1762       5.317633311773e-11 
 1763       5.310488657042e-11 
 1764       5.303049632690e-11 
 1765       5.295318424619e-11 
 1766       5.287297231850e-11 
 1767       5.278988266548e-11 
 1768       5.270393754037e-11 
 1769       5.261515932820e-11 
 1770       5.252357054604e-11 
 1771       5.242919384313e-11 
 1772       5.233205200116e-11 
 1773       5.223216793439e-11 
 1774       5.212956468991e-11 
 1775       5.202426544780e-11 
 1776       5.191629352138e-11 
 1777       5.180567235735e-11 
 1778       5.169242553603e-11 
 1779       5.157657677156e-11 
 1780       5.145814991207e-11 
 1781       5.133716893991e-11 
 1782       5.121365797185e-11 
 1783       5.108764125926e-11 
 1784       5.095914318832e-11 
 1785       5.082818828025e-11 
 1786       5.069480119143e-11 
 1787       5.055900671371e-11 
 1788       5.042082977452e-11 
 1789       5.028029543710e-11 
 1790       5.013742890072e-11 
 1791       4.999225550086e-11 
 1792       4.984480467688e-11 
 1793       4.969512190999e-11 
 1794       4.954325688318e-11 
 1795       4.938925952294e-11 
 1796       4.923317999957e-11 
 1797       4.907506872759e-11 
 1798       4.891497636606e-11 
 1799       4.875295381890e-11 
 1800       4.858905223531e-11 
 1801       4.842332301003e-11 
 1802       4.825581778378e-11 
 1803       4.808658844352e-11 
 1804       4.791568712287e-11 
 1805       4.774316620242e-11 
 1806       4.756907831008e-11 
 1807       4.739347632146e-11 
 1808       4.721641336017e-11 
 1809       4.703794279821e-11 
 1810       4.685811825629e-11 
 1811       4.667699360420e-11 
 1812       4.649462296115e-11 
 1813       4.631106069611e-11 
 1814       4.612636142818e-11 
 1815       4.594058002691e-11 
 1816       4.575377161267e-11 
 1817       4.556599155700e-11 
 1818       4.537729548293e-11 
 1819       4.518773926536e-11 
 1820       4.499737903142e-11 
 1821       4.480627116075e-11 
 1822       4.461447228594e-11 
 1823       4.442203929280e-11 
 1824       4.422902932077e-11 
 1825       4.403549976321e-11 
 1826       4.384150826780e-11 
 1827       4.364711273687e-11 
 1828       4.345237132772e-11 
 1829       4.325734245303e-11 
 1830       4.306208478115e-11 
 1831       4.286665495544e-11 
 1832       4.267110073163e-11 
 1833       4.247546778630e-11 
 1834       4.227980199322e-11 
 1835       4.208414942358e-11 
 1836       4.188855634630e-11 
 1837       4.169306922825e-11 
 1838       4.149773473458e-11 
 1839       4.130259972891e-11 
 1840       4.110771127367e-11 
 1841       4.091311663031e-11 
 1842       4.071886325961e-11 
 1843       4.052499882191e-11 
 1844       4.033157117741e-11 
 1845       4.013862838642e-11 
 1846       3.994621870960e-11 
 1847       3.975439060830e-11 
 1848       3.956319274476e-11 
 1849       3.937267398239e-11 
 1850       3.918288338605e-11 
 1851       3.899387022234e-11 
 1852       3.880568395980e-11 
 1853       3.861837426924e-11 
 1854       3.843199102399e-11 
 1855       3.824658430015e-11 
 1856       3.806220437685e-11 
 1857       3.787890173657e-11 
 1858       3.769672706536e-11 
 1859       3.751573125309e-11 
 1860       3.733596539379e-11 
 1861       3.715748078584e-11 
 1862       3.698032893228e-11 
 1863       3.680456154107e-11 
 1864       3.663023052535e-11 
 1865       3.645738800371e-11 
 1866       3.628608630045e-11 
 1867       3.611637794587e-11 
 1868       3.594831567651e-11 
 1869       3.578195243542e-11 
 1870       3.561733523538e-11 
 1871       3.545448669537e-11 
 1872       3.529342336014e-11 
 1873       3.513416182418e-11 
 1874       3.497671873181e-11 
 1875       3.482111077723e-11 
 1876       3.466735470455e-11 
 1877       3.451546730789e-11 
 1878       3.436546543140e-11 
 1879       3.421736596933e-11 
 1880       3.407118586610e-11 
 1881       3.392694211632e-11 
 1882       3.378465176490e-11 
 1883       3.364433190705e-11 
 1884       3.350599968837e-11 
 1885       3.336967230490e-11 
 1886       3.323536700318e-11 
 1887       3.310310108030e-11 
 1888       3.297289188394e-11 
 1889       3.284475681248e-11 
 1890       3.271871331499e-11 
 1891       3.259477889133e-11 
 1892       3.247297109219e-11 
 1893       3.235330751916e-11 
 1894       3.223580582476e-11 
 1895       3.212048371253e-11 
 1896       3.200735893706e-11 
 1897       3.189644930406e-11 
 1898       3.178777267041e-11 
 1899       3.168134694421e-11 
 1900       3.157719008488e-11 
 1901       3.147532010313e-11 
 1902       3.137575506112e-11 
 1903       3.127851307242e-11 
 1904       3.118361230214e-11 
 1905       3.109107096695e-11 
 1906       3.100090733514e-11 
 1907       3.091313972669e-11 
 1908       3.082778651331e-11 
 1909       3.074486020549e-11 
 1910       3.066434966403e-11 
 1911       3.058623775223e-11 
 1912       3.051050723642e-11 
 1913       3.043714078579e-11 
 1914       3.036612097229e-11 
 1915       3.029743027046e-11 
 1916       3.023105105728e-11 
 1917       3.016696561208e-11 
 1918       3.010515611636e-11 
 1919       3.004560465368e-11 
 1920       2.998829320949e-11 
 1921       2.993320367102e-11 
 1922       2.988031782713e-11 
 1923       2.982961736817e-11 
 1924       2.978108388586e-11 
 1925       2.973469887312e-11 
 1926       2.969044372395e-11 
 1927       2.964829973330e-11 
 1928       2.960824809693e-11 
 1929       2.957026991124e-11 
 1930       2.953434617318e-11 
 1931       2.950045778007e-11 
 1932       2.946858552950e-11 
 1933       2.943871011916e-11 
 1934       2.941081214670e-11 
 1935       2.938487210963e-11 
 1936       2.936087040515e-11 
 1937       2.933878733002e-11 
 1938       2.931860308041e-11 
 1939       2.930029775179e-11 
 1940       2.928385133876e-11 
 1941       2.926924373494e-11 
 1942       2.925645473280e-11 
 1943       2.924546402356e-11 
 1944       2.923625119702e-11 
 1945       2.922879574145e-11 
 1946       2.922307704340e-11 
 1947       2.921907438765e-11 
 1948       2.921676446797e-11 
 1949       2.921611389961e-11 
 1950       2.921708665033e-11 
 1951       2.921964652406e-11 
 1952       2.922375716071e-11 
 1953       2.922938203592e-11 
 1954       2.923648446090e-11 
 1955       2.924502758214e-11 
 1956       2.925497438125e-11 
 1957       2.926628767472e-11 
 1958       2.927893011371e-11 
 1959       2.929286418382e-11 
 1960       2.930805220489e-11 
 1961       2.932445633077e-11 
 1962       2.934203854912e-11 
 1963       2.936076068117e-11 
 1964       2.938058438153e-11 
 1965       2.940147113794e-11 
 1966       2.942338227108e-11 
 1967       2.944627893435e-11 
 1968       2.947012211365e-11 
 1969       2.949487262715e-11 
 1970       2.952049112510e-11 
 1971       2.954693808957e-11 
 1972       2.957417383429e-11 
 1973       2.960215850440e-11 
 1974       2.963085207621e-11 
 1975       2.966021435705e-11 
 1976       2.969020498499e-11 
 1977       2.972078342864e-11 
 1978       2.975190898696e-11 
 1979       2.978354078901e-11 
 1980       2.981563779375e-11 
 1981       2.984815878982e-11 
 1982       2.988106239532e-11 
 1983       2.991430705760e-11 
 1984       2.994785105303e-11 
 1985       2.998165248680e-11 
 1986       3.001566929270e-11 
 1987       3.004986095761e-11 
 1988       3.008419370943e-11 
 1989       3.011863536692e-11 
 1990       3.015315361834e-11 
 1991       3.018771602122e-11 
 1992       3.022229000225e-11 
 1993       3.025684285707e-11 
 1994       3.029134175016e-11 
 1995       3.032575371460e-11 
 1996       3.036004565199e-11 
 1997       3.039418433222e-11 
 1998       3.042813639334e-11 
 1999       3.046186834139e-11 
 2000       3.049534655022e-11 
 2001       3.052853726133e-11 
 2002       3.056140658374e-11 
 2003       3.059392049378e-11 
 2004       3.062604483493e-11 
 2005       3.065774531770e-11 
 2006       3.068898751942e-11 
 2007       3.071973688408e-11 
 2008       3.074995872219e-11 
 2009       3.077961821059e-11 
 2010       3.080868039232e-11 
 2011       3.083711017639e-11 
 2012       3.086487233771e-11 
 2013       3.089193151683e-11 
 2014       3.091825221984e-11 
 2015       3.094379881818e-11 
 2016       3.096853554849e-11 
 2017       3.099242651242e-11 
 2018       3.101543567649e-11 
 2019       3.103752687191e-11 
 2020       3.105866379444e-11 
 2021       3.107881000418e-11 
 2022       3.109792892547e-11 
 2023       3.111598384665e-11 
 2024       3.113293791997e-11 
 2025       3.114875416136e-11 
 2026       3.116339973776e-11 
 2027       3.117685886315e-11 
 2028       3.118911999532e-11 
 2029       3.120017155689e-11 
 2030       3.121000193523e-11 
 2031       3.121859948245e-11 
 2032       3.122595251533e-11 
 2033       3.123204931534e-11 
 2034       3.123687812850e-11 
 2035       3.124042716546e-11 
 2036       3.124268460137e-11 
 2037       3.124363857588e-11 
 2038       3.124327719309e-11 
 2039       3.124158852152e-11 
 2040       3.123856059406e-11 
 2041       3.123418140794e-11 
 2042       3.122843892470e-11 
 2043       3.122132107011e-11 
 2044       3.121281573418e-11 
 2045       3.120291077109e-11 
 2046       3.119159399917e-11 
 2047       3.117885320085e-11 
 2048       3.116467612260e-11 
 2049       3.114905047495e-11 
 2050       3.113196393238e-11 
 2051       3.111340413334e-11 
 2052       3.109335868018e-11 
 2053       3.107181513909e-11 
 2054       3.104876104013e-11 
 2055       3.102418387712e-11 
 2056       3.099807110763e-11 
 2057       3.097041015296e-11 
 2058       3.094118839805e-11 
 2059       3.091039319151e-11 
 2060       3.087801184549e-11 
 2061       3.084403163575e-11 
 2062       3.080843980153e-11 
 2063       3.077122354555e-11 
 2064       3.073237003397e-11 
 2065       3.069187052834e-11 
 2066       3.064973281356e-11 
 2067       3.060596885795e-11 
 2068       3.056059068930e-11 
 2069       3.051361039500e-11 
 2070       3.046504012203e-11 
 2071       3.041489207713e-11 
 2072       3.036317852682e-11 
 2073       3.030991179751e-11 
 2074       3.025510427554e-11 
 2075       3.019876840728e-11 
 2076       3.014091669921e-11 
 2077       3.008156171801e-11 
 2078       3.002071609059e-11 
 2079       2.995839250420e-11 
 2080       2.989460370653e-11 
 2081       2.982936250572e-11 
 2082       2.976268177050e-11 
 2083       2.969457443026e-11 
 2084       2.962505347508e-11 
 2085       2.955413195585e-11 
 2086       2.948182298433e-11 
 2087       2.940813973326e-11 
 2088       2.933309543638e-11 
 2089       2.925670338853e-11 
 2090       2.917897694577e-11 
 2091       2.909992952539e-11 
 2092       2.901957460604e-11 
 2093       2.893792572775e-11 
 2094       2.885499649208e-11 
 2095       2.877080056214e-11 
 2096       2.868535166269e-11 
 2097       2.859866358021e-11 
 2098       2.851075016299e-11 
 2099       2.842162532119e-11 
 2100       2.833130302691e-11 
 2101       2.823979731431e-11 
 2102       2.814712227964e-11 
 2103       2.805329208134e-11 
 2104       2.795832273506e-11 
 2105       2.786223751215e-11 
 2106       2.776506157892e-11 
 2107       2.766682020515e-11 
 2108       2.756753876429e-11 
 2109       2.746724273352e-11 
 2110       2.736595769393e-11 
 2111       2.726370933063e-11 
 2112       2.716052343284e-11 
 2113       2.705642589407e-11 
 2114       2.695144271222e-11 
 2115       2.684559998969e-11 
 2116       2.673892393354e-11 
 2117       2.663144085559e-11 
 2118       2.652317717255e-11 
 2119       2.641415940615e-11 
 2120       2.630441418328e-11 
 2121       2.619396823609e-11 
 2122       2.608284840212e-11 
 2123       2.597108162444e-11 
 2124       2.585869495177e-11 
 2125       2.574571553859e-11 
 2126       2.563217064531e-11 
 2127       2.551808763832e-11 
 2128       2.540349399019e-11 
 2129       2.528841727978e-11 
 2130       2.517288519232e-11 
 2131       2.505692551958e-11 
 2132       2.494056615998e-11 
 2133       2.482383511874e-11 
 2134       2.470676050796e-11 
 2135       2.458937054679e-11 
 2136       2.447169356151e-11 
 2137       2.435375798570e-11 
 2138       2.423559236035e-11 
 2139       2.411722533399e-11 
 2140       2.399868566278e-11 
 2141       2.388000221070e-11 
 2142       2.376120394961e-11 
 2143       2.364231890186e-11 
 2144       2.352337095979e-11 
 2145       2.340438304475e-11 
 2146       2.328537816276e-11 
 2147       2.316637940463e-11 
 2148       2.304740994606e-11 
 2149       2.292849304772e-11 
 2150       2.280965205538e-11 
 2151       2.269091039995e-11 
 2152       2.257229159765e-11 
 2153       2.245381925006e-11 
 2154       2.233551704423e-11 
 2155       2.221740875278e-11 
 2156       2.209951823400e-11 
 2157       2.198186943194e-11 
 2158       2.186448637653e-11 
 2159       2.174739318364e-11 
 2160       2.163061405521e-11 
 2161       2.151417327934e-11 
 2162       2.139809523039e-11 
 2163       2.128240436905e-11 
 2164       2.116712524250e-11 
 2165       2.105228248444e-11 
 2166       2.093790081522e-11 
 2167       2.082400504196e-11 
 2168       2.071062005861e-11 
 2169       2.059777084604e-11 
 2170       2.048548247221e-11 
 2171       2.037378009218e-11 
 2172       2.026268894825e-11 
 2173       2.015223437007e-11 
 2174       2.004244177472e-11 
 2175       1.993333666680e-11 
 2176       1.982494463855e-11 
 2177       1.971729136993e-11 
 2178       1.961040262872e-11 
 2179       1.950430427065e-11 
 2180       1.939902223945e-11 
 2181       1.929458256696e-11 
 2182       1.919100852463e-11 
 2183       1.908831205681e-11 
 2184       1.898650229016e-11 
 2185       1.888558837710e-11 
 2186       1.878557949580e-11 
 2187       1.868648485024e-11 
 2188       1.858831367024e-11 
 2189       1.849107521145e-11 
 2190       1.839477875542e-11 
 2191       1.829943360957e-11 
 2192       1.820504910729e-11 
 2193       1.811163460790e-11 
 2194       1.801919949672e-11 
 2195       1.792775318508e-11 
 2196       1.783730511032e-11 
 2197       1.774786473589e-11 
 2198       1.765944155128e-11 
 2199       1.757204507212e-11 
 2200       1.748568484018e-11 
 2201       1.740037042340e-11 
 2202       1.731611141590e-11 
 2203       1.723291743804e-11 
 2204       1.715079813641e-11 
 2205       1.706976318388e-11 
 2206       1.698982227962e-11 
 2207       1.691098514913e-11 
 2208       1.683326154424e-11 
 2209       1.675666124320e-11 
 2210       1.668119405062e-11 
 2211       1.660686979757e-11 
 2212       1.653369834156e-11 
 2213       1.646168956660e-11 
 2214       1.639085338320e-11 
 2215       1.632119972839e-11 
 2216       1.625273856581e-11 
 2217       1.618547988563e-11 
 2218       1.611943370468e-11 
 2219       1.605461006640e-11 
 2220       1.599101904093e-11 
 2221       1.592866791230e-11 
 2222       1.586755271992e-11 
 2223       1.580766666138e-11 
 2224       1.574900290020e-11 
 2225       1.569155456572e-11 
 2226       1.563531475309e-11 
 2227       1.558027652323e-11 
 2228       1.552643290276e-11 
 2229       1.547377688399e-11 
 2230       1.542230142487e-11 
 2231       1.537199944894e-11 
 2232       1.532286384528e-11 
 2233       1.527488746849e-11 
 2234       1.522806313865e-11 
 2235       1.518238364123e-11 
 2236       1.513784172710e-11 
 2237       1.509443011250e-11 
 2238       1.505214147892e-11 
 2239       1.501096847313e-11 
 2240       1.497090370713e-11 
 2241       1.493193975806e-11 
 2242       1.489406916821e-11 
 2243       1.485728444496e-11 
 2244       1.482157806072e-11 
 2245       1.478694245293e-11 
 2246       1.475337002397e-11 
 2247       1.472085314115e-11 
 2248       1.468938413665e-11 
 2249       1.465895530749e-11 
 2250       1.462955891549e-11 
 2251       1.460118718722e-11 
 2252       1.457383231394e-11 
 2253       1.454748645162e-11 
 2254       1.452214172080e-11 
 2255       1.449779020665e-11 
 2256       1.447442395886e-11 
 2257       1.445203499163e-11 
 2258       1.443061528359e-11 
 2259       1.441015677783e-11 
 2260       1.439065006888e-11 
 2261       1.437208045480e-11 
 2262       1.435443185947e-11 
 2263       1.433768814308e-11 
 2264       1.432183310208e-11 
 2265       1.430685046907e-11 
 2266       1.429272391278e-11 
 2267       1.427943703796e-11 
 2268       1.426697338530e-11 
 2269       1.425531643138e-11 
 2270       1.424444958859e-11 
 2271       1.423435620506e-11 
 2272       1.422501956457e-11 
 2273       1.421642288651e-11 
 2274       1.420854932578e-11 
 2275       1.420138197270e-11 
 2276       1.419490385300e-11 
 2277       1.418909792768e-11 
 2278       1.418394709298e-11 
 2279       1.417943418029e-11 
 2280       1.417554195608e-11 
 2281       1.417225312182e-11 
 2282       1.416955031391e-11 
 2283       1.416741610365e-11 
 2284       1.416583299706e-11 
 2285       1.416478343495e-11 
 2286       1.416424979271e-11 
 2287       1.416421438033e-11 
 2288       1.416465944230e-11 
 2289       1.416556715751e-11 
 2290       1.416691963923e-11 
 2291       1.416869893499e-11 
 2292       1.417088702653e-11 
 2293       1.417346582971e-11 
 2294       1.417641719447e-11 
 2295       1.417972290472e-11 
 2296       1.418336467829e-11 
 2297       1.418732416685e-11 
 2298       1.419158295583e-11 
 2299       1.419612314550e-11 
 2300       1.420092909837e-11 
 2301       1.420598570276e-11 
 2302       1.421127779262e-11 
 2303       1.421679014746e-11 
 2304       1.422250749231e-11 
 2305       1.422841449765e-11 
 2306       1.423449577932e-11 
 2307       1.424073589853e-11 
 2308       1.424711936173e-11 
 2309       1.425363062060e-11 
 2310       1.426025407195e-11 
 2311       1.426697405770e-11 
 2312       1.427377486477e-11 
 2313       1.428064072509e-11 
 2314       1.428755581547e-11 
 2315       1.429450425759e-11 
 2316       1.430147011791e-11 
 2317       1.430843740762e-11 
 2318       1.431539008260e-11 
 2319       1.432231204332e-11 
 2320       1.432918713482e-11 
 2321       1.433599914662e-11 
 2322       1.434273181267e-11 
 2323       1.434936881132e-11 
 2324       1.435589376521e-11 
 2325       1.436229024123e-11 
 2326       1.436854175048e-11 
 2327       1.437463174819e-11 
 2328       1.438054363366e-11 
 2329       1.438626075021e-11 
 2330       1.439176638511e-11 
 2331       1.439704376953e-11 
 2332       1.440207607848e-11 
 2333       1.440684643073e-11 
 2334       1.441133788878e-11 
 2335       1.441553345880e-11 
 2336       1.441941609052e-11 
 2337       1.442296867724e-11 
 2338       1.442617585231e-11 
 2339       1.442902939118e-11 
 2340       1.443152284305e-11 
 2341       1.443364973738e-11 
 2342       1.443540358384e-11 
 2343       1.443677787230e-11 
 2344       1.443776607281e-11 
 2345       1.443836163557e-11 
 2346       1.443855799092e-11 
 2347       1.443834854931e-11 
 2348       1.443772670131e-11 
 2349       1.443668581754e-11 
 2350       1.443521924867e-11 
 2351       1.443332032544e-11 
 2352       1.443098235858e-11 
 2353       1.442819863882e-11 
 2354       1.442496243685e-11 
 2355       1.442126700334e-11 
 2356       1.441710556887e-11 
 2357       1.441247134396e-11 
 2358       1.440735751900e-11 
 2359       1.440175726426e-11 
 2360       1.439566372986e-11 
 2361       1.438907004576e-11 
 2362       1.438196932173e-11 
 2363       1.437435464732e-11 
 2364       1.436621909186e-11 
 2365       1.435755570445e-11 
 2366       1.434835751388e-11 
 2367       1.433861752868e-11 
 2368       1.432832873706e-11 
 2369       1.431748410691e-11 
 2370       1.430607658576e-11 
 2371       1.429409910076e-11 
 2372       1.428154455870e-11 
 2373       1.426840584592e-11 
 2374       1.425467582835e-11 
 2375       1.424034735148e-11 
 2376       1.422541324030e-11 
 2377       1.420986813339e-11 
 2378       1.419371399747e-11 
 2379       1.417695464675e-11 
 2380       1.415959391199e-11 
 2381       1.414163564049e-11 
 2382       1.412308369615e-11 
 2383       1.410394195944e-11 
 2384       1.408421432746e-11 
 2385       1.406390471392e-11 
 2386       1.404301704919e-11 
 2387       1.402155528032e-11 
 2388       1.399952337103e-11 
 2389       1.397692530175e-11 
 2390       1.395376506963e-11 
 2391       1.393004668858e-11 
 2392       1.390577418924e-11 
 2393       1.388095161905e-11 
 2394       1.385558304226e-11 
 2395       1.382967253991e-11 
 2396       1.380322420989e-11 
 2397       1.377624216695e-11 
 2398       1.374873054270e-11 
 2399       1.372069348564e-11 
 2400       1.369213516120e-11 
 2401       1.366305975172e-11 
 2402       1.363347145650e-11 
 2403       1.360337449178e-11 
 2404       1.357277309083e-11 
 2405       1.354167150388e-11 
 2406       1.351007399820e-11 
 2407       1.347798485811e-11 
 2408       1.344540838497e-11 
 2409       1.341234889724e-11 
 2410       1.337881073045e-11 
 2411       1.334479823726e-11 
 2412       1.331031578747e-11 
 2413       1.327536776802e-11 
 2414       1.323995858304e-11 
 2415       1.320409265381e-11 
 2416       1.316777529073e-11 
 2417       1.313101531460e-11 
 2418       1.309382245125e-11 
 2419       1.305620646108e-11 
 2420       1.301817713917e-11 
 2421       1.297974431527e-11 
 2422       1.294091785386e-11 
 2423       1.290170765416e-11 
 2424       1.286212365021e-11 
 2425       1.282217581085e-11 
 2426       1.278187413982e-11 
 2427       1.274122867573e-11 
 2428       1.270024949215e-11 
 2429       1.265894669763e-11 
 2430       1.261733043572e-11 
 2431       1.257541088503e-11 
 2432       1.253319825924e-11 
 2433       1.249070280717e-11 
 2434       1.244793481280e-11 
 2435       1.240490459530e-11 
 2436       1.236162250906e-11 
 2437       1.231809894377e-11 
 2438       1.227434432439e-11 
 2439       1.223036911124e-11 
 2440       1.218618380003e-11 
 2441       1.214179892187e-11 
 2442       1.209722504331e-11 
 2443       1.205247276642e-11 
 2444       1.200755272877e-11 
 2445       1.196247560351e-11 
 2446       1.191725209936e-11 
 2447       1.187189296070e-11 
 2448       1.182640896757e-11 
 2449       1.178081093573e-11 
 2450       1.173510971667e-11 
 2451       1.168931619767e-11 
 2452       1.164344130181e-11 
 2453       1.159749598804e-11 
 2454       1.155149125121e-11 
 2455       1.150543786243e-11 
 2456       1.145934558848e-11 
 2457       1.141322396785e-11 
 2458       1.136708256997e-11 
 2459       1.132093099526e-11 
 2460       1.127477887516e-11 
 2461       1.122863587215e-11 
 2462       1.118251167979e-11 
 2463       1.113641602275e-11 
 2464       1.109035865685e-11 
 2465       1.104434936905e-11 
 2466       1.099839797756e-11 
 2467       1.095251433179e-11 
 2468       1.090670831243e-11 
 2469       1.086098983148e-11 
 2470       1.081536883224e-11 
 2471       1.076985528939e-11 
 2472       1.072445920901e-11 
 2473       1.067919062858e-11 
 2474       1.063405961706e-11 
 2475       1.058907627488e-11 
 2476       1.054425073398e-11 
 2477       1.049959315788e-11 
 2478       1.045511374164e-11 
 2479       1.041082271198e-11 
 2480       1.036673032721e-11 
 2481       1.032284687736e-11 
 2482       1.027918268413e-11 
 2483       1.023574810099e-11 
 2484       1.019255351316e-11 
 2485       1.014960933765e-11 
 2486       1.010692602333e-11 
 2487       1.006451405092e-11 
 2488       1.002238393301e-11 
 2489       9.980546214164e-12 
 2490       9.939011470861e-12 
 2491       9.897790311588e-12 
 2492       9.856893376849e-12 
 2493       9.816331339197e-12 
 2494       9.776109115516e-12 
 2495       9.736208466653e-12 
 2496       9.696605295687e-12 
 2497       9.657275426327e-12 
 2498       9.618194602829e-12 
 2499       9.579338489914e-12 
 2500       9.540682672696e-12 
