# dimensionless total [l(l+1)/2pi] C_l's
# for l=2 to 2500, i.e. number of multipoles equal to 2499
#
# -> if you prefer output in CAMB/HealPix/LensPix units/order, set 'format' to 'camb' in input file
# -> if you don't want to see such a header, set 'headers' to 'no' in input file
#
# 1:l     2:TT                 
    2       1.383317208997e-10 
    3       1.309098818720e-10 
    4       1.238571858533e-10 
    5       1.185514652102e-10 
    6       1.148866222930e-10 
    7       1.125459179143e-10 
    8       1.111395102978e-10 
    9       1.104571137130e-10 
   10       1.103154894198e-10 
   11       1.105742783898e-10 
   12       1.111975269616e-10 
   13       1.120461783843e-10 
   14       1.130477449942e-10 
   15       1.142338958851e-10 
   16       1.156053550304e-10 
   17       1.170332735403e-10 
   18       1.185670860094e-10 
   19       1.202218676239e-10 
   20       1.219267927805e-10 
   21       1.236945316689e-10 
   22       1.255315543889e-10 
   23       1.274274441274e-10 
   24       1.293487303813e-10 
   25       1.313105410304e-10 
   26       1.333262843221e-10 
   27       1.353909102726e-10 
   28       1.374847180444e-10 
   29       1.396132177752e-10 
   30       1.417779210152e-10 
   31       1.439698569121e-10 
   32       1.461918756701e-10 
   33       1.484420402307e-10 
   34       1.507122664263e-10 
   35       1.530085286544e-10 
   36       1.553360894307e-10 
   37       1.576951756417e-10 
   38       1.600871859213e-10 
   39       1.625093326650e-10 
   40       1.649521440113e-10 
   41       1.674042928134e-10 
   42       1.698705443144e-10 
   43       1.723585516809e-10 
   44       1.748736069027e-10 
   45       1.774187349021e-10 
   46       1.799956618045e-10 
   47       1.826036652150e-10 
   48       1.852389795394e-10 
   49       1.878945405015e-10 
   50       1.905629759782e-10 
   51       1.932471282950e-10 
   52       1.959519464697e-10 
   53       1.986813892457e-10 
   54       2.014383223759e-10 
   55       2.042246710135e-10 
   56       2.070421565274e-10 
   57       2.098915628132e-10 
   58       2.127724064674e-10 
   59       2.156828440104e-10 
   60       2.186195791111e-10 
   61       2.215792542365e-10 
   62       2.245632005124e-10 
   63       2.275735942392e-10 
   64       2.306120217731e-10 
   65       2.336794338491e-10 
   66       2.367760999054e-10 
   67       2.399015624059e-10 
   68       2.430552332525e-10 
   69       2.462384254535e-10 
   70       2.494526529604e-10 
   71       2.526989962741e-10 
   72       2.559780731896e-10 
   73       2.592900095411e-10 
   74       2.626344099474e-10 
   75       2.660103285570e-10 
   76       2.694167692990e-10 
   77       2.728543566225e-10 
   78       2.763239176898e-10 
   79       2.798259617996e-10 
   80       2.833606619899e-10 
   81       2.869278366409e-10 
   82       2.905269310785e-10 
   83       2.941569991772e-10 
   84       2.978171131481e-10 
   85       3.015077112569e-10 
   86       3.052294408380e-10 
   87       3.089827389389e-10 
   88       3.127678211197e-10 
   89       3.165846702526e-10 
   90       3.204330253211e-10 
   91       3.243123702199e-10 
   92       3.282219225541e-10 
   93       3.321609075729e-10 
   94       3.361294514275e-10 
   95       3.401278021756e-10 
   96       3.441560494292e-10 
   97       3.482141170674e-10 
   98       3.523017559507e-10 
   99       3.564185366336e-10 
  100       3.605638420787e-10 
  101       3.647368603700e-10 
  102       3.689365774262e-10 
  103       3.731617697144e-10 
  104       3.774112624547e-10 
  105       3.816847596539e-10 
  106       3.859821131347e-10 
  107       3.903030627413e-10 
  108       3.946472319701e-10 
  109       3.990141236002e-10 
  110       4.034031153253e-10 
  111       4.078134553836e-10 
  112       4.122442581897e-10 
  113       4.166944999648e-10 
  114       4.211630143681e-10 
  115       4.256484881276e-10 
  116       4.301496442920e-10 
  117       4.346658266030e-10 
  118       4.391964782978e-10 
  119       4.437409581651e-10 
  120       4.482985378345e-10 
  121       4.528683990670e-10 
  122       4.574496310441e-10 
  123       4.620412276583e-10 
  124       4.666420848025e-10 
  125       4.712509976601e-10 
  126       4.758666579948e-10 
  127       4.804876514403e-10 
  128       4.851124547905e-10 
  129       4.897395925465e-10 
  130       4.943681317326e-10 
  131       4.989972364934e-10 
  132       5.036260121470e-10 
  133       5.082535036144e-10 
  134       5.128786938489e-10 
  135       5.175005022656e-10 
  136       5.221177831706e-10 
  137       5.267293241910e-10 
  138       5.313338447036e-10 
  139       5.359299942650e-10 
  140       5.405163510405e-10 
  141       5.450914202341e-10 
  142       5.496536325173e-10 
  143       5.542013424591e-10 
  144       5.587329598640e-10 
  145       5.632473616959e-10 
  146       5.677435179682e-10 
  147       5.722203616813e-10 
  148       5.766767880166e-10 
  149       5.811116535291e-10 
  150       5.855237753414e-10 
  151       5.899119303363e-10 
  152       5.942748543506e-10 
  153       5.986112413679e-10 
  154       6.029197427125e-10 
  155       6.071989662420e-10 
  156       6.114474755412e-10 
  157       6.156637891150e-10 
  158       6.198463795816e-10 
  159       6.239936728662e-10 
  160       6.281040473941e-10 
  161       6.321759464237e-10 
  162       6.362082279038e-10 
  163       6.401998441577e-10 
  164       6.441497312417e-10 
  165       6.480568086592e-10 
  166       6.519199790741e-10 
  167       6.557381280251e-10 
  168       6.595101236394e-10 
  169       6.632348163462e-10 
  170       6.669110385910e-10 
  171       6.705376045491e-10 
  172       6.741133098395e-10 
  173       6.776369312388e-10 
  174       6.811072263950e-10 
  175       6.845229335413e-10 
  176       6.878827712098e-10 
  177       6.911854379456e-10 
  178       6.944296120205e-10 
  179       6.976139511467e-10 
  180       7.007371796683e-10 
  181       7.037983584833e-10 
  182       7.067966360774e-10 
  183       7.097311630107e-10 
  184       7.126010919536e-10 
  185       7.154055777225e-10 
  186       7.181437773164e-10 
  187       7.208148499525e-10 
  188       7.234179571023e-10 
  189       7.259522625277e-10 
  190       7.284169323171e-10 
  191       7.308111349212e-10 
  192       7.331340411894e-10 
  193       7.353848244052e-10 
  194       7.375626603231e-10 
  195       7.396667272036e-10 
  196       7.416962058503e-10 
  197       7.436502796449e-10 
  198       7.455281345841e-10 
  199       7.473289593151e-10 
  200       7.490519451717e-10 
  201       7.506963452158e-10 
  202       7.522616559853e-10 
  203       7.537474488135e-10 
  204       7.551533121992e-10 
  205       7.564788520174e-10 
  206       7.577236917295e-10 
  207       7.588874725940e-10 
  208       7.599698538769e-10 
  209       7.609705130618e-10 
  210       7.618891460605e-10 
  211       7.627254674237e-10 
  212       7.634792105508e-10 
  213       7.641501279010e-10 
  214       7.647379912031e-10 
  215       7.652425916665e-10 
  216       7.656637401912e-10 
  217       7.660012675782e-10 
  218       7.662550247402e-10 
  219       7.664248829119e-10 
  220       7.665107338603e-10 
  221       7.665124900953e-10 
  222       7.664300850800e-10 
  223       7.662634734412e-10 
  224       7.660126508283e-10 
  225       7.656777144738e-10 
  226       7.652588069343e-10 
  227       7.647560970477e-10 
  228       7.641697801903e-10 
  229       7.635000785341e-10 
  230       7.627472413040e-10 
  231       7.619115450349e-10 
  232       7.609932938289e-10 
  233       7.599928196127e-10 
  234       7.589104823945e-10 
  235       7.577466705215e-10 
  236       7.565018009368e-10 
  237       7.551763194368e-10 
  238       7.537707009285e-10 
  239       7.522854496864e-10 
  240       7.507210996099e-10 
  241       7.490782144804e-10 
  242       7.473573882186e-10 
  243       7.455592451417e-10 
  244       7.436844402206e-10 
  245       7.417336593368e-10 
  246       7.397076195402e-10 
  247       7.376070693057e-10 
  248       7.354327887907e-10 
  249       7.331855900923e-10 
  250       7.308662902142e-10 
  251       7.284756277061e-10 
  252       7.260143417121e-10 
  253       7.234831990319e-10 
  254       7.208829943258e-10 
  255       7.182145503200e-10 
  256       7.154787180112e-10 
  257       7.126763768718e-10 
  258       7.098084350550e-10 
  259       7.068758295995e-10 
  260       7.038795266351e-10 
  261       7.008205215869e-10 
  262       6.976998393811e-10 
  263       6.945185346496e-10 
  264       6.912776919348e-10 
  265       6.879784258952e-10 
  266       6.846218815100e-10 
  267       6.812092342842e-10 
  268       6.777416904536e-10 
  269       6.742204871898e-10 
  270       6.706468928053e-10 
  271       6.670222069585e-10 
  272       6.633477608586e-10 
  273       6.596249174706e-10 
  274       6.558550717205e-10 
  275       6.520396507001e-10 
  276       6.481801138723e-10 
  277       6.442779532758e-10 
  278       6.403346937301e-10 
  279       6.363518117787e-10 
  280       6.323304874471e-10 
  281       6.282718400227e-10 
  282       6.241770082388e-10 
  283       6.200471503543e-10 
  284       6.158834442343e-10 
  285       6.116870874300e-10 
  286       6.074592972588e-10 
  287       6.032013108849e-10 
  288       5.989143853992e-10 
  289       5.945997978994e-10 
  290       5.902588455704e-10 
  291       5.858928457644e-10 
  292       5.815031360811e-10 
  293       5.770910744478e-10 
  294       5.726580391996e-10 
  295       5.682054291598e-10 
  296       5.637346637198e-10 
  297       5.592471829195e-10 
  298       5.547444475272e-10 
  299       5.502279391201e-10 
  300       5.456991601645e-10 
  301       5.411596340955e-10 
  302       5.366109053979e-10 
  303       5.320545396857e-10 
  304       5.274921237828e-10 
  305       5.229252658029e-10 
  306       5.183555952297e-10 
  307       5.137847629973e-10 
  308       5.092144415702e-10 
  309       5.046463250235e-10 
  310       5.000821291229e-10 
  311       4.955235914055e-10 
  312       4.909723530134e-10 
  313       4.864295979726e-10 
  314       4.818963973340e-10 
  315       4.773738258448e-10 
  316       4.728629618838e-10 
  317       4.683648873964e-10 
  318       4.638806878290e-10 
  319       4.594114520644e-10 
  320       4.549582723562e-10 
  321       4.505222442643e-10 
  322       4.461044665891e-10 
  323       4.417060413068e-10 
  324       4.373280735043e-10 
  325       4.329716713138e-10 
  326       4.286379458478e-10 
  327       4.243280111344e-10 
  328       4.200429840515e-10 
  329       4.157839842621e-10 
  330       4.115521341491e-10 
  331       4.073485587502e-10 
  332       4.031743856926e-10 
  333       3.990307451283e-10 
  334       3.949187696685e-10 
  335       3.908395943189e-10 
  336       3.867943564142e-10 
  337       3.827841955533e-10 
  338       3.788102535341e-10 
  339       3.748736742883e-10 
  340       3.709756038162e-10 
  341       3.671171901218e-10 
  342       3.632995831478e-10 
  343       3.595239347099e-10 
  344       3.557913984325e-10 
  345       3.521031296827e-10 
  346       3.484602855059e-10 
  347       3.448640245604e-10 
  348       3.413155070523e-10 
  349       3.378157942700e-10 
  350       3.343655427159e-10 
  351       3.309652971421e-10 
  352       3.276155896414e-10 
  353       3.243169394835e-10 
  354       3.210698529511e-10 
  355       3.178748231766e-10 
  356       3.147323299775e-10 
  357       3.116428396937e-10 
  358       3.086068050230e-10 
  359       3.056246648574e-10 
  360       3.026968441198e-10 
  361       2.998237535998e-10 
  362       2.970057897903e-10 
  363       2.942433347234e-10 
  364       2.915367558070e-10 
  365       2.888864056608e-10 
  366       2.862926219524e-10 
  367       2.837557272343e-10 
  368       2.812760287791e-10 
  369       2.788538184167e-10 
  370       2.764893723699e-10 
  371       2.741829510908e-10 
  372       2.719347990975e-10 
  373       2.697451448096e-10 
  374       2.676142003851e-10 
  375       2.655421615562e-10 
  376       2.635292074659e-10 
  377       2.615755005040e-10 
  378       2.596811861434e-10 
  379       2.578463927765e-10 
  380       2.560712315512e-10 
  381       2.543557962076e-10 
  382       2.527001629135e-10 
  383       2.511043901014e-10 
  384       2.495685183044e-10 
  385       2.480925699924e-10 
  386       2.466765494086e-10 
  387       2.453204424054e-10 
  388       2.440242007107e-10 
  389       2.427876944107e-10 
  390       2.416107573683e-10 
  391       2.404932024570e-10 
  392       2.394348213853e-10 
  393       2.384353845200e-10 
  394       2.374946407107e-10 
  395       2.366123171130e-10 
  396       2.357881190128e-10 
  397       2.350217296501e-10 
  398       2.343128100429e-10 
  399       2.336609988110e-10 
  400       2.330659119997e-10 
  401       2.325271429040e-10 
  402       2.320442618925e-10 
  403       2.316168162307e-10 
  404       2.312443299056e-10 
  405       2.309263034490e-10 
  406       2.306622137620e-10 
  407       2.304515139379e-10 
  408       2.302936330873e-10 
  409       2.301879761607e-10 
  410       2.301339237736e-10 
  411       2.301308320292e-10 
  412       2.301780323434e-10 
  413       2.302748312675e-10 
  414       2.304205103133e-10 
  415       2.306143257760e-10 
  416       2.308555085584e-10 
  417       2.311432639949e-10 
  418       2.314767716754e-10 
  419       2.318551852688e-10 
  420       2.322776323472e-10 
  421       2.327432142098e-10 
  422       2.332510057065e-10 
  423       2.338000550620e-10 
  424       2.343893836995e-10 
  425       2.350179860648e-10 
  426       2.356848294501e-10 
  427       2.363889365281e-10 
  428       2.371296364075e-10 
  429       2.379063217726e-10 
  430       2.387183668234e-10 
  431       2.395651271534e-10 
  432       2.404459396283e-10 
  433       2.413601222636e-10 
  434       2.423069741032e-10 
  435       2.432857750974e-10 
  436       2.442957859812e-10 
  437       2.453362481522e-10 
  438       2.464063835492e-10 
  439       2.475053945300e-10 
  440       2.486324637498e-10 
  441       2.497867540394e-10 
  442       2.509674082831e-10 
  443       2.521735492973e-10 
  444       2.534042797083e-10 
  445       2.546586818307e-10 
  446       2.559358175455e-10 
  447       2.572347281783e-10 
  448       2.585544343776e-10 
  449       2.598939359927e-10 
  450       2.612522119521e-10 
  451       2.626282201416e-10 
  452       2.640208972825e-10 
  453       2.654291588099e-10 
  454       2.668518987507e-10 
  455       2.682879896016e-10 
  456       2.697362822079e-10 
  457       2.711956056412e-10 
  458       2.726647670775e-10 
  459       2.741425516756e-10 
  460       2.756277224556e-10 
  461       2.771190201762e-10 
  462       2.786151632138e-10 
  463       2.801148474401e-10 
  464       2.816167461006e-10 
  465       2.831195096924e-10 
  466       2.846219069235e-10 
  467       2.861232526770e-10 
  468       2.876229931586e-10 
  469       2.891205659798e-10 
  470       2.906154001132e-10 
  471       2.921069158488e-10 
  472       2.935945247501e-10 
  473       2.950776296096e-10 
  474       2.965556244053e-10 
  475       2.980278942564e-10 
  476       2.994938153792e-10 
  477       3.009527550432e-10 
  478       3.024040715272e-10 
  479       3.038471140751e-10 
  480       3.052812228519e-10 
  481       3.067057288995e-10 
  482       3.081199540931e-10 
  483       3.095232110968e-10 
  484       3.109148033199e-10 
  485       3.122940248725e-10 
  486       3.136601605216e-10 
  487       3.150124856474e-10 
  488       3.163502661987e-10 
  489       3.176727586493e-10 
  490       3.189792099540e-10 
  491       3.202688575043e-10 
  492       3.215409290844e-10 
  493       3.227946428274e-10 
  494       3.240292071712e-10 
  495       3.252438208144e-10 
  496       3.264376726722e-10 
  497       3.276099418325e-10 
  498       3.287597975119e-10 
  499       3.298863990117e-10 
  500       3.309888956735e-10 
  501       3.320664268360e-10 
  502       3.331181217898e-10 
  503       3.341430997345e-10 
  504       3.351404697340e-10 
  505       3.361094603739e-10 
  506       3.370498129298e-10 
  507       3.379613994392e-10 
  508       3.388440940411e-10 
  509       3.396977729931e-10 
  510       3.405223146884e-10 
  511       3.413175996724e-10 
  512       3.420835106598e-10 
  513       3.428199325512e-10 
  514       3.435267524506e-10 
  515       3.442038596815e-10 
  516       3.448511458044e-10 
  517       3.454685046331e-10 
  518       3.460558322525e-10 
  519       3.466130270343e-10 
  520       3.471399896549e-10 
  521       3.476366231117e-10 
  522       3.481028327402e-10 
  523       3.485385262308e-10 
  524       3.489436136459e-10 
  525       3.493180074363e-10 
  526       3.496616224587e-10 
  527       3.499743759921e-10 
  528       3.502561877550e-10 
  529       3.505069799219e-10 
  530       3.507266771406e-10 
  531       3.509152065490e-10 
  532       3.510724977917e-10 
  533       3.511984830372e-10 
  534       3.512930969947e-10 
  535       3.513562769306e-10 
  536       3.513879626863e-10 
  537       3.513880966940e-10 
  538       3.513566239944e-10 
  539       3.512934922531e-10 
  540       3.511986517778e-10 
  541       3.510720555350e-10 
  542       3.509136591669e-10 
  543       3.507234210083e-10 
  544       3.505013623051e-10 
  545       3.502477496065e-10 
  546       3.499629172866e-10 
  547       3.496472078257e-10 
  548       3.493009718517e-10 
  549       3.489245681808e-10 
  550       3.485183638596e-10 
  551       3.480827342053e-10 
  552       3.476180628480e-10 
  553       3.471247417711e-10 
  554       3.466031713532e-10 
  555       3.460537604089e-10 
  556       3.454769262302e-10 
  557       3.448730946279e-10 
  558       3.442426999725e-10 
  559       3.435861852358e-10 
  560       3.429040020321e-10 
  561       3.421966106591e-10 
  562       3.414644801397e-10 
  563       3.407080882628e-10 
  564       3.399279216246e-10 
  565       3.391244756703e-10 
  566       3.382982547347e-10 
  567       3.374497720839e-10 
  568       3.365795499564e-10 
  569       3.356881196043e-10 
  570       3.347760213347e-10 
  571       3.338438045509e-10 
  572       3.328920277934e-10 
  573       3.319212587816e-10 
  574       3.309320744546e-10 
  575       3.299250610129e-10 
  576       3.289008139591e-10 
  577       3.278599381399e-10 
  578       3.268030477865e-10 
  579       3.257307665564e-10 
  580       3.246437275746e-10 
  581       3.235425734746e-10 
  582       3.224279564401e-10 
  583       3.213005117084e-10 
  584       3.201607772727e-10 
  585       3.190092722555e-10 
  586       3.178465232964e-10 
  587       3.166730645837e-10 
  588       3.154894378866e-10 
  589       3.142961925866e-10 
  590       3.130938857102e-10 
  591       3.118830819599e-10 
  592       3.106643537467e-10 
  593       3.094382812220e-10 
  594       3.082054523090e-10 
  595       3.069664627350e-10 
  596       3.057219160634e-10 
  597       3.044724237252e-10 
  598       3.032186050513e-10 
  599       3.019610873038e-10 
  600       3.007005057089e-10 
  601       2.994375034876e-10 
  602       2.981727318886e-10 
  603       2.969068502197e-10 
  604       2.956405258796e-10 
  605       2.943744343903e-10 
  606       2.931092594283e-10 
  607       2.918456928573e-10 
  608       2.905844347592e-10 
  609       2.893261934670e-10 
  610       2.880716855957e-10 
  611       2.868216360749e-10 
  612       2.855767781805e-10 
  613       2.843378535664e-10 
  614       2.831056122967e-10 
  615       2.818808128773e-10 
  616       2.806642222881e-10 
  617       2.794566160147e-10 
  618       2.782587780803e-10 
  619       2.770715010777e-10 
  620       2.758955862010e-10 
  621       2.747318432779e-10 
  622       2.735810088321e-10 
  623       2.724434981003e-10 
  624       2.713196472694e-10 
  625       2.702097949261e-10 
  626       2.691142820633e-10 
  627       2.680334520869e-10 
  628       2.669676508221e-10 
  629       2.659172265199e-10 
  630       2.648825298638e-10 
  631       2.638639139761e-10 
  632       2.628617344244e-10 
  633       2.618763492284e-10 
  634       2.609081188661e-10 
  635       2.599574062806e-10 
  636       2.590245768863e-10 
  637       2.581099985756e-10 
  638       2.572140417253e-10 
  639       2.563370792035e-10 
  640       2.554794863755e-10 
  641       2.546416411107e-10 
  642       2.538239237890e-10 
  643       2.530267173076e-10 
  644       2.522504070869e-10 
  645       2.514953810777e-10 
  646       2.507620297670e-10 
  647       2.500507461854e-10 
  648       2.493619259127e-10 
  649       2.486959670850e-10 
  650       2.480532704011e-10 
  651       2.474342391288e-10 
  652       2.468392791117e-10 
  653       2.462687987754e-10 
  654       2.457232091346e-10 
  655       2.452029237987e-10 
  656       2.447083589791e-10 
  657       2.442399334955e-10 
  658       2.437980687822e-10 
  659       2.433831888948e-10 
  660       2.429957205167e-10 
  661       2.426360114145e-10 
  662       2.423040838168e-10 
  663       2.419998756100e-10 
  664       2.417233213809e-10 
  665       2.414743524011e-10 
  666       2.412528966109e-10 
  667       2.410588786034e-10 
  668       2.408922196089e-10 
  669       2.407528374792e-10 
  670       2.406406466711e-10 
  671       2.405555582312e-10 
  672       2.404974797797e-10 
  673       2.404663154947e-10 
  674       2.404619660961e-10 
  675       2.404843288303e-10 
  676       2.405332974537e-10 
  677       2.406087622172e-10 
  678       2.407106098504e-10 
  679       2.408387235455e-10 
  680       2.409929829417e-10 
  681       2.411732641092e-10 
  682       2.413794395333e-10 
  683       2.416113780988e-10 
  684       2.418689450738e-10 
  685       2.421520020943e-10 
  686       2.424604071477e-10 
  687       2.427940145578e-10 
  688       2.431526749681e-10 
  689       2.435362353265e-10 
  690       2.439445388692e-10 
  691       2.443774251051e-10 
  692       2.448347297996e-10 
  693       2.453162849591e-10 
  694       2.458219188147e-10 
  695       2.463514558069e-10 
  696       2.469047165694e-10 
  697       2.474815179132e-10 
  698       2.480816728112e-10 
  699       2.487049903816e-10 
  700       2.493512436445e-10 
  701       2.500200720844e-10 
  702       2.507110770264e-10 
  703       2.514238536566e-10 
  704       2.521579909993e-10 
  705       2.529130718923e-10 
  706       2.536886729636e-10 
  707       2.544843646078e-10 
  708       2.552997109619e-10 
  709       2.561342698822e-10 
  710       2.569875929199e-10 
  711       2.578592252979e-10 
  712       2.587487058869e-10 
  713       2.596555671814e-10 
  714       2.605793352765e-10 
  715       2.615195298435e-10 
  716       2.624756641070e-10 
  717       2.634472448202e-10 
  718       2.644337722421e-10 
  719       2.654347401131e-10 
  720       2.664496356315e-10 
  721       2.674779394299e-10 
  722       2.685191255512e-10 
  723       2.695726614252e-10 
  724       2.706380078445e-10 
  725       2.717146189410e-10 
  726       2.728019421622e-10 
  727       2.738994182472e-10 
  728       2.750064812034e-10 
  729       2.761225582822e-10 
  730       2.772470699558e-10 
  731       2.783794298933e-10 
  732       2.795190449368e-10 
  733       2.806653150778e-10 
  734       2.818176334335e-10 
  735       2.829753862229e-10 
  736       2.841379527435e-10 
  737       2.853047053469e-10 
  738       2.864750094156e-10 
  739       2.876482544638e-10 
  740       2.888239481611e-10 
  741       2.900016241175e-10 
  742       2.911808109102e-10 
  743       2.923610320662e-10 
  744       2.935418060459e-10 
  745       2.947226462259e-10 
  746       2.959030608821e-10 
  747       2.970825531730e-10 
  748       2.982606211227e-10 
  749       2.994367576037e-10 
  750       3.006104503207e-10 
  751       3.017811817930e-10 
  752       3.029484293377e-10 
  753       3.041116650534e-10 
  754       3.052703558024e-10 
  755       3.064239631947e-10 
  756       3.075719435704e-10 
  757       3.087137479829e-10 
  758       3.098488221826e-10 
  759       3.109766065991e-10 
  760       3.120965363250e-10 
  761       3.132080410987e-10 
  762       3.143105452875e-10 
  763       3.154034678708e-10 
  764       3.164862224231e-10 
  765       3.175582170971e-10 
  766       3.186188546068e-10 
  767       3.196675322109e-10 
  768       3.207036416953e-10 
  769       3.217265693567e-10 
  770       3.227356959854e-10 
  771       3.237303968487e-10 
  772       3.247100416737e-10 
  773       3.256739946305e-10 
  774       3.266216143153e-10 
  775       3.275522537337e-10 
  776       3.284652602835e-10 
  777       3.293599757377e-10 
  778       3.302358072523e-10 
  779       3.310924418824e-10 
  780       3.319296360552e-10 
  781       3.327471449072e-10 
  782       3.335447222816e-10 
  783       3.343221207254e-10 
  784       3.350790914864e-10 
  785       3.358153845106e-10 
  786       3.365307484392e-10 
  787       3.372249306059e-10 
  788       3.378976770338e-10 
  789       3.385487324328e-10 
  790       3.391778401968e-10 
  791       3.397847424006e-10 
  792       3.403691797972e-10 
  793       3.409308918151e-10 
  794       3.414696165552e-10 
  795       3.419850907882e-10 
  796       3.424770499517e-10 
  797       3.429452281471e-10 
  798       3.433893581371e-10 
  799       3.438091713427e-10 
  800       3.442043978405e-10 
  801       3.445747663596e-10 
  802       3.449200042790e-10 
  803       3.452398376247e-10 
  804       3.455339910667e-10 
  805       3.458021879166e-10 
  806       3.460441501240e-10 
  807       3.462595982745e-10 
  808       3.464482515863e-10 
  809       3.466098279076e-10 
  810       3.467440437136e-10 
  811       3.468506141040e-10 
  812       3.469292527997e-10 
  813       3.469796721401e-10 
  814       3.470015830807e-10 
  815       3.469946951895e-10 
  816       3.469587166448e-10 
  817       3.468934209990e-10 
  818       3.467988487839e-10 
  819       3.466751095009e-10 
  820       3.465223151898e-10 
  821       3.463405804373e-10 
  822       3.461300223868e-10 
  823       3.458907607472e-10 
  824       3.456229178023e-10 
  825       3.453266184195e-10 
  826       3.450019900595e-10 
  827       3.446491627850e-10 
  828       3.442682692701e-10 
  829       3.438594448096e-10 
  830       3.434228273276e-10 
  831       3.429585573871e-10 
  832       3.424667781991e-10 
  833       3.419476356316e-10 
  834       3.414012782190e-10 
  835       3.408278571709e-10 
  836       3.402275263814e-10 
  837       3.396004424384e-10 
  838       3.389467646326e-10 
  839       3.382666549666e-10 
  840       3.375602781644e-10 
  841       3.368278016798e-10 
  842       3.360693957064e-10 
  843       3.352852331863e-10 
  844       3.344754898193e-10 
  845       3.336403440719e-10 
  846       3.327799771869e-10 
  847       3.318945731921e-10 
  848       3.309843189097e-10 
  849       3.300494039652e-10 
  850       3.290900207970e-10 
  851       3.281063646650e-10 
  852       3.270986336602e-10 
  853       3.260670287135e-10 
  854       3.250117536051e-10 
  855       3.239330149736e-10 
  856       3.228310484534e-10 
  857       3.217061975577e-10 
  858       3.205588361587e-10 
  859       3.193893424948e-10 
  860       3.181980991839e-10 
  861       3.169854932367e-10 
  862       3.157519160705e-10 
  863       3.144977635221e-10 
  864       3.132234358617e-10 
  865       3.119293378060e-10 
  866       3.106158785319e-10 
  867       3.092834716896e-10 
  868       3.079325354163e-10 
  869       3.065634923495e-10 
  870       3.051767696404e-10 
  871       3.037727989674e-10 
  872       3.023520165494e-10 
  873       3.009148631594e-10 
  874       2.994617841379e-10 
  875       2.979932294061e-10 
  876       2.965096534795e-10 
  877       2.950115154814e-10 
  878       2.934992791561e-10 
  879       2.919734128826e-10 
  880       2.904343896877e-10 
  881       2.888826872597e-10 
  882       2.873187879617e-10 
  883       2.857431788451e-10 
  884       2.841563516627e-10 
  885       2.825588028828e-10 
  886       2.809510337018e-10 
  887       2.793335500583e-10 
  888       2.777068626462e-10 
  889       2.760714869280e-10 
  890       2.744279431488e-10 
  891       2.727767563489e-10 
  892       2.711184563778e-10 
  893       2.694535779076e-10 
  894       2.677826604461e-10 
  895       2.661062238249e-10 
  896       2.644246941970e-10 
  897       2.627384768588e-10 
  898       2.610479806757e-10 
  899       2.593536180917e-10 
  900       2.576558051398e-10 
  901       2.559549614511e-10 
  902       2.542515102649e-10 
  903       2.525458784385e-10 
  904       2.508384964565e-10 
  905       2.491297984412e-10 
  906       2.474202221619e-10 
  907       2.457102090447e-10 
  908       2.440002041825e-10 
  909       2.422906563445e-10 
  910       2.405820179860e-10 
  911       2.388747452582e-10 
  912       2.371692980180e-10 
  913       2.354661398378e-10 
  914       2.337657380150e-10 
  915       2.320685635819e-10 
  916       2.303750913155e-10 
  917       2.286857997472e-10 
  918       2.270011711726e-10 
  919       2.253216916613e-10 
  920       2.236478510664e-10 
  921       2.219801430344e-10 
  922       2.203190650152e-10 
  923       2.186651182715e-10 
  924       2.170188078887e-10 
  925       2.153806427846e-10 
  926       2.137511357191e-10 
  927       2.121308033043e-10 
  928       2.105201660139e-10 
  929       2.089197481929e-10 
  930       2.073300780676e-10 
  931       2.057516877553e-10 
  932       2.041851132739e-10 
  933       2.026308945520e-10 
  934       2.010895195458e-10 
  935       1.995612556150e-10 
  936       1.980463155299e-10 
  937       1.965449131276e-10 
  938       1.950572633131e-10 
  939       1.935835820621e-10 
  940       1.921240864228e-10 
  941       1.906789945181e-10 
  942       1.892485255473e-10 
  943       1.878328997888e-10 
  944       1.864323386015e-10 
  945       1.850470644273e-10 
  946       1.836773007932e-10 
  947       1.823232723131e-10 
  948       1.809852046901e-10 
  949       1.796633247184e-10 
  950       1.783578602854e-10 
  951       1.770690403741e-10 
  952       1.757970950646e-10 
  953       1.745422555366e-10 
  954       1.733047540714e-10 
  955       1.720848240539e-10 
  956       1.708826999746e-10 
  957       1.696986174319e-10 
  958       1.685328131340e-10 
  959       1.673855249009e-10 
  960       1.662569916667e-10 
  961       1.651474534815e-10 
  962       1.640571515137e-10 
  963       1.629863280516e-10 
  964       1.619352265061e-10 
  965       1.609040914122e-10 
  966       1.598931684315e-10 
  967       1.589027043539e-10 
  968       1.579329471001e-10 
  969       1.569841457233e-10 
  970       1.560565504114e-10 
  971       1.551504124891e-10 
  972       1.542659844201e-10 
  973       1.534034664582e-10 
  974       1.525628457202e-10 
  975       1.517440547015e-10 
  976       1.509470244037e-10 
  977       1.501716843292e-10 
  978       1.494179624770e-10 
  979       1.486857853376e-10 
  980       1.479750778890e-10 
  981       1.472857635911e-10 
  982       1.466177643818e-10 
  983       1.459710006720e-10 
  984       1.453453913410e-10 
  985       1.447408537314e-10 
  986       1.441573036453e-10 
  987       1.435946553386e-10 
  988       1.430528215172e-10 
  989       1.425317133316e-10 
  990       1.420312403728e-10 
  991       1.415513106672e-10 
  992       1.410918306722e-10 
  993       1.406527052713e-10 
  994       1.402338377695e-10 
  995       1.398351298888e-10 
  996       1.394564817631e-10 
  997       1.390977919339e-10 
  998       1.387589573456e-10 
  999       1.384398733404e-10 
 1000       1.381404336542e-10 
 1001       1.378605304115e-10 
 1002       1.376000541210e-10 
 1003       1.373588936704e-10 
 1004       1.371369363225e-10 
 1005       1.369340677100e-10 
 1006       1.367501718307e-10 
 1007       1.365851310433e-10 
 1008       1.364388260624e-10 
 1009       1.363111359538e-10 
 1010       1.362019381299e-10 
 1011       1.361111083450e-10 
 1012       1.360384981499e-10 
 1013       1.359838669072e-10 
 1014       1.359469487855e-10 
 1015       1.359274752037e-10 
 1016       1.359251748236e-10 
 1017       1.359397735428e-10 
 1018       1.359709944874e-10 
 1019       1.360185580042e-10 
 1020       1.360821816542e-10 
 1021       1.361615802045e-10 
 1022       1.362564656213e-10 
 1023       1.363665470629e-10 
 1024       1.364915308716e-10 
 1025       1.366311205673e-10 
 1026       1.367850168393e-10 
 1027       1.369529175397e-10 
 1028       1.371345176757e-10 
 1029       1.373295094021e-10 
 1030       1.375375820147e-10 
 1031       1.377584219421e-10 
 1032       1.379917127390e-10 
 1033       1.382371350785e-10 
 1034       1.384943667452e-10 
 1035       1.387630826275e-10 
 1036       1.390429547103e-10 
 1037       1.393336520679e-10 
 1038       1.396348408566e-10 
 1039       1.399461843072e-10 
 1040       1.402673427179e-10 
 1041       1.405979734469e-10 
 1042       1.409377309052e-10 
 1043       1.412862665489e-10 
 1044       1.416432288723e-10 
 1045       1.420082634005e-10 
 1046       1.423810126817e-10 
 1047       1.427611162805e-10 
 1048       1.431482107700e-10 
 1049       1.435419297250e-10 
 1050       1.439419037140e-10 
 1051       1.443477758087e-10 
 1052       1.447592483595e-10 
 1053       1.451760368556e-10 
 1054       1.455978544616e-10 
 1055       1.460244120126e-10 
 1056       1.464554180081e-10 
 1057       1.468905786064e-10 
 1058       1.473295976193e-10 
 1059       1.477721765059e-10 
 1060       1.482180143676e-10 
 1061       1.486668079420e-10 
 1062       1.491182515973e-10 
 1063       1.495720373270e-10 
 1064       1.500278547438e-10 
 1065       1.504853910744e-10 
 1066       1.509443311535e-10 
 1067       1.514043574185e-10 
 1068       1.518651499035e-10 
 1069       1.523263862340e-10 
 1070       1.527877416210e-10 
 1071       1.532488888555e-10 
 1072       1.537094983029e-10 
 1073       1.541692378972e-10 
 1074       1.546277731356e-10 
 1075       1.550847670726e-10 
 1076       1.555398803146e-10 
 1077       1.559927710139e-10 
 1078       1.564430948637e-10 
 1079       1.568905050918e-10 
 1080       1.573346524554e-10 
 1081       1.577751852351e-10 
 1082       1.582117492296e-10 
 1083       1.586439877501e-10 
 1084       1.590715416141e-10 
 1085       1.594940491404e-10 
 1086       1.599111461433e-10 
 1087       1.603224659267e-10 
 1088       1.607276392787e-10 
 1089       1.611262944659e-10 
 1090       1.615180967082e-10 
 1091       1.619028671936e-10 
 1092       1.622804656476e-10 
 1093       1.626507509958e-10 
 1094       1.630135813622e-10 
 1095       1.633688140677e-10 
 1096       1.637163056285e-10 
 1097       1.640559117539e-10 
 1098       1.643874873455e-10 
 1099       1.647108864948e-10 
 1100       1.650259624820e-10 
 1101       1.653325677742e-10 
 1102       1.656305540235e-10 
 1103       1.659197720660e-10 
 1104       1.662000719193e-10 
 1105       1.664713027817e-10 
 1106       1.667333130298e-10 
 1107       1.669859502173e-10 
 1108       1.672290610732e-10 
 1109       1.674624915003e-10 
 1110       1.676860865733e-10 
 1111       1.678996905371e-10 
 1112       1.681031468056e-10 
 1113       1.682962979597e-10 
 1114       1.684789857455e-10 
 1115       1.686510510731e-10 
 1116       1.688123340145e-10 
 1117       1.689626738022e-10 
 1118       1.691019088277e-10 
 1119       1.692298766393e-10 
 1120       1.693464139409e-10 
 1121       1.694513565905e-10 
 1122       1.695445395978e-10 
 1123       1.696257971234e-10 
 1124       1.696949624766e-10 
 1125       1.697518681140e-10 
 1126       1.697963456377e-10 
 1127       1.698282257938e-10 
 1128       1.698473384705e-10 
 1129       1.698535510084e-10 
 1130       1.698468836762e-10 
 1131       1.698273956864e-10 
 1132       1.697951470209e-10 
 1133       1.697501984332e-10 
 1134       1.696926114501e-10 
 1135       1.696224483738e-10 
 1136       1.695397722838e-10 
 1137       1.694446470392e-10 
 1138       1.693371372798e-10 
 1139       1.692173084290e-10 
 1140       1.690852266951e-10 
 1141       1.689409590736e-10 
 1142       1.687845733490e-10 
 1143       1.686161380969e-10 
 1144       1.684357226855e-10 
 1145       1.682433972782e-10 
 1146       1.680392328351e-10 
 1147       1.678233011152e-10 
 1148       1.675956746780e-10 
 1149       1.673564268860e-10 
 1150       1.671056319061e-10 
 1151       1.668433647118e-10 
 1152       1.665697010853e-10 
 1153       1.662847176190e-10 
 1154       1.659884917181e-10 
 1155       1.656811016020e-10 
 1156       1.653626263063e-10 
 1157       1.650331456851e-10 
 1158       1.646927404127e-10 
 1159       1.643414919856e-10 
 1160       1.639794827243e-10 
 1161       1.636067957755e-10 
 1162       1.632235151140e-10 
 1163       1.628297255444e-10 
 1164       1.624255127035e-10 
 1165       1.620109630617e-10 
 1166       1.615861639256e-10 
 1167       1.611512034392e-10 
 1168       1.607061872518e-10 
 1169       1.602512887428e-10 
 1170       1.597866994294e-10 
 1171       1.593126123610e-10 
 1172       1.588292221229e-10 
 1173       1.583367248400e-10 
 1174       1.578353181797e-10 
 1175       1.573252013557e-10 
 1176       1.568065751312e-10 
 1177       1.562796418226e-10 
 1178       1.557446053025e-10 
 1179       1.552016710034e-10 
 1180       1.546510459212e-10 
 1181       1.540929386182e-10 
 1182       1.535275592271e-10 
 1183       1.529551194537e-10 
 1184       1.523758325811e-10 
 1185       1.517899134724e-10 
 1186       1.511975785747e-10 
 1187       1.505990459222e-10 
 1188       1.499945351395e-10 
 1189       1.493842674454e-10 
 1190       1.487684656559e-10 
 1191       1.481473541881e-10 
 1192       1.475211590630e-10 
 1193       1.468901079094e-10 
 1194       1.462544299672e-10 
 1195       1.456143560908e-10 
 1196       1.449701187524e-10 
 1197       1.443219520455e-10 
 1198       1.436700916884e-10 
 1199       1.430147750274e-10 
 1200       1.423562410406e-10 
 1201       1.416947303408e-10 
 1202       1.410304851793e-10 
 1203       1.403637494493e-10 
 1204       1.396947686890e-10 
 1205       1.390237900853e-10 
 1206       1.383510624773e-10 
 1207       1.376768260738e-10 
 1208       1.370012814637e-10 
 1209       1.363246202372e-10 
 1210       1.356470352401e-10 
 1211       1.349687205762e-10 
 1212       1.342898716098e-10 
 1213       1.336106849687e-10 
 1214       1.329313585461e-10 
 1215       1.322520915036e-10 
 1216       1.315730842740e-10 
 1217       1.308945385631e-10 
 1218       1.302166573530e-10 
 1219       1.295396449043e-10 
 1220       1.288637067590e-10 
 1221       1.281890497424e-10 
 1222       1.275158819664e-10 
 1223       1.268444128319e-10 
 1224       1.261748530308e-10 
 1225       1.255074145494e-10 
 1226       1.248423106704e-10 
 1227       1.241797559756e-10 
 1228       1.235199663488e-10 
 1229       1.228631589777e-10 
 1230       1.222095523570e-10 
 1231       1.215593662910e-10 
 1232       1.209128218957e-10 
 1233       1.202701416019e-10 
 1234       1.196315491573e-10 
 1235       1.189972696294e-10 
 1236       1.183675294081e-10 
 1237       1.177425562080e-10 
 1238       1.171225790709e-10 
 1239       1.165078283689e-10 
 1240       1.158985358065e-10 
 1241       1.152949344233e-10 
 1242       1.146972585966e-10 
 1243       1.141057440438e-10 
 1244       1.135206278254e-10 
 1245       1.129421483470e-10 
 1246       1.123705183952e-10 
 1247       1.118058438922e-10 
 1248       1.112482041930e-10 
 1249       1.106976789665e-10 
 1250       1.101543481959e-10 
 1251       1.096182921793e-10 
 1252       1.090895915301e-10 
 1253       1.085683271775e-10 
 1254       1.080545803670e-10 
 1255       1.075484326610e-10 
 1256       1.070499659391e-10 
 1257       1.065592623987e-10 
 1258       1.060764045553e-10 
 1259       1.056014752432e-10 
 1260       1.051345576161e-10 
 1261       1.046757351472e-10 
 1262       1.042250916300e-10 
 1263       1.037827111786e-10 
 1264       1.033486782283e-10 
 1265       1.029230775360e-10 
 1266       1.025059941808e-10 
 1267       1.020975135645e-10 
 1268       1.016977214118e-10 
 1269       1.013067037712e-10 
 1270       1.009245470151e-10 
 1271       1.005513378405e-10 
 1272       1.001871632696e-10 
 1273       9.983211064995e-11 
 1274       9.948626765523e-11 
 1275       9.914972228559e-11 
 1276       9.882256286817e-11 
 1277       9.850487805761e-11 
 1278       9.819675683650e-11 
 1279       9.789828851587e-11 
 1280       9.760956273571e-11 
 1281       9.733066946541e-11 
 1282       9.706169900429e-11 
 1283       9.680274198205e-11 
 1284       9.655388935926e-11 
 1285       9.631520662290e-11 
 1286       9.608665605054e-11 
 1287       9.586817356265e-11 
 1288       9.565969444601e-11 
 1289       9.546115335228e-11 
 1290       9.527248429660e-11 
 1291       9.509362065626e-11 
 1292       9.492449516924e-11 
 1293       9.476503993288e-11 
 1294       9.461518640247e-11 
 1295       9.447486538985e-11 
 1296       9.434400706205e-11 
 1297       9.422254093986e-11 
 1298       9.411039589649e-11 
 1299       9.400750015616e-11 
 1300       9.391378129270e-11 
 1301       9.382916622817e-11 
 1302       9.375358123149e-11 
 1303       9.368695191703e-11 
 1304       9.362920324324e-11 
 1305       9.358025951123e-11 
 1306       9.354004436341e-11 
 1307       9.350848078211e-11 
 1308       9.348549108818e-11 
 1309       9.347099693956e-11 
 1310       9.346491932997e-11 
 1311       9.346717858748e-11 
 1312       9.347769437311e-11 
 1313       9.349638567946e-11 
 1314       9.352317082932e-11 
 1315       9.355796747430e-11 
 1316       9.360069259338e-11 
 1317       9.365126249162e-11 
 1318       9.370959279867e-11 
 1319       9.377559846745e-11 
 1320       9.384919377275e-11 
 1321       9.393029230980e-11 
 1322       9.401880699295e-11 
 1323       9.411465005423e-11 
 1324       9.421772273523e-11 
 1325       9.432788424090e-11 
 1326       9.444498244011e-11 
 1327       9.456886413926e-11 
 1328       9.469937508014e-11 
 1329       9.483635993786e-11 
 1330       9.497966231875e-11 
 1331       9.512912475824e-11 
 1332       9.528458871883e-11 
 1333       9.544589458795e-11 
 1334       9.561288167586e-11 
 1335       9.578538821360e-11 
 1336       9.596325135085e-11 
 1337       9.614630715388e-11 
 1338       9.633439060340e-11 
 1339       9.652733559255e-11 
 1340       9.672497492472e-11 
 1341       9.692714031151e-11 
 1342       9.713366237062e-11 
 1343       9.734437062377e-11 
 1344       9.755909349459e-11 
 1345       9.777765830654e-11 
 1346       9.799989128078e-11 
 1347       9.822561753416e-11 
 1348       9.845466107703e-11 
 1349       9.868684481122e-11 
 1350       9.892199052790e-11 
 1351       9.915991890551e-11 
 1352       9.940044950767e-11 
 1353       9.964340078108e-11 
 1354       9.988859005341e-11 
 1355       1.001358335312e-10 
 1356       1.003849462980e-10 
 1357       1.006357423116e-10 
 1358       1.008880344029e-10 
 1359       1.011416342731e-10 
 1360       1.013963524918e-10 
 1361       1.016519984950e-10 
 1362       1.019083805829e-10 
 1363       1.021653146163e-10 
 1364       1.024226502113e-10 
 1365       1.026802448216e-10 
 1366       1.029379550638e-10 
 1367       1.031956367158e-10 
 1368       1.034531447157e-10 
 1369       1.037103331597e-10 
 1370       1.039670553011e-10 
 1371       1.042231635483e-10 
 1372       1.044785094637e-10 
 1373       1.047329437618e-10 
 1374       1.049863163079e-10 
 1375       1.052384761165e-10 
 1376       1.054892713497e-10 
 1377       1.057385493158e-10 
 1378       1.059861564676e-10 
 1379       1.062319384012e-10 
 1380       1.064757398540e-10 
 1381       1.067174047035e-10 
 1382       1.069567759657e-10 
 1383       1.071936957935e-10 
 1384       1.074280054752e-10 
 1385       1.076595454329e-10 
 1386       1.078881552214e-10 
 1387       1.081136735258e-10 
 1388       1.083359381609e-10 
 1389       1.085547860691e-10 
 1390       1.087700533190e-10 
 1391       1.089815751039e-10 
 1392       1.091891857403e-10 
 1393       1.093927186662e-10 
 1394       1.095920064400e-10 
 1395       1.097868807383e-10 
 1396       1.099771723550e-10 
 1397       1.101627111993e-10 
 1398       1.103433262945e-10 
 1399       1.105188457763e-10 
 1400       1.106890968913e-10 
 1401       1.108539059954e-10 
 1402       1.110131187076e-10 
 1403       1.111666606033e-10 
 1404       1.113144771507e-10 
 1405       1.114565136131e-10 
 1406       1.115927150486e-10 
 1407       1.117230263095e-10 
 1408       1.118473920425e-10 
 1409       1.119657566879e-10 
 1410       1.120780644796e-10 
 1411       1.121842594445e-10 
 1412       1.122842854027e-10 
 1413       1.123780859666e-10 
 1414       1.124656045412e-10 
 1415       1.125467843232e-10 
 1416       1.126215683012e-10 
 1417       1.126898992552e-10 
 1418       1.127517197560e-10 
 1419       1.128069721656e-10 
 1420       1.128555986361e-10 
 1421       1.128975411100e-10 
 1422       1.129327413197e-10 
 1423       1.129611407871e-10 
 1424       1.129826808233e-10 
 1425       1.129973025285e-10 
 1426       1.130049467915e-10 
 1427       1.130055542896e-10 
 1428       1.129990654880e-10 
 1429       1.129854206397e-10 
 1430       1.129645597852e-10 
 1431       1.129364227522e-10 
 1432       1.129009491552e-10 
 1433       1.128580783952e-10 
 1434       1.128077496596e-10 
 1435       1.127499019216e-10 
 1436       1.126844739402e-10 
 1437       1.126114042597e-10 
 1438       1.125306312093e-10 
 1439       1.124420929032e-10 
 1440       1.123457272399e-10 
 1441       1.122414908394e-10 
 1442       1.121294160662e-10 
 1443       1.120095545842e-10 
 1444       1.118819584733e-10 
 1445       1.117466802294e-10 
 1446       1.116037727657e-10 
 1447       1.114532894134e-10 
 1448       1.112952839224e-10 
 1449       1.111298104620e-10 
 1450       1.109569236222e-10 
 1451       1.107766784137e-10 
 1452       1.105891302693e-10 
 1453       1.103943350446e-10 
 1454       1.101923490186e-10 
 1455       1.099832288944e-10 
 1456       1.097670318005e-10 
 1457       1.095438152911e-10 
 1458       1.093136373470e-10 
 1459       1.090765563767e-10 
 1460       1.088326312166e-10 
 1461       1.085819211324e-10 
 1462       1.083244858195e-10 
 1463       1.080603854041e-10 
 1464       1.077896804435e-10 
 1465       1.075124319274e-10 
 1466       1.072287012785e-10 
 1467       1.069385503533e-10 
 1468       1.066420414427e-10 
 1469       1.063392372733e-10 
 1470       1.060302010074e-10 
 1471       1.057149962447e-10 
 1472       1.053936870224e-10 
 1473       1.050663378162e-10 
 1474       1.047330135414e-10 
 1475       1.043937795531e-10 
 1476       1.040487016474e-10 
 1477       1.036978460622e-10 
 1478       1.033412794779e-10 
 1479       1.029790690180e-10 
 1480       1.026112899269e-10 
 1481       1.022380486826e-10 
 1482       1.018594601142e-10 
 1483       1.014756397463e-10 
 1484       1.010867038012e-10 
 1485       1.006927691992e-10 
 1486       1.002939535606e-10 
 1487       9.989037520640e-11 
 1488       9.948215315959e-11 
 1489       9.906940714656e-11 
 1490       9.865225759815e-11 
 1491       9.823082565091e-11 
 1492       9.780523314829e-11 
 1493       9.737560264190e-11 
 1494       9.694205739266e-11 
 1495       9.650472137204e-11 
 1496       9.606371926329e-11 
 1497       9.561917646262e-11 
 1498       9.517121908044e-11 
 1499       9.471997394256e-11 
 1500       9.426556859137e-11 
 1501       9.380813128713e-11 
 1502       9.334779100909e-11 
 1503       9.288467745677e-11 
 1504       9.241892105115e-11 
 1505       9.195065293586e-11 
 1506       9.148000497845e-11 
 1507       9.100710977151e-11 
 1508       9.053210063398e-11 
 1509       9.005511161229e-11 
 1510       8.957627748163e-11 
 1511       8.909573374709e-11 
 1512       8.861361664495e-11 
 1513       8.813006314384e-11 
 1514       8.764521094597e-11 
 1515       8.715919848832e-11 
 1516       8.667216494390e-11 
 1517       8.618425022292e-11 
 1518       8.569559497401e-11 
 1519       8.520633466875e-11 
 1520       8.471658179045e-11 
 1521       8.422644347627e-11 
 1522       8.373602741926e-11 
 1523       8.324544186922e-11 
 1524       8.275479563366e-11 
 1525       8.226419807866e-11 
 1526       8.177375912980e-11 
 1527       8.128358927308e-11 
 1528       8.079379955575e-11 
 1529       8.030450158732e-11 
 1530       7.981580754037e-11 
 1531       7.932783015153e-11 
 1532       7.884068272232e-11 
 1533       7.835447912010e-11 
 1534       7.786933377895e-11 
 1535       7.738536170059e-11 
 1536       7.690267845527e-11 
 1537       7.642140018269e-11 
 1538       7.594164359288e-11 
 1539       7.546352596713e-11 
 1540       7.498716515890e-11 
 1541       7.451267959468e-11 
 1542       7.404018827493e-11 
 1543       7.356981077500e-11 
 1544       7.310166724598e-11 
 1545       7.263587841567e-11 
 1546       7.217256558942e-11 
 1547       7.171185065107e-11 
 1548       7.125385606388e-11 
 1549       7.079870487136e-11 
 1550       7.034652069825e-11 
 1551       6.989742775138e-11 
 1552       6.945155082059e-11 
 1553       6.900901527963e-11 
 1554       6.856994708706e-11 
 1555       6.813447278717e-11 
 1556       6.770271951087e-11 
 1557       6.727481497660e-11 
 1558       6.685087332966e-11 
 1559       6.643095251296e-11 
 1560       6.601509649783e-11 
 1561       6.560334940946e-11 
 1562       6.519575552711e-11 
 1563       6.479235928433e-11 
 1564       6.439320526913e-11 
 1565       6.399833822422e-11 
 1566       6.360780304720e-11 
 1567       6.322164479077e-11 
 1568       6.283990866291e-11 
 1569       6.246264002712e-11 
 1570       6.208988440261e-11 
 1571       6.172168746449e-11 
 1572       6.135809504402e-11 
 1573       6.099915312875e-11 
 1574       6.064490786278e-11 
 1575       6.029540554692e-11 
 1576       5.995069263895e-11 
 1577       5.961081575377e-11 
 1578       5.927582166363e-11 
 1579       5.894575729833e-11 
 1580       5.862066974544e-11 
 1581       5.830060625049e-11 
 1582       5.798561421715e-11 
 1583       5.767574120749e-11 
 1584       5.737103494216e-11 
 1585       5.707154330055e-11 
 1586       5.677731432109e-11 
 1587       5.648839620135e-11 
 1588       5.620483729832e-11 
 1589       5.592668612859e-11 
 1590       5.565399136856e-11 
 1591       5.538680185461e-11 
 1592       5.512516658337e-11 
 1593       5.486913471186e-11 
 1594       5.461875555773e-11 
 1595       5.437407859947e-11 
 1596       5.413515347660e-11 
 1597       5.390201648098e-11 
 1598       5.367464989511e-11 
 1599       5.345302228176e-11 
 1600       5.323710195865e-11 
 1601       5.302685699799e-11 
 1602       5.282225522607e-11 
 1603       5.262326422284e-11 
 1604       5.242985132143e-11 
 1605       5.224198360777e-11 
 1606       5.205962792016e-11 
 1607       5.188275084878e-11 
 1608       5.171131873534e-11 
 1609       5.154529767258e-11 
 1610       5.138465350390e-11 
 1611       5.122935182287e-11 
 1612       5.107935797284e-11 
 1613       5.093463704652e-11 
 1614       5.079515388549e-11 
 1615       5.066087307983e-11 
 1616       5.053175896767e-11 
 1617       5.040777563475e-11 
 1618       5.028888691398e-11 
 1619       5.017505638506e-11 
 1620       5.006624737399e-11 
 1621       4.996242295267e-11 
 1622       4.986354593846e-11 
 1623       4.976957889377e-11 
 1624       4.968048412559e-11 
 1625       4.959622368511e-11 
 1626       4.951675936723e-11 
 1627       4.944205271020e-11 
 1628       4.937206499511e-11 
 1629       4.930675724553e-11 
 1630       4.924609022705e-11 
 1631       4.919002444682e-11 
 1632       4.913852015319e-11 
 1633       4.909153733522e-11 
 1634       4.904903572225e-11 
 1635       4.901097478352e-11 
 1636       4.897730795290e-11 
 1637       4.894796524767e-11 
 1638       4.892287049346e-11 
 1639       4.890194708423e-11 
 1640       4.888511798166e-11 
 1641       4.887230571434e-11 
 1642       4.886343237720e-11 
 1643       4.885841963072e-11 
 1644       4.885718870032e-11 
 1645       4.885966037562e-11 
 1646       4.886575500977e-11 
 1647       4.887539251876e-11 
 1648       4.888849238074e-11 
 1649       4.890497363529e-11 
 1650       4.892475488280e-11 
 1651       4.894775428371e-11 
 1652       4.897388955787e-11 
 1653       4.900307798383e-11 
 1654       4.903523639815e-11 
 1655       4.907028119472e-11 
 1656       4.910812832405e-11 
 1657       4.914869329262e-11 
 1658       4.919189116216e-11 
 1659       4.923763654895e-11 
 1660       4.928584362316e-11 
 1661       4.933642610817e-11 
 1662       4.938929727984e-11 
 1663       4.944436996582e-11 
 1664       4.950155654492e-11 
 1665       4.956076894637e-11 
 1666       4.962191864914e-11 
 1667       4.968491668124e-11 
 1668       4.974967361907e-11 
 1669       4.981609958669e-11 
 1670       4.988410425516e-11 
 1671       4.995359684181e-11 
 1672       5.002448610961e-11 
 1673       5.009668036643e-11 
 1674       5.017008746437e-11 
 1675       5.024461837684e-11 
 1676       5.032019796533e-11 
 1677       5.039675430532e-11 
 1678       5.047421511648e-11 
 1679       5.055250776219e-11 
 1680       5.063155924894e-11 
 1681       5.071129622584e-11 
 1682       5.079164498406e-11 
 1683       5.087253145632e-11 
 1684       5.095388121631e-11 
 1685       5.103561947821e-11 
 1686       5.111767109609e-11 
 1687       5.119996056343e-11 
 1688       5.128241201255e-11 
 1689       5.136494921410e-11 
 1690       5.144749557648e-11 
 1691       5.152997414535e-11 
 1692       5.161230760308e-11 
 1693       5.169441826821e-11 
 1694       5.177622809488e-11 
 1695       5.185765867237e-11 
 1696       5.193863122450e-11 
 1697       5.201906660910e-11 
 1698       5.209888531753e-11 
 1699       5.217800747405e-11 
 1700       5.225635283537e-11 
 1701       5.233384079007e-11 
 1702       5.241039035807e-11 
 1703       5.248592019009e-11 
 1704       5.256034856713e-11 
 1705       5.263359339993e-11 
 1706       5.270557222840e-11 
 1707       5.277620222114e-11 
 1708       5.284540017485e-11 
 1709       5.291308251385e-11 
 1710       5.297916528948e-11 
 1711       5.304356417962e-11 
 1712       5.310619448810e-11 
 1713       5.316697114423e-11 
 1714       5.322581807530e-11 
 1715       5.328269641285e-11 
 1716       5.333757652615e-11 
 1717       5.339042867078e-11 
 1718       5.344122298851e-11 
 1719       5.348992950711e-11 
 1720       5.353651814022e-11 
 1721       5.358095868718e-11 
 1722       5.362322083291e-11 
 1723       5.366327414771e-11 
 1724       5.370108808713e-11 
 1725       5.373663199182e-11 
 1726       5.376987508738e-11 
 1727       5.380078648417e-11 
 1728       5.382933517722e-11 
 1729       5.385549004602e-11 
 1730       5.387921985439e-11 
 1731       5.390049325031e-11 
 1732       5.391927876580e-11 
 1733       5.393554481673e-11 
 1734       5.394925970270e-11 
 1735       5.396039160685e-11 
 1736       5.396890859574e-11 
 1737       5.397477861916e-11 
 1738       5.397796951001e-11 
 1739       5.397844898414e-11 
 1740       5.397618464019e-11 
 1741       5.397114395942e-11 
 1742       5.396329430558e-11 
 1743       5.395260292476e-11 
 1744       5.393903694521e-11 
 1745       5.392256337721e-11 
 1746       5.390314911292e-11 
 1747       5.388076092618e-11 
 1748       5.385536547242e-11 
 1749       5.382692928847e-11 
 1750       5.379541879242e-11 
 1751       5.376080028344e-11 
 1752       5.372303994166e-11 
 1753       5.368211290476e-11 
 1754       5.363803058089e-11 
 1755       5.359081356344e-11 
 1756       5.354048257516e-11 
 1757       5.348705846836e-11 
 1758       5.343056222511e-11 
 1759       5.337101495745e-11 
 1760       5.330843790760e-11 
 1761       5.324285244811e-11 
 1762       5.317428008215e-11 
 1763       5.310274244361e-11 
 1764       5.302826129737e-11 
 1765       5.295085853948e-11 
 1766       5.287055619735e-11 
 1767       5.278737642997e-11 
 1768       5.270134152809e-11 
 1769       5.261247391445e-11 
 1770       5.252079614394e-11 
 1771       5.242633090383e-11 
 1772       5.232910101397e-11 
 1773       5.222912942698e-11 
 1774       5.212643922845e-11 
 1775       5.202105363715e-11 
 1776       5.191299600522e-11 
 1777       5.180228981837e-11 
 1778       5.168895869612e-11 
 1779       5.157302639191e-11 
 1780       5.145451679342e-11 
 1781       5.133345392267e-11 
 1782       5.120986193625e-11 
 1783       5.108376512557e-11 
 1784       5.095518791698e-11 
 1785       5.082415487204e-11 
 1786       5.069069068767e-11 
 1787       5.055482019639e-11 
 1788       5.041656836648e-11 
 1789       5.027596030223e-11 
 1790       5.013302124409e-11 
 1791       4.998777656890e-11 
 1792       4.984025575275e-11 
 1793       4.969050429445e-11 
 1794       4.953857188983e-11 
 1795       4.938450847825e-11 
 1796       4.922836424295e-11 
 1797       4.907018961140e-11 
 1798       4.891003525567e-11 
 1799       4.874795209274e-11 
 1800       4.858399128487e-11 
 1801       4.841820423997e-11 
 1802       4.825064261190e-11 
 1803       4.808135830086e-11 
 1804       4.791040345371e-11 
 1805       4.773783046434e-11 
 1806       4.756369197403e-11 
 1807       4.738804087173e-11 
 1808       4.721093029451e-11 
 1809       4.703241362782e-11 
 1810       4.685254450590e-11 
 1811       4.667137681207e-11 
 1812       4.648896467915e-11 
 1813       4.630536248975e-11 
 1814       4.612062487664e-11 
 1815       4.593480672310e-11 
 1816       4.574796316327e-11 
 1817       4.556014958248e-11 
 1818       4.537142161763e-11 
 1819       4.518183515752e-11 
 1820       4.499144634319e-11 
 1821       4.480031156829e-11 
 1822       4.460848747941e-11 
 1823       4.441603097643e-11 
 1824       4.422299921291e-11 
 1825       4.402944959635e-11 
 1826       4.383543978863e-11 
 1827       4.364102770632e-11 
 1828       4.344627152101e-11 
 1829       4.325122965968e-11 
 1830       4.305596080506e-11 
 1831       4.286052161025e-11 
 1832       4.266495982194e-11 
 1833       4.246932110294e-11 
 1834       4.227365131316e-11 
 1835       4.207799650985e-11 
 1836       4.188240294791e-11 
 1837       4.168691708013e-11 
 1838       4.149158555747e-11 
 1839       4.129645522929e-11 
 1840       4.110157314369e-11 
 1841       4.090698654771e-11 
 1842       4.071274288761e-11 
 1843       4.051888980917e-11 
 1844       4.032547515792e-11 
 1845       4.013254697942e-11 
 1846       3.994015351954e-11 
 1847       3.974834322470e-11 
 1848       3.955716474216e-11 
 1849       3.936666692028e-11 
 1850       3.917689880876e-11 
 1851       3.898790965897e-11 
 1852       3.879974892416e-11 
 1853       3.861246625973e-11 
 1854       3.842611152354e-11 
 1855       3.824073477612e-11 
 1856       3.805638628100e-11 
 1857       3.787311650491e-11 
 1858       3.769097611810e-11 
 1859       3.751001599457e-11 
 1860       3.733028721237e-11 
 1861       3.715184105384e-11 
 1862       3.697472900588e-11 
 1863       3.679900276023e-11 
 1864       3.662471421374e-11 
 1865       3.645191546862e-11 
 1866       3.628065883270e-11 
 1867       3.611099681972e-11 
 1868       3.594298214961e-11 
 1869       3.577666774869e-11 
 1870       3.561210061103e-11 
 1871       3.544930332921e-11 
 1872       3.528829241954e-11 
 1873       3.512908444792e-11 
 1874       3.497169602997e-11 
 1875       3.481614383103e-11 
 1876       3.466244456625e-11 
 1877       3.451061500064e-11 
 1878       3.436067194908e-11 
 1879       3.421263227647e-11 
 1880       3.406651289770e-11 
 1881       3.392233077774e-11 
 1882       3.378010293171e-11 
 1883       3.363984642490e-11 
 1884       3.350157837286e-11 
 1885       3.336531594145e-11 
 1886       3.323107634687e-11 
 1887       3.309887685576e-11 
 1888       3.296873478522e-11 
 1889       3.284066750287e-11 
 1890       3.271469242693e-11 
 1891       3.259082702625e-11 
 1892       3.246908882038e-11 
 1893       3.234949537964e-11 
 1894       3.223206432514e-11 
 1895       3.211681332885e-11 
 1896       3.200376011369e-11 
 1897       3.189292245353e-11 
 1898       3.178431817329e-11 
 1899       3.167796514899e-11 
 1900       3.157388130778e-11 
 1901       3.147208462802e-11 
 1902       3.137259313933e-11 
 1903       3.127542492265e-11 
 1904       3.118059811028e-11 
 1905       3.108813088596e-11 
 1906       3.099804148492e-11 
 1907       3.091034819392e-11 
 1908       3.082506935131e-11 
 1909       3.074221743553e-11 
 1910       3.066178128071e-11 
 1911       3.058374372486e-11 
 1912       3.050808750885e-11 
 1913       3.043479527636e-11 
 1914       3.036384957367e-11 
 1915       3.029523284958e-11 
 1916       3.022892745523e-11 
 1917       3.016491564398e-11 
 1918       3.010317957126e-11 
 1919       3.004370129445e-11 
 1920       2.998646277275e-11 
 1921       2.993144586698e-11 
 1922       2.987863233953e-11 
 1923       2.982800385414e-11 
 1924       2.977954197584e-11 
 1925       2.973322817072e-11 
 1926       2.968904380589e-11 
 1927       2.964697014926e-11 
 1928       2.960698836945e-11 
 1929       2.956907953565e-11 
 1930       2.953322461744e-11 
 1931       2.949940448471e-11 
 1932       2.946759990747e-11 
 1933       2.943779155574e-11 
 1934       2.940995999941e-11 
 1935       2.938408570810e-11 
 1936       2.936014905102e-11 
 1937       2.933813029682e-11 
 1938       2.931800961347e-11 
 1939       2.929976706812e-11 
 1940       2.928338262694e-11 
 1941       2.926883615502e-11 
 1942       2.925610741618e-11 
 1943       2.924517607289e-11 
 1944       2.923602168609e-11 
 1945       2.922862371507e-11 
 1946       2.922296151732e-11 
 1947       2.921901434839e-11 
 1948       2.921675887627e-11 
 1949       2.921616170431e-11 
 1950       2.921718679180e-11 
 1951       2.921979793423e-11 
 1952       2.922395876299e-11 
 1953       2.922963274524e-11 
 1954       2.923678318362e-11 
 1955       2.924537321608e-11 
 1956       2.925536581562e-11 
 1957       2.926672379014e-11 
 1958       2.927940978215e-11 
 1959       2.929338626860e-11 
 1960       2.930861556063e-11 
 1961       2.932505980341e-11 
 1962       2.934268097583e-11 
 1963       2.936144089040e-11 
 1964       2.938130119292e-11 
 1965       2.940222336234e-11 
 1966       2.942416871051e-11 
 1967       2.944709838197e-11 
 1968       2.947097335375e-11 
 1969       2.949575443510e-11 
 1970       2.952140226736e-11 
 1971       2.954787732364e-11 
 1972       2.957513990870e-11 
 1973       2.960315015866e-11 
 1974       2.963186804083e-11 
 1975       2.966125335347e-11 
 1976       2.969126572559e-11 
 1977       2.972186461669e-11 
 1978       2.975300931661e-11 
 1979       2.978465894525e-11 
 1980       2.981677245242e-11 
 1981       2.984930861754e-11 
 1982       2.988222604950e-11 
 1983       2.991548318639e-11 
 1984       2.994903829531e-11 
 1985       2.998284947217e-11 
 1986       3.001687464141e-11 
 1987       3.005107328396e-11 
 1988       3.008541163521e-11 
 1989       3.011985752487e-11 
 1990       3.015437865216e-11 
 1991       3.018894258569e-11 
 1992       3.022351676323e-11 
 1993       3.025806849159e-11 
 1994       3.029256494645e-11 
 1995       3.032697317219e-11 
 1996       3.036126008172e-11 
 1997       3.039539245632e-11 
 1998       3.042933694549e-11 
 1999       3.046306006676e-11 
 2000       3.049652820554e-11 
 2001       3.052970761496e-11 
 2002       3.056256441571e-11 
 2003       3.059506459584e-11 
 2004       3.062717401064e-11 
 2005       3.065885838244e-11 
 2006       3.069008330049e-11 
 2007       3.072081422075e-11 
 2008       3.075101646573e-11 
 2009       3.078065522437e-11 
 2010       3.080969555182e-11 
 2011       3.083810236932e-11 
 2012       3.086584046400e-11 
 2013       3.089287448874e-11 
 2014       3.091916896200e-11 
 2015       3.094468826765e-11 
 2016       3.096939665480e-11 
 2017       3.099325823766e-11 
 2018       3.101623699535e-11 
 2019       3.103829677174e-11 
 2020       3.105940127532e-11 
 2021       3.107951407898e-11 
 2022       3.109859861987e-11 
 2023       3.111661819926e-11 
 2024       3.113353598233e-11 
 2025       3.114931499806e-11 
 2026       3.116392242785e-11 
 2027       3.117734250586e-11 
 2028       3.118956371157e-11 
 2029       3.120057448936e-11 
 2030       3.121036324847e-11 
 2031       3.121891836296e-11 
 2032       3.122622817166e-11 
 2033       3.123228097818e-11 
 2034       3.123706505079e-11 
 2035       3.124056862245e-11 
 2036       3.124277989074e-11 
 2037       3.124368701783e-11 
 2038       3.124327813044e-11 
 2039       3.124154131978e-11 
 2040       3.123846464155e-11 
 2041       3.123403611588e-11 
 2042       3.122824372727e-11 
 2043       3.122107542461e-11 
 2044       3.121251912107e-11 
 2045       3.120256269411e-11 
 2046       3.119119398541e-11 
 2047       3.117840080087e-11 
 2048       3.116417091054e-11 
 2049       3.114849204858e-11 
 2050       3.113135191323e-11 
 2051       3.111273816677e-11 
 2052       3.109263843550e-11 
 2053       3.107104030965e-11 
 2054       3.104793134341e-11 
 2055       3.102329905482e-11 
 2056       3.099713092578e-11 
 2057       3.096941440201e-11 
 2058       3.094013689297e-11 
 2059       3.090928577186e-11 
 2060       3.087684837558e-11 
 2061       3.084281200466e-11 
 2062       3.080716392326e-11 
 2063       3.076989135909e-11 
 2064       3.073098150342e-11 
 2065       3.069042564193e-11 
 2066       3.064823157948e-11 
 2067       3.060441130339e-11 
 2068       3.055897686050e-11 
 2069       3.051194035732e-11 
 2070       3.046331396006e-11 
 2071       3.041310989471e-11 
 2072       3.036134044717e-11 
 2073       3.030801796323e-11 
 2074       3.025315484876e-11 
 2075       3.019676356969e-11 
 2076       3.013885665216e-11 
 2077       3.007944668253e-11 
 2078       3.001854630752e-11 
 2079       2.995616823426e-11 
 2080       2.989232523035e-11 
 2081       2.982703012396e-11 
 2082       2.976029580391e-11 
 2083       2.969213521974e-11 
 2084       2.962256138175e-11 
 2085       2.955158736117e-11 
 2086       2.947922629014e-11 
 2087       2.940549136183e-11 
 2088       2.933039583053e-11 
 2089       2.925395301169e-11 
 2090       2.917617628205e-11 
 2091       2.909707907964e-11 
 2092       2.901667490396e-11 
 2093       2.893497731594e-11 
 2094       2.885199993813e-11 
 2095       2.876775645469e-11 
 2096       2.868226061150e-11 
 2097       2.859552621627e-11 
 2098       2.850756713855e-11 
 2099       2.841839730986e-11 
 2100       2.832803072376e-11 
 2101       2.823648143590e-11 
 2102       2.814376356411e-11 
 2103       2.804989128851e-11 
 2104       2.795488064390e-11 
 2105       2.785875491074e-11 
 2106       2.776153926182e-11 
 2107       2.766325897350e-11 
 2108       2.756393942578e-11 
 2109       2.746360610242e-11 
 2110       2.736228459113e-11 
 2111       2.726000058361e-11 
 2112       2.715677987574e-11 
 2113       2.705264836768e-11 
 2114       2.694763206400e-11 
 2115       2.684175707380e-11 
 2116       2.673504961084e-11 
 2117       2.662753599367e-11 
 2118       2.651924264576e-11 
 2119       2.641019609559e-11 
 2120       2.630042297684e-11 
 2121       2.618995002845e-11 
 2122       2.607880409478e-11 
 2123       2.596701212576e-11 
 2124       2.585460117694e-11 
 2125       2.574159840969e-11 
 2126       2.562803109129e-11 
 2127       2.551392659508e-11 
 2128       2.539931240054e-11 
 2129       2.528421609346e-11 
 2130       2.516866536605e-11 
 2131       2.505268801707e-11 
 2132       2.493631195195e-11 
 2133       2.481956518292e-11 
 2134       2.470247582911e-11 
 2135       2.458507211674e-11 
 2136       2.446738237917e-11 
 2137       2.434943505708e-11 
 2138       2.423125869856e-11 
 2139       2.411288195928e-11 
 2140       2.399433360255e-11 
 2141       2.387564249952e-11 
 2142       2.375683762924e-11 
 2143       2.363794701878e-11 
 2144       2.351899455521e-11 
 2145       2.340000315209e-11 
 2146       2.328099580762e-11 
 2147       2.316199560475e-11 
 2148       2.304302571127e-11 
 2149       2.292410937993e-11 
 2150       2.280526994850e-11 
 2151       2.268653083990e-11 
 2152       2.256791556229e-11 
 2153       2.244944770916e-11 
 2154       2.233115095944e-11 
 2155       2.221304907759e-11 
 2156       2.209516591370e-11 
 2157       2.197752540357e-11 
 2158       2.186015156887e-11 
 2159       2.174306851715e-11 
 2160       2.162630044199e-11 
 2161       2.150987162312e-11 
 2162       2.139380642645e-11 
 2163       2.127812930423e-11 
 2164       2.116286479511e-11 
 2165       2.104803752426e-11 
 2166       2.093367220346e-11 
 2167       2.081979363120e-11 
 2168       2.070642669277e-11 
 2169       2.059359636037e-11 
 2170       2.048132769320e-11 
 2171       2.036964583756e-11 
 2172       2.025857602694e-11 
 2173       2.014814358214e-11 
 2174       2.003837391135e-11 
 2175       1.992929251025e-11 
 2176       1.982092496212e-11 
 2177       1.971329693791e-11 
 2178       1.960643419638e-11 
 2179       1.950036258414e-11 
 2180       1.939510803582e-11 
 2181       1.929069657412e-11 
 2182       1.918715146022e-11 
 2183       1.908448462397e-11 
 2184       1.898270517643e-11 
 2185       1.888182225431e-11 
 2186       1.878184502007e-11 
 2187       1.868278266188e-11 
 2188       1.858464439369e-11 
 2189       1.848743945522e-11 
 2190       1.839117711202e-11 
 2191       1.829586665548e-11 
 2192       1.820151740286e-11 
 2193       1.810813869731e-11 
 2194       1.801573990791e-11 
 2195       1.792433042967e-11 
 2196       1.783391968358e-11 
 2197       1.774451711663e-11 
 2198       1.765613220186e-11 
 2199       1.756877443831e-11 
 2200       1.748245335115e-11 
 2201       1.739717849162e-11 
 2202       1.731295943710e-11 
 2203       1.722980579114e-11 
 2204       1.714772718345e-11 
 2205       1.706673326998e-11 
 2206       1.698683373288e-11 
 2207       1.690803828058e-11 
 2208       1.683035664781e-11 
 2209       1.675379859559e-11 
 2210       1.667837391130e-11 
 2211       1.660409240867e-11 
 2212       1.653096392784e-11 
 2213       1.645899833535e-11 
 2214       1.638820552421e-11 
 2215       1.631859541389e-11 
 2216       1.625017795034e-11 
 2217       1.618296310606e-11 
 2218       1.611696088009e-11 
 2219       1.605218129805e-11 
 2220       1.598863441215e-11 
 2221       1.592632748917e-11 
 2222       1.586525655391e-11 
 2223       1.580541479004e-11 
 2224       1.574679534704e-11 
 2225       1.568939134023e-11 
 2226       1.563319585065e-11 
 2227       1.557820192506e-11 
 2228       1.552440257589e-11 
 2229       1.547179078120e-11 
 2230       1.542035948463e-11 
 2231       1.537010159536e-11 
 2232       1.532100998809e-11 
 2233       1.527307750294e-11 
 2234       1.522629694550e-11 
 2235       1.518066108667e-11 
 2236       1.513616266275e-11 
 2237       1.509279437527e-11 
 2238       1.505054889104e-11 
 2239       1.500941884208e-11 
 2240       1.496939682555e-11 
 2241       1.493047540376e-11 
 2242       1.489264710406e-11 
 2243       1.485590441888e-11 
 2244       1.482023980562e-11 
 2245       1.478564568663e-11 
 2246       1.475211444920e-11 
 2247       1.471963844544e-11 
 2248       1.468820999233e-11 
 2249       1.465782137162e-11 
 2250       1.462846482979e-11 
 2251       1.460013257804e-11 
 2252       1.457281679221e-11 
 2253       1.454650961277e-11 
 2254       1.452120314475e-11 
 2255       1.449688945773e-11 
 2256       1.447356058575e-11 
 2257       1.445120852733e-11 
 2258       1.442982524538e-11 
 2259       1.440940266717e-11 
 2260       1.438993137321e-11 
 2261       1.437139665471e-11 
 2262       1.435378243051e-11 
 2263       1.433707255572e-11 
 2264       1.432125082172e-11 
 2265       1.430630095602e-11 
 2266       1.429220662224e-11 
 2267       1.427895142001e-11 
 2268       1.426651888488e-11 
 2269       1.425489248828e-11 
 2270       1.424405563746e-11 
 2271       1.423399167535e-11 
 2272       1.422468388055e-11 
 2273       1.421611546724e-11 
 2274       1.420826958509e-11 
 2275       1.420112931921e-11 
 2276       1.419467769008e-11 
 2277       1.418889765343e-11 
 2278       1.418377210022e-11 
 2279       1.417928385656e-11 
 2280       1.417541568362e-11 
 2281       1.417215027754e-11 
 2282       1.416947026941e-11 
 2283       1.416735822515e-11 
 2284       1.416579664546e-11 
 2285       1.416476796574e-11 
 2286       1.416425455601e-11 
 2287       1.416423872085e-11 
 2288       1.416470269934e-11 
 2289       1.416562866495e-11 
 2290       1.416699872548e-11 
 2291       1.416879492300e-11 
 2292       1.417099923380e-11 
 2293       1.417359356823e-11 
 2294       1.417655977073e-11 
 2295       1.417987961971e-11 
 2296       1.418353482744e-11 
 2297       1.418750704007e-11 
 2298       1.419177783745e-11 
 2299       1.419632931607e-11 
 2300       1.420114584166e-11 
 2301       1.420621230759e-11 
 2302       1.421151355287e-11 
 2303       1.421703436210e-11 
 2304       1.422275946541e-11 
 2305       1.422867353840e-11 
 2306       1.423476120209e-11 
 2307       1.424100702283e-11 
 2308       1.424739551228e-11 
 2309       1.425391112733e-11 
 2310       1.426053827005e-11 
 2311       1.426726128759e-11 
 2312       1.427406447221e-11 
 2313       1.428093206110e-11 
 2314       1.428784823642e-11 
 2315       1.429479712521e-11 
 2316       1.430176279931e-11 
 2317       1.430872927530e-11 
 2318       1.431568051449e-11 
 2319       1.432260042279e-11 
 2320       1.432947285072e-11 
 2321       1.433628159328e-11 
 2322       1.434301038995e-11 
 2323       1.434964292461e-11 
 2324       1.435616282546e-11 
 2325       1.436255366498e-11 
 2326       1.436879895988e-11 
 2327       1.437488217101e-11 
 2328       1.438078670333e-11 
 2329       1.438649590584e-11 
 2330       1.439199307151e-11 
 2331       1.439726143724e-11 
 2332       1.440228418377e-11 
 2333       1.440704443565e-11 
 2334       1.441152526118e-11 
 2335       1.441570967233e-11 
 2336       1.441958062469e-11 
 2337       1.442312101740e-11 
 2338       1.442631549051e-11 
 2339       1.442915582930e-11 
 2340       1.443163559364e-11 
 2341       1.443374832370e-11 
 2342       1.443548753990e-11 
 2343       1.443684674289e-11 
 2344       1.443781941356e-11 
 2345       1.443839901297e-11 
 2346       1.443857898238e-11 
 2347       1.443835274317e-11 
 2348       1.443771369691e-11 
 2349       1.443665522523e-11 
 2350       1.443517068990e-11 
 2351       1.443325343274e-11 
 2352       1.443089677563e-11 
 2353       1.442809402049e-11 
 2354       1.442483844926e-11 
 2355       1.442112332385e-11 
 2356       1.441694188617e-11 
 2357       1.441228735807e-11 
 2358       1.440715294134e-11 
 2359       1.440153181768e-11 
 2360       1.439541714868e-11 
 2361       1.438880207581e-11 
 2362       1.438167972038e-11 
 2363       1.437404318356e-11 
 2364       1.436588554629e-11 
 2365       1.435719986935e-11 
 2366       1.434797919324e-11 
 2367       1.433821653826e-11 
 2368       1.432790490441e-11 
 2369       1.431703727140e-11 
 2370       1.430560659865e-11 
 2371       1.429360582524e-11 
 2372       1.428102786989e-11 
 2373       1.426786563098e-11 
 2374       1.425411198645e-11 
 2375       1.423975979388e-11 
 2376       1.422480189039e-11 
 2377       1.420923292629e-11 
 2378       1.419305487828e-11 
 2379       1.417627157018e-11 
 2380       1.415888684235e-11 
 2381       1.414090455177e-11 
 2382       1.412232857201e-11 
 2383       1.410316279326e-11 
 2384       1.408341112237e-11 
 2385       1.406307748285e-11 
 2386       1.404216581488e-11 
 2387       1.402068007535e-11 
 2388       1.399862423787e-11 
 2389       1.397600229278e-11 
 2390       1.395281824720e-11 
 2391       1.392907612498e-11 
 2392       1.390477996682e-11 
 2393       1.387993383019e-11 
 2394       1.385454178940e-11 
 2395       1.382860793563e-11 
 2396       1.380213637690e-11 
 2397       1.377513123815e-11 
 2398       1.374759666118e-11 
 2399       1.371953680476e-11 
 2400       1.369095584459e-11 
 2401       1.366185797331e-11 
 2402       1.363224740057e-11 
 2403       1.360212835300e-11 
 2404       1.357150507426e-11 
 2405       1.354038182504e-11 
 2406       1.350876288308e-11 
 2407       1.347665254322e-11 
 2408       1.344405511735e-11 
 2409       1.341097493451e-11 
 2410       1.337741634084e-11 
 2411       1.334338369967e-11 
 2412       1.330888139144e-11 
 2413       1.327391381383e-11 
 2414       1.323848538168e-11 
 2415       1.320260052710e-11 
 2416       1.316626457004e-11 
 2417       1.312948633611e-11 
 2418       1.309227555468e-11 
 2419       1.305464198975e-11 
 2420       1.301659544000e-11 
 2421       1.297814573875e-11 
 2422       1.293930275412e-11 
 2423       1.290007638893e-11 
 2424       1.286047658085e-11 
 2425       1.282051330237e-11 
 2426       1.278019656087e-11 
 2427       1.273953639862e-11 
 2428       1.269854289287e-11 
 2429       1.265722615582e-11 
 2430       1.261559633473e-11 
 2431       1.257366361189e-11 
 2432       1.253143820471e-11 
 2433       1.248893036572e-11 
 2434       1.244615038261e-11 
 2435       1.240310857830e-11 
 2436       1.235981531092e-11 
 2437       1.231628097392e-11 
 2438       1.227251599602e-11 
 2439       1.222853084133e-11 
 2440       1.218433600932e-11 
 2441       1.213994203491e-11 
 2442       1.209535948847e-11 
 2443       1.205059897585e-11 
 2444       1.200567113847e-11 
 2445       1.196058665330e-11 
 2446       1.191535623292e-11 
 2447       1.186999062555e-11 
 2448       1.182450061511e-11 
 2449       1.177889702122e-11 
 2450       1.173319069925e-11 
 2451       1.168739254037e-11 
 2452       1.164151347159e-11 
 2453       1.159556445576e-11 
 2454       1.154955649165e-11 
 2455       1.150350035298e-11 
 2456       1.145740580393e-11 
 2457       1.141128237903e-11 
 2458       1.136513964374e-11 
 2459       1.131898719451e-11 
 2460       1.127283465877e-11 
 2461       1.122669169500e-11 
 2462       1.118056799272e-11 
 2463       1.113447327257e-11 
 2464       1.108841728629e-11 
 2465       1.104240981679e-11 
 2466       1.099646067817e-11 
 2467       1.095057971574e-11 
 2468       1.090477680607e-11 
 2469       1.085906185701e-11 
 2470       1.081344480772e-11 
 2471       1.076793562870e-11 
 2472       1.072254432184e-11 
 2473       1.067728092043e-11 
 2474       1.063215548919e-11 
 2475       1.058717812434e-11 
 2476       1.054235895356e-11 
 2477       1.049770813609e-11 
 2478       1.045323586273e-11 
 2479       1.040895235587e-11 
 2480       1.036486786955e-11 
 2481       1.032099268942e-11 
 2482       1.027733713288e-11 
 2483       1.023391154900e-11 
 2484       1.019072631863e-11 
 2485       1.014779185440e-11 
 2486       1.010511860076e-11 
 2487       1.006271703398e-11 
 2488       1.002059766225e-11 
 2489       9.978771025628e-12 
 2490       9.937247696146e-12 
 2491       9.896038277789e-12 
 2492       9.855153406552e-12 
 2493       9.814603750464e-12 
 2494       9.774394224988e-12 
 2495       9.734506602053e-12 
 2496       9.694916798977e-12 
 2497       9.655600653754e-12 
 2498       9.616533924967e-12 
 2499       9.577692291712e-12 
 2500       9.539051353517e-12 
