# dimensionless total [l(l+1)/2pi] C_l's
# for l=2 to 2500, i.e. number of multipoles equal to 2499
#
# -> if you prefer output in CAMB/HealPix/LensPix units/order, set 'format' to 'camb' in input file
# -> if you don't want to see such a header, set 'headers' to 'no' in input file
#
# 1:l     2:TT                 
    2       1.383608368750e-10 
    3       1.309291182423e-10 
    4       1.238703502470e-10 
    5       1.185610183860e-10 
    6       1.148938577126e-10 
    7       1.125518923527e-10 
    8       1.111440123219e-10 
    9       1.104606572459e-10 
   10       1.103185791401e-10 
   11       1.105766998185e-10 
   12       1.111995472271e-10 
   13       1.120476086614e-10 
   14       1.130488770332e-10 
   15       1.142348165770e-10 
   16       1.156057770893e-10 
   17       1.170335109928e-10 
   18       1.185671469735e-10 
   19       1.202217374141e-10 
   20       1.219266202731e-10 
   21       1.236943717744e-10 
   22       1.255313059843e-10 
   23       1.274271242667e-10 
   24       1.293485003094e-10 
   25       1.313102598646e-10 
   26       1.333254699251e-10 
   27       1.353895070121e-10 
   28       1.374832760479e-10 
   29       1.396121930792e-10 
   30       1.417773895006e-10 
   31       1.439695165922e-10 
   32       1.461914692666e-10 
   33       1.484415175173e-10 
   34       1.507117681016e-10 
   35       1.530081120457e-10 
   36       1.553356201823e-10 
   37       1.576943508429e-10 
   38       1.600857850974e-10 
   39       1.625073174465e-10 
   40       1.649497002515e-10 
   41       1.674018028364e-10 
   42       1.698683157800e-10 
   43       1.723567151022e-10 
   44       1.748720765952e-10 
   45       1.774172283733e-10 
   46       1.799939207423e-10 
   47       1.826015312196e-10 
   48       1.852364154980e-10 
   49       1.878916531515e-10 
   50       1.905599986328e-10 
   51       1.932442685427e-10 
   52       1.959493343058e-10 
   53       1.986790623045e-10 
   54       2.014362104228e-10 
   55       2.042226077428e-10 
   56       2.070399829188e-10 
   57       2.098891603772e-10 
   58       2.127697047802e-10 
   59       2.156798286017e-10 
   60       2.186162997026e-10 
   61       2.215758173112e-10 
   62       2.245597099679e-10 
   63       2.275701328753e-10 
   64       2.306086476188e-10 
   65       2.336761763339e-10 
   66       2.367729558731e-10 
   67       2.398984919729e-10 
   68       2.430521641653e-10 
   69       2.462352852962e-10 
   70       2.494493789004e-10 
   71       2.526955367141e-10 
   72       2.559743894847e-10 
   73       2.592860777806e-10 
   74       2.626302228015e-10 
   75       2.660058971882e-10 
   76       2.694121214409e-10 
   77       2.728495222072e-10 
   78       2.763189247633e-10 
   79       2.798208361189e-10 
   80       2.833554266051e-10 
   81       2.869225114623e-10 
   82       2.905215324284e-10 
   83       2.941515393268e-10 
   84       2.978116003464e-10 
   85       3.015021513618e-10 
   86       3.052238375846e-10 
   87       3.089770937176e-10 
   88       3.127621327480e-10 
   89       3.165789347401e-10 
   90       3.204272356283e-10 
   91       3.243065160101e-10 
   92       3.282159899389e-10 
   93       3.321548797727e-10 
   94       3.361233123466e-10 
   95       3.401215374911e-10 
   96       3.441496468032e-10 
   97       3.482075663659e-10 
   98       3.522950494678e-10 
   99       3.564116693229e-10 
  100       3.605568117898e-10 
  101       3.647296680913e-10 
  102       3.689292275344e-10 
  103       3.731542702293e-10 
  104       3.774036244865e-10 
  105       3.816769942871e-10 
  106       3.859742305389e-10 
  107       3.902950720622e-10 
  108       3.946391412178e-10 
  109       3.990059395350e-10 
  110       4.033948433398e-10 
  111       4.078050993827e-10 
  112       4.122358204674e-10 
  113       4.166859810784e-10 
  114       4.211544130094e-10 
  115       4.256398009910e-10 
  116       4.301408663877e-10 
  117       4.346569529707e-10 
  118       4.391875044855e-10 
  119       4.437318802766e-10 
  120       4.482893525783e-10 
  121       4.528591038059e-10 
  122       4.574402238462e-10 
  123       4.620317073492e-10 
  124       4.666324510182e-10 
  125       4.712412509014e-10 
  126       4.758567996826e-10 
  127       4.804776839720e-10 
  128       4.851023815975e-10 
  129       4.897294179627e-10 
  130       4.943578602690e-10 
  131       4.989868726430e-10 
  132       5.036155603742e-10 
  133       5.082429683437e-10 
  134       5.128680794539e-10 
  135       5.174898130573e-10 
  136       5.221070233857e-10 
  137       5.267184979798e-10 
  138       5.313229561177e-10 
  139       5.359190472447e-10 
  140       5.405053494022e-10 
  141       5.450803676567e-10 
  142       5.496425325296e-10 
  143       5.541901984255e-10 
  144       5.587217750170e-10 
  145       5.632361393109e-10 
  146       5.677322614089e-10 
  147       5.722090744010e-10 
  148       5.766654735592e-10 
  149       5.811003155303e-10 
  150       5.855124175295e-10 
  151       5.899005565335e-10 
  152       5.942634684742e-10 
  153       5.985998474312e-10 
  154       6.029083448258e-10 
  155       6.071875686141e-10 
  156       6.114360824802e-10 
  157       6.156524050296e-10 
  158       6.198350089821e-10 
  159       6.239823203658e-10 
  160       6.280927177098e-10 
  161       6.321646443560e-10 
  162       6.361969582480e-10 
  163       6.401886116775e-10 
  164       6.441385406636e-10 
  165       6.480456646667e-10 
  166       6.519088863026e-10 
  167       6.557270910558e-10 
  168       6.594991469932e-10 
  169       6.632239044784e-10 
  170       6.669001958846e-10 
  171       6.705268353092e-10 
  172       6.741026182867e-10 
  173       6.776263215033e-10 
  174       6.810967025096e-10 
  175       6.845124994355e-10 
  176       6.878724307028e-10 
  177       6.911751947399e-10 
  178       6.944194696948e-10 
  179       6.976039131492e-10 
  180       7.007272494007e-10 
  181       7.037885396645e-10 
  182       7.067869328501e-10 
  183       7.097215799583e-10 
  184       7.125916341180e-10 
  185       7.153962506223e-10 
  186       7.181345869646e-10 
  187       7.208058028752e-10 
  188       7.234090603572e-10 
  189       7.259435237232e-10 
  190       7.284083596310e-10 
  191       7.308027371205e-10 
  192       7.331258276495e-10 
  193       7.353768051301e-10 
  194       7.375548459650e-10 
  195       7.396591290840e-10 
  196       7.416888359796e-10 
  197       7.436431507440e-10 
  198       7.455212601050e-10 
  199       7.473223534623e-10 
  200       7.490456229237e-10 
  201       7.506903220801e-10 
  202       7.522559469326e-10 
  203       7.537420679742e-10 
  204       7.551482728211e-10 
  205       7.564741664230e-10 
  206       7.577193712725e-10 
  207       7.588835276155e-10 
  208       7.599662936604e-10 
  209       7.609673457888e-10 
  210       7.618863787646e-10 
  211       7.627231059443e-10 
  212       7.634772594868e-10 
  213       7.641485905632e-10 
  214       7.647368695668e-10 
  215       7.652418863226e-10 
  216       7.656634502977e-10 
  217       7.660013908109e-10 
  218       7.662555572424e-10 
  219       7.664258192441e-10 
  220       7.665120669491e-10 
  221       7.665142111816e-10 
  222       7.664321836670e-10 
  223       7.662659372417e-10 
  224       7.660154661045e-10 
  225       7.656808675834e-10 
  226       7.652622847472e-10 
  227       7.647598869765e-10 
  228       7.641738702212e-10 
  229       7.635044572585e-10 
  230       7.627518979500e-10 
  231       7.619164694998e-10 
  232       7.609984767117e-10 
  233       7.599982522468e-10 
  234       7.589161568813e-10 
  235       7.577525797642e-10 
  236       7.565079386742e-10 
  237       7.551826802783e-10 
  238       7.537772803885e-10 
  239       7.522922442198e-10 
  240       7.507281066478e-10 
  241       7.490854324662e-10 
  242       7.473648166445e-10 
  243       7.455668845853e-10 
  244       7.436922923823e-10 
  245       7.417417270774e-10 
  246       7.397159069188e-10 
  247       7.376155816184e-10 
  248       7.354415326090e-10 
  249       7.331945733027e-10 
  250       7.308755217671e-10 
  251       7.284851164770e-10 
  252       7.260240962004e-10 
  253       7.234932273452e-10 
  254       7.208933041639e-10 
  255       7.182251489587e-10 
  256       7.154896122862e-10 
  257       7.126875731624e-10 
  258       7.098199392671e-10 
  259       7.068876471493e-10 
  260       7.038916624318e-10 
  261       7.008329800160e-10 
  262       6.977126242867e-10 
  263       6.945316493172e-10 
  264       6.912911390740e-10 
  265       6.879922076214e-10 
  266       6.846359993267e-10 
  267       6.812236890651e-10 
  268       6.777564824240e-10 
  269       6.742356159086e-10 
  270       6.706623571461e-10 
  271       6.670380050908e-10 
  272       6.633638902291e-10 
  273       6.596413747840e-10 
  274       6.558718529203e-10 
  275       6.520567509491e-10 
  276       6.481975275330e-10 
  277       6.442956738908e-10 
  278       6.403527140020e-10 
  279       6.363701236921e-10 
  280       6.323490828244e-10 
  281       6.282907106682e-10 
  282       6.241961459427e-10 
  283       6.200665468972e-10 
  284       6.159030913910e-10 
  285       6.117069769742e-10 
  286       6.074794209674e-10 
  287       6.032216605422e-10 
  288       5.989349528014e-10 
  289       5.946205748593e-10 
  290       5.902798239218e-10 
  291       5.859140173668e-10 
  292       5.815244928241e-10 
  293       5.771126082562e-10 
  294       5.726797420381e-10 
  295       5.682272930374e-10 
  296       5.637566806952e-10 
  297       5.592693451057e-10 
  298       5.547667470966e-10 
  299       5.502503683095e-10 
  300       5.457217112801e-10 
  301       5.411822995181e-10 
  302       5.366336775881e-10 
  303       5.320774111891e-10 
  304       5.275150872353e-10 
  305       5.229483139359e-10 
  306       5.183787208758e-10 
  307       5.138079590953e-10 
  308       5.092377011710e-10 
  309       5.046696412952e-10 
  310       5.001054953570e-10 
  311       4.955470010219e-10 
  312       4.909957995379e-10 
  313       4.864530749267e-10 
  314       4.819198982078e-10 
  315       4.773973440986e-10 
  316       4.728864909497e-10 
  317       4.683884206793e-10 
  318       4.639042187084e-10 
  319       4.594349738955e-10 
  320       4.549817784720e-10 
  321       4.505457279763e-10 
  322       4.461279211894e-10 
  323       4.417294600695e-10 
  324       4.373514496868e-10 
  325       4.329949981588e-10 
  326       4.286612165846e-10 
  327       4.243512189804e-10 
  328       4.200661222140e-10 
  329       4.158070459399e-10 
  330       4.115751125340e-10 
  331       4.073714470289e-10 
  332       4.031971770484e-10 
  333       3.990534327424e-10 
  334       3.949413467221e-10 
  335       3.908620539946e-10 
  336       3.868166918982e-10 
  337       3.828064000368e-10 
  338       3.788323202151e-10 
  339       3.748955963734e-10 
  340       3.709973745227e-10 
  341       3.671388026792e-10 
  342       3.633210307996e-10 
  343       3.595452107158e-10 
  344       3.558124960699e-10 
  345       3.521240422489e-10 
  346       3.484810063198e-10 
  347       3.448845469646e-10 
  348       3.413358244147e-10 
  349       3.378358999955e-10 
  350       3.343854302858e-10 
  351       3.309849601265e-10 
  352       3.276350217028e-10 
  353       3.243361343797e-10 
  354       3.210888045390e-10 
  355       3.178935254151e-10 
  356       3.147507769314e-10 
  357       3.116610255367e-10 
  358       3.086247240412e-10 
  359       3.056423114533e-10 
  360       3.027142128152e-10 
  361       2.998408390395e-10 
  362       2.970225867458e-10 
  363       2.942598380964e-10 
  364       2.915529606328e-10 
  365       2.889023071121e-10 
  366       2.863082153434e-10 
  367       2.837710080234e-10 
  368       2.812909925736e-10 
  369       2.788684609758e-10 
  370       2.765036896089e-10 
  371       2.741969390849e-10 
  372       2.719484540851e-10 
  373       2.697584631967e-10 
  374       2.676271787488e-10 
  375       2.655547966490e-10 
  376       2.635414962192e-10 
  377       2.615874400321e-10 
  378       2.596927737478e-10 
  379       2.578576259494e-10 
  380       2.560821079800e-10 
  381       2.543663137784e-10 
  382       2.527103197157e-10 
  383       2.511141844314e-10 
  384       2.495779486701e-10 
  385       2.481016351169e-10 
  386       2.466852482347e-10 
  387       2.453287740996e-10 
  388       2.440321646473e-10 
  389       2.427952900937e-10 
  390       2.416179844133e-10 
  391       2.405000605928e-10 
  392       2.394413104557e-10 
  393       2.384415044856e-10 
  394       2.375003916506e-10 
  395       2.366176992267e-10 
  396       2.357931326221e-10 
  397       2.350263752008e-10 
  398       2.343170881064e-10 
  399       2.336649100865e-10 
  400       2.330694573160e-10 
  401       2.325303232212e-10 
  402       2.320470783038e-10 
  403       2.316192699646e-10 
  404       2.312464223274e-10 
  405       2.309280360631e-10 
  406       2.306635882133e-10 
  407       2.304525320142e-10 
  408       2.302942967209e-10 
  409       2.301882874306e-10 
  410       2.301338849071e-10 
  411       2.301304454042e-10 
  412       2.301773004899e-10 
  413       2.302737568703e-10 
  414       2.304190962131e-10 
  415       2.306125749720e-10 
  416       2.308534242102e-10 
  417       2.311408494244e-10 
  418       2.314740303687e-10 
  419       2.318521208785e-10 
  420       2.322742486943e-10 
  421       2.327395152856e-10 
  422       2.332469956749e-10 
  423       2.337957382614e-10 
  424       2.343847646451e-10 
  425       2.350130694503e-10 
  426       2.356796201500e-10 
  427       2.363834395801e-10 
  428       2.371238569340e-10 
  429       2.379002649608e-10 
  430       2.387120379254e-10 
  431       2.395585314860e-10 
  432       2.404390825728e-10 
  433       2.413530092658e-10 
  434       2.422996106732e-10 
  435       2.432781668093e-10 
  436       2.442879384730e-10 
  437       2.453281671260e-10 
  438       2.463980747705e-10 
  439       2.474968638280e-10 
  440       2.486237170169e-10 
  441       2.497777972313e-10 
  442       2.509582474184e-10 
  443       2.521641904575e-10 
  444       2.533947290375e-10 
  445       2.546489455356e-10 
  446       2.559259018950e-10 
  447       2.572246395034e-10 
  448       2.585441790711e-10 
  449       2.598835205093e-10 
  450       2.612416428079e-10 
  451       2.626175039141e-10 
  452       2.640100406102e-10 
  453       2.654181683923e-10 
  454       2.668407813478e-10 
  455       2.682767520341e-10 
  456       2.697249313565e-10 
  457       2.711841484467e-10 
  458       2.726532105406e-10 
  459       2.741309028565e-10 
  460       2.756159884736e-10 
  461       2.771072082100e-10 
  462       2.786032805007e-10 
  463       2.801029012761e-10 
  464       2.816047438400e-10 
  465       2.831074587476e-10 
  466       2.846098147496e-10 
  467       2.861111267104e-10 
  468       2.876108408006e-10 
  469       2.891083945944e-10 
  470       2.906032170253e-10 
  471       2.920947283425e-10 
  472       2.935823400666e-10 
  473       2.950654549456e-10 
  474       2.965434669108e-10 
  475       2.980157610329e-10 
  476       2.994817134779e-10 
  477       3.009406914630e-10 
  478       3.023920532127e-10 
  479       3.038351479146e-10 
  480       3.052693156755e-10 
  481       3.066938874772e-10 
  482       3.081081851328e-10 
  483       3.095115212421e-10 
  484       3.109031991481e-10 
  485       3.122825128928e-10 
  486       3.136487471731e-10 
  487       3.150011772965e-10 
  488       3.163390691377e-10 
  489       3.176616790941e-10 
  490       3.189682540417e-10 
  491       3.202580312914e-10 
  492       3.215302385448e-10 
  493       3.227840938500e-10 
  494       3.240188055579e-10 
  495       3.252335722778e-10 
  496       3.264275828337e-10 
  497       3.276000162199e-10 
  498       3.287500415575e-10 
  499       3.298768180496e-10 
  500       3.309794949381e-10 
  501       3.320572114589e-10 
  502       3.331090967984e-10 
  503       3.341342700493e-10 
  504       3.351318401664e-10 
  505       3.361010356254e-10 
  506       3.370415975957e-10 
  507       3.379533980077e-10 
  508       3.388363108912e-10 
  509       3.396902123925e-10 
  510       3.405149807913e-10 
  511       3.413104965170e-10 
  512       3.420766421666e-10 
  513       3.428133025204e-10 
  514       3.435203645600e-10 
  515       3.441977174842e-10 
  516       3.448452527265e-10 
  517       3.454628639718e-10 
  518       3.460504471732e-10 
  519       3.466079005688e-10 
  520       3.471351246989e-10 
  521       3.476320224226e-10 
  522       3.480984989346e-10 
  523       3.485344617824e-10 
  524       3.489398208828e-10 
  525       3.493144885392e-10 
  526       3.496583794578e-10 
  527       3.499714107654e-10 
  528       3.502535020255e-10 
  529       3.505045752553e-10 
  530       3.507245549431e-10 
  531       3.509133680644e-10 
  532       3.510709440994e-10 
  533       3.511972150496e-10 
  534       3.512921154545e-10 
  535       3.513555824089e-10 
  536       3.513875555796e-10 
  537       3.513879772219e-10 
  538       3.513567921971e-10 
  539       3.512939479890e-10 
  540       3.511993947206e-10 
  541       3.510730851714e-10 
  542       3.509149747943e-10 
  543       3.507250217317e-10 
  544       3.505032470506e-10 
  545       3.502499171806e-10 
  546       3.499653663910e-10 
  547       3.496499370555e-10 
  548       3.493039796946e-10 
  549       3.489278530156e-10 
  550       3.485219239549e-10 
  551       3.480865677186e-10 
  552       3.476221678241e-10 
  553       3.471291161411e-10 
  554       3.466078129329e-10 
  555       3.460586668979e-10 
  556       3.454820952104e-10 
  557       3.448785235622e-10 
  558       3.442483862038e-10 
  559       3.435921259853e-10 
  560       3.429101943983e-10 
  561       3.422030516165e-10 
  562       3.414711665372e-10 
  563       3.407150168227e-10 
  564       3.399350889412e-10 
  565       3.391318782086e-10 
  566       3.383058888289e-10 
  567       3.374576339363e-10 
  568       3.365876356360e-10 
  569       3.356964250454e-10 
  570       3.347845423355e-10 
  571       3.338525367723e-10 
  572       3.329009667576e-10 
  573       3.319303998707e-10 
  574       3.309414129093e-10 
  575       3.299345919309e-10 
  576       3.289105322943e-10 
  577       3.278698387002e-10 
  578       3.268131252330e-10 
  579       3.257410154020e-10 
  580       3.246541421822e-10 
  581       3.235531480563e-10 
  582       3.224386850550e-10 
  583       3.213113882844e-10 
  584       3.201717956946e-10 
  585       3.190204263879e-10 
  586       3.178578069838e-10 
  587       3.166844716514e-10 
  588       3.155009621406e-10 
  589       3.143078278146e-10 
  590       3.131056256816e-10 
  591       3.118949204266e-10 
  592       3.106762844431e-10 
  593       3.094502978658e-10 
  594       3.082175486015e-10 
  595       3.069786323618e-10 
  596       3.057341526943e-10 
  597       3.044847210153e-10 
  598       3.032309566409e-10 
  599       3.019734868195e-10 
  600       3.007129467633e-10 
  601       2.994499796805e-10 
  602       2.981852368070e-10 
  603       2.969193774384e-10 
  604       2.956530689618e-10 
  605       2.943869868877e-10 
  606       2.931218148823e-10 
  607       2.918582447986e-10 
  608       2.905969767092e-10 
  609       2.893387189374e-10 
  610       2.880841880897e-10 
  611       2.868341090874e-10 
  612       2.855892151985e-10 
  613       2.843502480697e-10 
  614       2.831179577584e-10 
  615       2.818931027642e-10 
  616       2.806764500612e-10 
  617       2.794687751298e-10 
  618       2.782708619886e-10 
  619       2.770835032261e-10 
  620       2.759075000329e-10 
  621       2.747436622333e-10 
  622       2.735927263610e-10 
  623       2.724551077126e-10 
  624       2.713311425485e-10 
  625       2.702211695307e-10 
  626       2.691255297288e-10 
  627       2.680445666268e-10 
  628       2.669786261297e-10 
  629       2.659280565696e-10 
  630       2.648932087129e-10 
  631       2.638744357660e-10 
  632       2.628720933825e-10 
  633       2.618865396695e-10 
  634       2.609181351939e-10 
  635       2.599672429891e-10 
  636       2.590342285618e-10 
  637       2.581194598980e-10 
  638       2.572233074698e-10 
  639       2.563461442420e-10 
  640       2.554883456783e-10 
  641       2.546502897482e-10 
  642       2.538323569332e-10 
  643       2.530349302337e-10 
  644       2.522583951751e-10 
  645       2.515031398144e-10 
  646       2.507695547472e-10 
  647       2.500580331134e-10 
  648       2.493689706045e-10 
  649       2.487027654696e-10 
  650       2.480598185223e-10 
  651       2.474405331467e-10 
  652       2.468453153046e-10 
  653       2.462745735414e-10 
  654       2.457287189930e-10 
  655       2.452081653923e-10 
  656       2.447133290754e-10 
  657       2.442446289886e-10 
  658       2.438024866944e-10 
  659       2.433873263785e-10 
  660       2.429995748561e-10 
  661       2.426395800256e-10 
  662       2.423073642437e-10 
  663       2.420028655249e-10 
  664       2.417260185857e-10 
  665       2.414767548290e-10 
  666       2.412550023282e-10 
  667       2.410606858113e-10 
  668       2.408937266449e-10 
  669       2.407540428188e-10 
  670       2.406415489298e-10 
  671       2.405561561658e-10 
  672       2.404977722901e-10 
  673       2.404663016259e-10 
  674       2.404616450396e-10 
  675       2.404836999258e-10 
  676       2.405323601911e-10 
  677       2.406075162382e-10 
  678       2.407090549500e-10 
  679       2.408368596741e-10 
  680       2.409908102067e-10 
  681       2.411707827766e-10 
  682       2.413766500299e-10 
  683       2.416082810135e-10 
  684       2.418655411596e-10 
  685       2.421482922701e-10 
  686       2.424563925000e-10 
  687       2.427896963425e-10 
  688       2.431480546124e-10 
  689       2.435313144306e-10 
  690       2.439393192083e-10 
  691       2.443719086308e-10 
  692       2.448289186422e-10 
  693       2.453101814290e-10 
  694       2.458155254049e-10 
  695       2.463447751940e-10 
  696       2.468977516161e-10 
  697       2.474742716699e-10 
  698       2.480741485178e-10 
  699       2.486971914695e-10 
  700       2.493431737182e-10 
  701       2.500117348415e-10 
  702       2.507024762379e-10 
  703       2.514149931679e-10 
  704       2.521488747299e-10 
  705       2.529037038369e-10 
  706       2.536790571924e-10 
  707       2.544745052669e-10 
  708       2.552896122740e-10 
  709       2.561239361470e-10 
  710       2.569770285145e-10 
  711       2.578484346776e-10 
  712       2.587376935854e-10 
  713       2.596443378115e-10 
  714       2.605678935304e-10 
  715       2.615078804937e-10 
  716       2.624638120063e-10 
  717       2.634351949028e-10 
  718       2.644215295234e-10 
  719       2.654223096909e-10 
  720       2.664370226862e-10 
  721       2.674651492250e-10 
  722       2.685061634339e-10 
  723       2.695595328268e-10 
  724       2.706247182811e-10 
  725       2.717011740140e-10 
  726       2.727883475586e-10 
  727       2.738856797405e-10 
  728       2.749926046537e-10 
  729       2.761085496371e-10 
  730       2.772329352509e-10 
  731       2.783651752523e-10 
  732       2.795046765726e-10 
  733       2.806508392927e-10 
  734       2.818030566198e-10 
  735       2.829607148636e-10 
  736       2.841231934124e-10 
  737       2.852898647097e-10 
  738       2.864600942302e-10 
  739       2.876332715744e-10 
  740       2.888089044743e-10 
  741       2.899865265961e-10 
  742       2.911656665732e-10 
  743       2.923458479891e-10 
  744       2.935265893610e-10 
  745       2.947074041221e-10 
  746       2.958878006053e-10 
  747       2.970672820261e-10 
  748       2.982453464657e-10 
  749       2.994214868542e-10 
  750       3.005951909535e-10 
  751       3.017659413406e-10 
  752       3.029332153906e-10 
  753       3.040964852597e-10 
  754       3.052552178685e-10 
  755       3.064088748850e-10 
  756       3.075569127076e-10 
  757       3.086987824485e-10 
  758       3.098339299164e-10 
  759       3.109617955998e-10 
  760       3.120818146502e-10 
  761       3.131934168650e-10 
  762       3.142960266708e-10 
  763       3.153890631063e-10 
  764       3.164719398053e-10 
  765       3.175440649804e-10 
  766       3.186048414052e-10 
  767       3.196536663983e-10 
  768       3.206899318057e-10 
  769       3.217130239842e-10 
  770       3.227223237846e-10 
  771       3.237172065345e-10 
  772       3.246970420217e-10 
  773       3.256611944770e-10 
  774       3.266090225576e-10 
  775       3.275398793301e-10 
  776       3.284531122533e-10 
  777       3.293480631618e-10 
  778       3.302241392238e-10 
  779       3.310810273092e-10 
  780       3.319184836082e-10 
  781       3.327362630176e-10 
  782       3.335341191376e-10 
  783       3.343118042696e-10 
  784       3.350690694128e-10 
  785       3.358056642615e-10 
  786       3.365213372024e-10 
  787       3.372158353118e-10 
  788       3.378889043521e-10 
  789       3.385402887700e-10 
  790       3.391697316927e-10 
  791       3.397769749257e-10 
  792       3.403617589496e-10 
  793       3.409238229172e-10 
  794       3.414629046511e-10 
  795       3.419787406403e-10 
  796       3.424710660378e-10 
  797       3.429396146573e-10 
  798       3.433841189708e-10 
  799       3.438043101055e-10 
  800       3.441999178410e-10 
  801       3.445706706065e-10 
  802       3.449162954778e-10 
  803       3.452365181746e-10 
  804       3.455310630577e-10 
  805       3.457996531259e-10 
  806       3.460420100134e-10 
  807       3.462578539869e-10 
  808       3.464469039426e-10 
  809       3.466088774035e-10 
  810       3.467434905166e-10 
  811       3.468504580497e-10 
  812       3.469294933892e-10 
  813       3.469803085366e-10 
  814       3.470026141059e-10 
  815       3.469961193210e-10 
  816       3.469605320122e-10 
  817       3.468956254418e-10 
  818       3.468014400925e-10 
  819       3.466780854771e-10 
  820       3.465256736472e-10 
  821       3.463443192018e-10 
  822       3.461341392965e-10 
  823       3.458952536532e-10 
  824       3.456277845684e-10 
  825       3.453318569231e-10 
  826       3.450075981916e-10 
  827       3.446551384505e-10 
  828       3.442746103882e-10 
  829       3.438661493139e-10 
  830       3.434298931668e-10 
  831       3.429659825251e-10 
  832       3.424745606152e-10 
  833       3.419557733209e-10 
  834       3.414097691928e-10 
  835       3.408366994568e-10 
  836       3.402367180240e-10 
  837       3.396099814993e-10 
  838       3.389566491908e-10 
  839       3.382768831188e-10 
  840       3.375708480252e-10 
  841       3.368387113824e-10 
  842       3.360806434027e-10 
  843       3.352968170471e-10 
  844       3.344874080346e-10 
  845       3.336525948518e-10 
  846       3.327925587611e-10 
  847       3.319074838108e-10 
  848       3.309975568438e-10 
  849       3.300629675066e-10 
  850       3.291039082587e-10 
  851       3.281205743819e-10 
  852       3.271131639891e-10 
  853       3.260818780336e-10 
  854       3.250269203183e-10 
  855       3.239484975047e-10 
  856       3.228468452219e-10 
  857       3.217223068630e-10 
  858       3.205752561500e-10 
  859       3.194060711702e-10 
  860       3.182151343889e-10 
  861       3.170028326630e-10 
  862       3.157695572545e-10 
  863       3.145157038441e-10 
  864       3.132416725442e-10 
  865       3.119478679125e-10 
  866       3.106346989656e-10 
  867       3.093025791922e-10 
  868       3.079519265666e-10 
  869       3.065831635620e-10 
  870       3.051967171643e-10 
  871       3.037930188850e-10 
  872       3.023725047750e-10 
  873       3.009356154377e-10 
  874       2.994827960429e-10 
  875       2.980144963396e-10 
  876       2.965311706701e-10 
  877       2.950332779828e-10 
  878       2.935212818459e-10 
  879       2.919956504610e-10 
  880       2.904568566761e-10 
  881       2.889053779994e-10 
  882       2.873416966124e-10 
  883       2.857662993837e-10 
  884       2.841796778821e-10 
  885       2.825823283900e-10 
  886       2.809747519171e-10 
  887       2.793574542137e-10 
  888       2.777309457838e-10 
  889       2.760957418992e-10 
  890       2.744523626122e-10 
  891       2.728013327695e-10 
  892       2.711431820253e-10 
  893       2.694784448552e-10 
  894       2.678076605689e-10 
  895       2.661313488382e-10 
  896       2.644499358144e-10 
  897       2.627638268320e-10 
  898       2.610734307954e-10 
  899       2.593791601884e-10 
  900       2.576814310844e-10 
  901       2.559806631557e-10 
  902       2.542772796836e-10 
  903       2.525717075678e-10 
  904       2.508643773366e-10 
  905       2.491557231563e-10 
  906       2.474461828410e-10 
  907       2.457361978626e-10 
  908       2.440262133602e-10 
  909       2.423166781501e-10 
  910       2.406080447357e-10 
  911       2.389007693167e-10 
  912       2.371953117994e-10 
  913       2.354921358063e-10 
  914       2.337917086857e-10 
  915       2.320945015217e-10 
  916       2.304009891436e-10 
  917       2.287116501362e-10 
  918       2.270269668490e-10 
  919       2.253474254062e-10 
  920       2.236735157166e-10 
  921       2.220057314831e-10 
  922       2.203445702125e-10 
  923       2.186905332254e-10 
  924       2.170441256660e-10 
  925       2.154058565114e-10 
  926       2.137762385820e-10 
  927       2.121557885507e-10 
  928       2.105450269530e-10 
  929       2.089444781967e-10 
  930       2.073546705716e-10 
  931       2.057761362590e-10 
  932       2.042094113421e-10 
  933       2.026550358151e-10 
  934       2.011134977051e-10 
  935       1.995850644596e-10 
  936       1.980699489420e-10 
  937       1.965683650831e-10 
  938       1.950805278833e-10 
  939       1.936066534141e-10 
  940       1.921469588209e-10 
  941       1.907016623247e-10 
  942       1.892709832239e-10 
  943       1.878551418972e-10 
  944       1.864543598047e-10 
  945       1.850688594908e-10 
  946       1.836988645857e-10 
  947       1.823445998077e-10 
  948       1.810062909655e-10 
  949       1.796841649597e-10 
  950       1.783784497855e-10 
  951       1.770893745344e-10 
  952       1.758171693963e-10 
  953       1.745620656619e-10 
  954       1.733242957242e-10 
  955       1.721040930811e-10 
  956       1.709016923372e-10 
  957       1.697173292061e-10 
  958       1.685512405121e-10 
  959       1.674036641927e-10 
  960       1.662748393004e-10 
  961       1.651650060048e-10 
  962       1.640744055948e-10 
  963       1.630032804806e-10 
  964       1.619518741958e-10 
  965       1.609204313995e-10 
  966       1.599091978782e-10 
  967       1.589184205481e-10 
  968       1.579483474571e-10 
  969       1.569992277868e-10 
  970       1.560713118547e-10 
  971       1.551648511161e-10 
  972       1.542800981666e-10 
  973       1.534172533900e-10 
  974       1.525763040232e-10 
  975       1.517571826802e-10 
  976       1.509598204817e-10 
  977       1.501841470505e-10 
  978       1.494300905070e-10 
  979       1.486975774642e-10 
  980       1.479865330232e-10 
  981       1.472968807686e-10 
  982       1.466285427637e-10 
  983       1.459814395458e-10 
  984       1.453554901215e-10 
  985       1.447506119622e-10 
  986       1.441667209993e-10 
  987       1.436037316195e-10 
  988       1.430615566600e-10 
  989       1.425401074042e-10 
  990       1.420392935767e-10 
  991       1.415590233386e-10 
  992       1.410992032830e-10 
  993       1.406597384304e-10 
  994       1.402405322235e-10 
  995       1.398414865233e-10 
  996       1.394625016037e-10 
  997       1.391034761472e-10 
  998       1.387643072401e-10 
  999       1.384448903682e-10 
 1000       1.381451194112e-10 
 1001       1.378648866392e-10 
 1002       1.376040827069e-10 
 1003       1.373625966498e-10 
 1004       1.371403158791e-10 
 1005       1.369371261770e-10 
 1006       1.367529116921e-10 
 1007       1.365875549348e-10 
 1008       1.364409367725e-10 
 1009       1.363129364249e-10 
 1010       1.362034314596e-10 
 1011       1.361122977870e-10 
 1012       1.360393870993e-10 
 1013       1.359844588396e-10 
 1014       1.359472472414e-10 
 1015       1.359274837891e-10 
 1016       1.359248972103e-10 
 1017       1.359392134687e-10 
 1018       1.359701557569e-10 
 1019       1.360174444887e-10 
 1020       1.360807972922e-10 
 1021       1.361599290022e-10 
 1022       1.362545516530e-10 
 1023       1.363643744711e-10 
 1024       1.364891038677e-10 
 1025       1.366284434317e-10 
 1026       1.367820939219e-10 
 1027       1.369497532602e-10 
 1028       1.371311165240e-10 
 1029       1.373258759389e-10 
 1030       1.375337208714e-10 
 1031       1.377543378216e-10 
 1032       1.379874104159e-10 
 1033       1.382326193997e-10 
 1034       1.384896426298e-10 
 1035       1.387581550674e-10 
 1036       1.390378287710e-10 
 1037       1.393283328882e-10 
 1038       1.396293336494e-10 
 1039       1.399404943598e-10 
 1040       1.402614753924e-10 
 1041       1.405919341806e-10 
 1042       1.409315252107e-10 
 1043       1.412799000149e-10 
 1044       1.416367071639e-10 
 1045       1.420015922591e-10 
 1046       1.423741979263e-10 
 1047       1.427541638071e-10 
 1048       1.431411265528e-10 
 1049       1.435347198161e-10 
 1050       1.439345742446e-10 
 1051       1.443403329716e-10 
 1052       1.447516983423e-10 
 1053       1.451683858230e-10 
 1054       1.455901085552e-10 
 1055       1.460165773504e-10 
 1056       1.464475006842e-10 
 1057       1.468825846907e-10 
 1058       1.473215331568e-10 
 1059       1.477640475168e-10 
 1060       1.482098268463e-10 
 1061       1.486585678571e-10 
 1062       1.491099648914e-10 
 1063       1.495637099158e-10 
 1064       1.500194925161e-10 
 1065       1.504769998914e-10 
 1066       1.509359168488e-10 
 1067       1.513959257973e-10 
 1068       1.518567067424e-10 
 1069       1.523179372806e-10 
 1070       1.527792925934e-10 
 1071       1.532404454422e-10 
 1072       1.537010661619e-10 
 1073       1.541608226561e-10 
 1074       1.546193803907e-10 
 1075       1.550764023890e-10 
 1076       1.555315492254e-10 
 1077       1.559844790201e-10 
 1078       1.564348474335e-10 
 1079       1.568823076604e-10 
 1080       1.573265104244e-10 
 1081       1.577671039724e-10 
 1082       1.582037340687e-10 
 1083       1.586360439896e-10 
 1084       1.590636745178e-10 
 1085       1.594862639364e-10 
 1086       1.599034480236e-10 
 1087       1.603148600470e-10 
 1088       1.607201307580e-10 
 1089       1.611188883858e-10 
 1090       1.615107981052e-10 
 1091       1.618956810276e-10 
 1092       1.622733967940e-10 
 1093       1.626438042445e-10 
 1094       1.630067614168e-10 
 1095       1.633621255449e-10 
 1096       1.637097530570e-10 
 1097       1.640494995741e-10 
 1098       1.643812199083e-10 
 1099       1.647047680611e-10 
 1100       1.650199972219e-10 
 1101       1.653267597660e-10 
 1102       1.656249072533e-10 
 1103       1.659142904265e-10 
 1104       1.661947592094e-10 
 1105       1.664661627053e-10 
 1106       1.667283491955e-10 
 1107       1.669811661373e-10 
 1108       1.672244601625e-10 
 1109       1.674580770760e-10 
 1110       1.676818618537e-10 
 1111       1.678956586412e-10 
 1112       1.680993107520e-10 
 1113       1.682926606658e-10 
 1114       1.684755500270e-10 
 1115       1.686478196428e-10 
 1116       1.688093094818e-10 
 1117       1.689598586723e-10 
 1118       1.690993055003e-10 
 1119       1.692274874085e-10 
 1120       1.693442409940e-10 
 1121       1.694494020070e-10 
 1122       1.695428053492e-10 
 1123       1.696242850718e-10 
 1124       1.696936743740e-10 
 1125       1.697508056018e-10 
 1126       1.697955102455e-10 
 1127       1.698276189387e-10 
 1128       1.698469614564e-10 
 1129       1.698534050285e-10 
 1130       1.698469698268e-10 
 1131       1.698277149698e-10 
 1132       1.697957003444e-10 
 1133       1.697509866088e-10 
 1134       1.696936351935e-10 
 1135       1.696237083040e-10 
 1136       1.695412689224e-10 
 1137       1.694463808092e-10 
 1138       1.693391085056e-10 
 1139       1.692195173354e-10 
 1140       1.690876734065e-10 
 1141       1.689436436135e-10 
 1142       1.687874956392e-10 
 1143       1.686192979567e-10 
 1144       1.684391198314e-10 
 1145       1.682470313227e-10 
 1146       1.680431032864e-10 
 1147       1.678274073761e-10 
 1148       1.676000160456e-10 
 1149       1.673610025508e-10 
 1150       1.671104409511e-10 
 1151       1.668484061122e-10 
 1152       1.665749737075e-10 
 1153       1.662902202201e-10 
 1154       1.659942229448e-10 
 1155       1.656870599902e-10 
 1156       1.653688102805e-10 
 1157       1.650395535574e-10 
 1158       1.646993703822e-10 
 1159       1.643483421375e-10 
 1160       1.639865510295e-10 
 1161       1.636140800897e-10 
 1162       1.632310131769e-10 
 1163       1.628374349791e-10 
 1164       1.624334310158e-10 
 1165       1.620190876392e-10 
 1166       1.615944920371e-10 
 1167       1.611597322339e-10 
 1168       1.607149137711e-10 
 1169       1.602602099706e-10 
 1170       1.597958123039e-10 
 1171       1.593219137746e-10 
 1172       1.588387089224e-10 
 1173       1.583463938257e-10 
 1174       1.578451661058e-10 
 1175       1.573352249298e-10 
 1176       1.568167710140e-10 
 1177       1.562900066279e-10 
 1178       1.557551355967e-10 
 1179       1.552123633056e-10 
 1180       1.546618967027e-10 
 1181       1.541039443024e-10 
 1182       1.535387161892e-10 
 1183       1.529664240207e-10 
 1184       1.523872810312e-10 
 1185       1.518015020352e-10 
 1186       1.512093034306e-10 
 1187       1.506109032024e-10 
 1188       1.500065209256e-10 
 1189       1.493963777694e-10 
 1190       1.487806964999e-10 
 1191       1.481597014837e-10 
 1192       1.475336186917e-10 
 1193       1.469026757020e-10 
 1194       1.462671017037e-10 
 1195       1.456271274999e-10 
 1196       1.449829855115e-10 
 1197       1.443349097806e-10 
 1198       1.436831359736e-10 
 1199       1.430279013848e-10 
 1200       1.423694449401e-10 
 1201       1.417080071997e-10 
 1202       1.410438303623e-10 
 1203       1.403771582680e-10 
 1204       1.397082364020e-10 
 1205       1.390373118978e-10 
 1206       1.383646335406e-10 
 1207       1.376904414986e-10 
 1208       1.370149363729e-10 
 1209       1.363383097791e-10 
 1210       1.356607545887e-10 
 1211       1.349824649317e-10 
 1212       1.343036361989e-10 
 1213       1.336244650444e-10 
 1214       1.329451493886e-10 
 1215       1.322658884204e-10 
 1216       1.315868825999e-10 
 1217       1.309083336609e-10 
 1218       1.302304446137e-10 
 1219       1.295534197473e-10 
 1220       1.288774646323e-10 
 1221       1.282027861232e-10 
 1222       1.275295923612e-10 
 1223       1.268580927766e-10 
 1224       1.261884980915e-10 
 1225       1.255210203223e-10 
 1226       1.248558727823e-10 
 1227       1.241932700842e-10 
 1228       1.235334281426e-10 
 1229       1.228765641770e-10 
 1230       1.222228967137e-10 
 1231       1.215726455891e-10 
 1232       1.209260319514e-10 
 1233       1.202832782642e-10 
 1234       1.196446083082e-10 
 1235       1.190102471842e-10 
 1236       1.183804213154e-10 
 1237       1.177553584505e-10 
 1238       1.171352876656e-10 
 1239       1.165204393672e-10 
 1240       1.159110452946e-10 
 1241       1.153073385225e-10 
 1242       1.147095534637e-10 
 1243       1.141179258715e-10 
 1244       1.135326928422e-10 
 1245       1.129540928180e-10 
 1246       1.123823386283e-10 
 1247       1.118175362634e-10 
 1248       1.112597651529e-10 
 1249       1.107091050411e-10 
 1250       1.101656359871e-10 
 1251       1.096294383654e-10 
 1252       1.091005928662e-10 
 1253       1.085791804965e-10 
 1254       1.080652825798e-10 
 1255       1.075589807571e-10 
 1256       1.070603569873e-10 
 1257       1.065694935475e-10 
 1258       1.060864730336e-10 
 1259       1.056113783609e-10 
 1260       1.051442927646e-10 
 1261       1.046852997998e-10 
 1262       1.042344833428e-10 
 1263       1.037919275908e-10 
 1264       1.033577170630e-10 
 1265       1.029319366006e-10 
 1266       1.025146713677e-10 
 1267       1.021060068515e-10 
 1268       1.017060288628e-10 
 1269       1.013148235368e-10 
 1270       1.009324773332e-10 
 1271       1.005590770368e-10 
 1272       1.001947097581e-10 
 1273       9.983946293386e-11 
 1274       9.949342432720e-11 
 1275       9.915668202848e-11 
 1276       9.882932445560e-11 
 1277       9.851144035453e-11 
 1278       9.820311879982e-11 
 1279       9.790444919501e-11 
 1280       9.761552127323e-11 
 1281       9.733642509757e-11 
 1282       9.706725106165e-11 
 1283       9.680808989009e-11 
 1284       9.655903263896e-11 
 1285       9.632014488768e-11 
 1286       9.609138899218e-11 
 1287       9.587270094813e-11 
 1288       9.566401611796e-11 
 1289       9.546526922944e-11 
 1290       9.527639437431e-11 
 1291       9.509732500690e-11 
 1292       9.492799394271e-11 
 1293       9.476833335708e-11 
 1294       9.461827478375e-11 
 1295       9.447774911349e-11 
 1296       9.434668659273e-11 
 1297       9.422501682214e-11 
 1298       9.411266875528e-11 
 1299       9.400957069719e-11 
 1300       9.391565030298e-11 
 1301       9.383083457652e-11 
 1302       9.375504986895e-11 
 1303       9.368822187739e-11 
 1304       9.363027564348e-11 
 1305       9.358113555203e-11 
 1306       9.354072532962e-11 
 1307       9.350896804323e-11 
 1308       9.348578609882e-11 
 1309       9.347110123998e-11 
 1310       9.346483454652e-11 
 1311       9.346690643308e-11 
 1312       9.347723664777e-11 
 1313       9.349574427074e-11 
 1314       9.352234771284e-11 
 1315       9.355696471419e-11 
 1316       9.359951234283e-11 
 1317       9.364990699330e-11 
 1318       9.370806438528e-11 
 1319       9.377389956220e-11 
 1320       9.384732688981e-11 
 1321       9.392826005485e-11 
 1322       9.401661206365e-11 
 1323       9.411229524072e-11 
 1324       9.421521091026e-11 
 1325       9.432521831879e-11 
 1326       9.444216536656e-11 
 1327       9.456589889144e-11 
 1328       9.469626466683e-11 
 1329       9.483310739958e-11 
 1330       9.497627072787e-11 
 1331       9.512559721913e-11 
 1332       9.528092836796e-11 
 1333       9.544210459400e-11 
 1334       9.560896523990e-11 
 1335       9.578134856914e-11 
 1336       9.595909176403e-11 
 1337       9.614203092356e-11 
 1338       9.633000106131e-11 
 1339       9.652283610337e-11 
 1340       9.672036888625e-11 
 1341       9.692243115479e-11 
 1342       9.712885356005e-11 
 1343       9.733946565721e-11 
 1344       9.755409590353e-11 
 1345       9.777257165618e-11 
 1346       9.799471917022e-11 
 1347       9.822036359646e-11 
 1348       9.844932897938e-11 
 1349       9.868143825505e-11 
 1350       9.891651324901e-11 
 1351       9.915437467421e-11 
 1352       9.939484212888e-11 
 1353       9.963773409448e-11 
 1354       9.988286793357e-11 
 1355       1.001300598877e-10 
 1356       1.003791250755e-10 
 1357       1.006298774902e-10 
 1358       1.008821299979e-10 
 1359       1.011356943355e-10 
 1360       1.013903811081e-10 
 1361       1.016459997875e-10 
 1362       1.019023587100e-10 
 1363       1.021592737617e-10 
 1364       1.024165945430e-10 
 1365       1.026741784807e-10 
 1366       1.029318821645e-10 
 1367       1.031895613452e-10 
 1368       1.034470709334e-10 
 1369       1.037042649978e-10 
 1370       1.039609967636e-10 
 1371       1.042171186113e-10 
 1372       1.044724820748e-10 
 1373       1.047269378401e-10 
 1374       1.049803357436e-10 
 1375       1.052325247707e-10 
 1376       1.054833530542e-10 
 1377       1.057326678729e-10 
 1378       1.059803156497e-10 
 1379       1.062261419506e-10 
 1380       1.064699914828e-10 
 1381       1.067117080931e-10 
 1382       1.069511347669e-10 
 1383       1.071881136260e-10 
 1384       1.074224859273e-10 
 1385       1.076540920616e-10 
 1386       1.078827715517e-10 
 1387       1.081083630508e-10 
 1388       1.083307043414e-10 
 1389       1.085496323333e-10 
 1390       1.087649830625e-10 
 1391       1.089765916891e-10 
 1392       1.091842924964e-10 
 1393       1.093879188890e-10 
 1394       1.095873033913e-10 
 1395       1.097822776461e-10 
 1396       1.099726724128e-10 
 1397       1.101583175662e-10 
 1398       1.103390420949e-10 
 1399       1.105146740994e-10 
 1400       1.106850407910e-10 
 1401       1.108499684903e-10 
 1402       1.110093027757e-10 
 1403       1.111629691635e-10 
 1404       1.113109130577e-10 
 1405       1.114530796572e-10 
 1406       1.115894139551e-10 
 1407       1.117198607385e-10 
 1408       1.118443645879e-10 
 1409       1.119628698777e-10 
 1410       1.120753207751e-10 
 1411       1.121816612400e-10 
 1412       1.122818350249e-10 
 1413       1.123757856745e-10 
 1414       1.124634565254e-10 
 1415       1.125447907056e-10 
 1416       1.126197311345e-10 
 1417       1.126882205226e-10 
 1418       1.127502013706e-10 
 1419       1.128056159702e-10 
 1420       1.128544064026e-10 
 1421       1.128965145390e-10 
 1422       1.129318820402e-10 
 1423       1.129604503557e-10 
 1424       1.129821607244e-10 
 1425       1.129969541733e-10 
 1426       1.130047715179e-10 
 1427       1.130055533614e-10 
 1428       1.129992400950e-10 
 1429       1.129857718969e-10 
 1430       1.129650887324e-10 
 1431       1.129371303536e-10 
 1432       1.129018362990e-10 
 1433       1.128591458932e-10 
 1434       1.128089982467e-10 
 1435       1.127513322554e-10 
 1436       1.126860866005e-10 
 1437       1.126131997480e-10 
 1438       1.125326099486e-10 
 1439       1.124442552373e-10 
 1440       1.123480734331e-10 
 1441       1.122440210794e-10 
 1442       1.121321304762e-10 
 1443       1.120124532264e-10 
 1444       1.118850413478e-10 
 1445       1.117499472746e-10 
 1446       1.116072238575e-10 
 1447       1.114569243650e-10 
 1448       1.112991024840e-10 
 1449       1.111338123204e-10 
 1450       1.109611084004e-10 
 1451       1.107810456708e-10 
 1452       1.105936794999e-10 
 1453       1.103990656785e-10 
 1454       1.101972604206e-10 
 1455       1.099883203639e-10 
 1456       1.097723025710e-10 
 1457       1.095492645301e-10 
 1458       1.093192641556e-10 
 1459       1.090823597889e-10 
 1460       1.088386101996e-10 
 1461       1.085880745857e-10 
 1462       1.083308125748e-10 
 1463       1.080668842249e-10 
 1464       1.077963500248e-10 
 1465       1.075192708952e-10 
 1466       1.072357081898e-10 
 1467       1.069457236952e-10 
 1468       1.066493796326e-10 
 1469       1.063467386581e-10 
 1470       1.060378638637e-10 
 1471       1.057228187777e-10 
 1472       1.054016673663e-10 
 1473       1.050744740333e-10 
 1474       1.047413036219e-10 
 1475       1.044022214150e-10 
 1476       1.040572931358e-10 
 1477       1.037065849492e-10 
 1478       1.033501634619e-10 
 1479       1.029880957238e-10 
 1480       1.026204569134e-10 
 1481       1.022473534766e-10 
 1482       1.018689002186e-10 
 1483       1.014852126401e-10 
 1484       1.010964069392e-10 
 1485       1.007026000123e-10 
 1486       1.003039094554e-10 
 1487       9.990045356508e-11 
 1488       9.949235134016e-11 
 1489       9.907972248249e-11 
 1490       9.866268739837e-11 
 1491       9.824136719972e-11 
 1492       9.781588370528e-11 
 1493       9.738635944185e-11 
 1494       9.695291764547e-11 
 1495       9.651568226264e-11 
 1496       9.607477795156e-11 
 1497       9.563033008330e-11 
 1498       9.518246474302e-11 
 1499       9.473130873122e-11 
 1500       9.427698956491e-11 
 1501       9.381963547884e-11 
 1502       9.335937542669e-11 
 1503       9.289633908234e-11 
 1504       9.243065684099e-11 
 1505       9.196245982046e-11 
 1506       9.149187986235e-11 
 1507       9.101904953327e-11 
 1508       9.054410212605e-11 
 1509       9.006717166095e-11 
 1510       8.958839288687e-11 
 1511       8.910790128256e-11 
 1512       8.862583305784e-11 
 1513       8.814232515480e-11 
 1514       8.765751524904e-11 
 1515       8.717154175084e-11 
 1516       8.668454380640e-11 
 1517       8.619666129903e-11 
 1518       8.570803485041e-11 
 1519       8.521879991311e-11 
 1520       8.472906898375e-11 
 1521       8.423894922100e-11 
 1522       8.374854833958e-11 
 1523       8.325797461115e-11 
 1524       8.276733686523e-11 
 1525       8.227674449009e-11 
 1526       8.178630743367e-11 
 1527       8.129613620445e-11 
 1528       8.080634187241e-11 
 1529       8.031703606989e-11 
 1530       7.982833099252e-11 
 1531       7.934033940010e-11 
 1532       7.885317461754e-11 
 1533       7.836695053572e-11 
 1534       7.788178161243e-11 
 1535       7.739778287326e-11 
 1536       7.691506991253e-11 
 1537       7.643375889413e-11 
 1538       7.595396655251e-11 
 1539       7.547581019351e-11 
 1540       7.499940769531e-11 
 1541       7.452487750933e-11 
 1542       7.405233866111e-11 
 1543       7.358191075124e-11 
 1544       7.311371395626e-11 
 1545       7.264786902954e-11 
 1546       7.218449730222e-11 
 1547       7.172372068410e-11 
 1548       7.126566166455e-11 
 1549       7.081044331339e-11 
 1550       7.035818928182e-11 
 1551       6.990902380334e-11 
 1552       6.946307169460e-11 
 1553       6.902045835635e-11 
 1554       6.858130977435e-11 
 1555       6.814575252023e-11 
 1556       6.771391375244e-11 
 1557       6.728592121713e-11 
 1558       6.686188909130e-11 
 1559       6.644187536511e-11 
 1560       6.602592406120e-11 
 1561       6.561407935643e-11 
 1562       6.520638558197e-11 
 1563       6.480288722360e-11 
 1564       6.440362892187e-11 
 1565       6.400865547231e-11 
 1566       6.361801182566e-11 
 1567       6.323174308802e-11 
 1568       6.284989452112e-11 
 1569       6.247251154248e-11 
 1570       6.209963972564e-11 
 1571       6.173132480035e-11 
 1572       6.136761265279e-11 
 1573       6.100854932574e-11 
 1574       6.065418101884e-11 
 1575       6.030455408876e-11 
 1576       5.995971504941e-11 
 1577       5.961971057213e-11 
 1578       5.928458748595e-11 
 1579       5.895439277773e-11 
 1580       5.862917359239e-11 
 1581       5.830897723314e-11 
 1582       5.799385116164e-11 
 1583       5.768384299824e-11 
 1584       5.737900052218e-11 
 1585       5.707937167178e-11 
 1586       5.678500454465e-11 
 1587       5.649594739791e-11 
 1588       5.621224864838e-11 
 1589       5.593395687279e-11 
 1590       5.566112080799e-11 
 1591       5.539378935114e-11 
 1592       5.513201155994e-11 
 1593       5.487583665280e-11 
 1594       5.462531400908e-11 
 1595       5.438049316928e-11 
 1596       5.414142383526e-11 
 1597       5.390814235876e-11 
 1598       5.368063107134e-11 
 1599       5.345885858232e-11 
 1600       5.324279325620e-11 
 1601       5.303240321221e-11 
 1602       5.282765632386e-11 
 1603       5.262852021858e-11 
 1604       5.243496227723e-11 
 1605       5.224694963367e-11 
 1606       5.206444917437e-11 
 1607       5.188742753794e-11 
 1608       5.171585111472e-11 
 1609       5.154968604637e-11 
 1610       5.138889822537e-11 
 1611       5.123345329467e-11 
 1612       5.108331664721e-11 
 1613       5.093845342553e-11 
 1614       5.079882852128e-11 
 1615       5.066440657485e-11 
 1616       5.053515197490e-11 
 1617       5.041102885797e-11 
 1618       5.029200110800e-11 
 1619       5.017803235592e-11 
 1620       5.006908597926e-11 
 1621       4.996512510165e-11 
 1622       4.986611259245e-11 
 1623       4.977201106626e-11 
 1624       4.968278288256e-11 
 1625       4.959839014524e-11 
 1626       4.951879470214e-11 
 1627       4.944395814470e-11 
 1628       4.937384180746e-11 
 1629       4.930840676765e-11 
 1630       4.924761384477e-11 
 1631       4.919142360015e-11 
 1632       4.913979633654e-11 
 1633       4.909269209764e-11 
 1634       4.905007066771e-11 
 1635       4.901189157111e-11 
 1636       4.897810829108e-11 
 1637       4.894865087036e-11 
 1638       4.892344315408e-11 
 1639       4.890240855583e-11 
 1640       4.888547005691e-11 
 1641       4.887255020566e-11 
 1642       4.886357111679e-11 
 1643       4.885845447067e-11 
 1644       4.885712151265e-11 
 1645       4.885949305234e-11 
 1646       4.886548946299e-11 
 1647       4.887503068073e-11 
 1648       4.888803620392e-11 
 1649       4.890442509245e-11 
 1650       4.892411596705e-11 
 1651       4.894702700861e-11 
 1652       4.897307595745e-11 
 1653       4.900218011272e-11 
 1654       4.903425633161e-11 
 1655       4.906922102871e-11 
 1656       4.910699017535e-11 
 1657       4.914747929884e-11 
 1658       4.919060348183e-11 
 1659       4.923627736162e-11 
 1660       4.928441512945e-11 
 1661       4.933493052982e-11 
 1662       4.938773685980e-11 
 1663       4.944274696836e-11 
 1664       4.949987325563e-11 
 1665       4.955902767229e-11 
 1666       4.962012171879e-11 
 1667       4.968306644473e-11 
 1668       4.974777244815e-11 
 1669       4.981414987483e-11 
 1670       4.988210841760e-11 
 1671       4.995155731567e-11 
 1672       5.002240535394e-11 
 1673       5.009456086229e-11 
 1674       5.016793171489e-11 
 1675       5.024242890076e-11 
 1676       5.031797727083e-11 
 1677       5.039450488338e-11 
 1678       5.047193944076e-11 
 1679       5.055020828891e-11 
 1680       5.062923841677e-11 
 1681       5.070895645579e-11 
 1682       5.078928867937e-11 
 1683       5.087016100231e-11 
 1684       5.095149898031e-11 
 1685       5.103322780940e-11 
 1686       5.111527232542e-11 
 1687       5.119755700349e-11 
 1688       5.128000595745e-11 
 1689       5.136254293934e-11 
 1690       5.144509133887e-11 
 1691       5.152757418286e-11 
 1692       5.160991413474e-11 
 1693       5.169203349396e-11 
 1694       5.177385419552e-11 
 1695       5.185529780936e-11 
 1696       5.193628553991e-11 
 1697       5.201673822545e-11 
 1698       5.209657633768e-11 
 1699       5.217571998110e-11 
 1700       5.225408889251e-11 
 1701       5.233160244049e-11 
 1702       5.240817962482e-11 
 1703       5.248373907597e-11 
 1704       5.255819905458e-11 
 1705       5.263147745088e-11 
 1706       5.270349178418e-11 
 1707       5.277415920235e-11 
 1708       5.284339648124e-11 
 1709       5.291112002418e-11 
 1710       5.297724586144e-11 
 1711       5.304168964967e-11 
 1712       5.310436667137e-11 
 1713       5.316519183439e-11 
 1714       5.322408904197e-11 
 1715       5.328101939160e-11 
 1716       5.333595321582e-11 
 1717       5.338886073331e-11 
 1718       5.343971204874e-11 
 1719       5.348847715258e-11 
 1720       5.353512592100e-11 
 1721       5.357962811567e-11 
 1722       5.362195338362e-11 
 1723       5.366207125709e-11 
 1724       5.369995115339e-11 
 1725       5.373556237471e-11 
 1726       5.376887410801e-11 
 1727       5.379985542482e-11 
 1728       5.382847528112e-11 
 1729       5.385470251719e-11 
 1730       5.387850585741e-11 
 1731       5.389985391016e-11 
 1732       5.391871516763e-11 
 1733       5.393505800571e-11 
 1734       5.394885068376e-11 
 1735       5.396006134454e-11 
 1736       5.396865801399e-11 
 1737       5.397460860113e-11 
 1738       5.397788089785e-11 
 1739       5.397844257881e-11 
 1740       5.397626120126e-11 
 1741       5.397130420487e-11 
 1742       5.396353891161e-11 
 1743       5.395293252559e-11 
 1744       5.393945213286e-11 
 1745       5.392306470132e-11 
 1746       5.390373708054e-11 
 1747       5.388143600159e-11 
 1748       5.385612807692e-11 
 1749       5.382777980016e-11 
 1750       5.379635754601e-11 
 1751       5.376182757006e-11 
 1752       5.372415600866e-11 
 1753       5.368331795711e-11 
 1754       5.363932478748e-11 
 1755       5.359219705854e-11 
 1756       5.354195545826e-11 
 1757       5.348862080401e-11 
 1758       5.343221404277e-11 
 1759       5.337275625133e-11 
 1760       5.331026863647e-11 
 1761       5.324477253520e-11 
 1762       5.317628941492e-11 
 1763       5.310484087365e-11 
 1764       5.303044864021e-11 
 1765       5.295313457444e-11 
 1766       5.287292066737e-11 
 1767       5.278982904146e-11 
 1768       5.270388195077e-11 
 1769       5.261510178116e-11 
 1770       5.252351105052e-11 
 1771       5.242913240895e-11 
 1772       5.233198863894e-11 
 1773       5.223210265560e-11 
 1774       5.212949750688e-11 
 1775       5.202419637369e-11 
 1776       5.191622257021e-11 
 1777       5.180559954398e-11 
 1778       5.169235087619e-11 
 1779       5.157650028183e-11 
 1780       5.145807160991e-11 
 1781       5.133708884364e-11 
 1782       5.121357610066e-11 
 1783       5.108755763322e-11 
 1784       5.095905782839e-11 
 1785       5.082810120825e-11 
 1786       5.069471243009e-11 
 1787       5.055891628664e-11 
 1788       5.042073770621e-11 
 1789       5.028020175296e-11 
 1790       5.013733362706e-11 
 1791       4.999215866489e-11 
 1792       4.984470630661e-11 
 1793       4.969502203383e-11 
 1794       4.954315552980e-11 
 1795       4.938915672131e-11 
 1796       4.923307577893e-11 
 1797       4.907496311748e-11 
 1798       4.891486939628e-11 
 1799       4.875284551956e-11 
 1800       4.858894263679e-11 
 1801       4.842321214302e-11 
 1802       4.825570567923e-11 
 1803       4.808647513269e-11 
 1804       4.791557263731e-11 
 1805       4.774305057395e-11 
 1806       4.756896157084e-11 
 1807       4.739335850386e-11 
 1808       4.721629449693e-11 
 1809       4.703782292234e-11 
 1810       4.685799740109e-11 
 1811       4.667687180328e-11 
 1812       4.649450024841e-11 
 1813       4.631093710575e-11 
 1814       4.612623699469e-11 
 1815       4.594045478509e-11 
 1816       4.575364559762e-11 
 1817       4.556586480412e-11 
 1818       4.537716802794e-11 
 1819       4.518761114427e-11 
 1820       4.499725028053e-11 
 1821       4.480614181669e-11 
 1822       4.461434238564e-11 
 1823       4.442190887350e-11 
 1824       4.422889842001e-11 
 1825       4.403536841886e-11 
 1826       4.384137651802e-11 
 1827       4.364698062013e-11 
 1828       4.345223888283e-11 
 1829       4.325720971908e-11 
 1830       4.306195179756e-11 
 1831       4.286652176185e-11 
 1832       4.267096736749e-11 
 1833       4.247533429074e-11 
 1834       4.227966840508e-11 
 1835       4.208401578140e-11 
 1836       4.188842268830e-11 
 1837       4.169293559237e-11 
 1838       4.149760115843e-11 
 1839       4.130246624981e-11 
 1840       4.110757792862e-11 
 1841       4.091298345599e-11 
 1842       4.071873029240e-11 
 1843       4.052486609786e-11 
 1844       4.033143873226e-11 
 1845       4.013849625558e-11 
 1846       3.994608692818e-11 
 1847       3.975425921106e-11 
 1848       3.956306176615e-11 
 1849       3.937254345653e-11 
 1850       3.918275334674e-11 
 1851       3.899374070303e-11 
 1852       3.880555499363e-11 
 1853       3.861824588901e-11 
 1854       3.843186326215e-11 
 1855       3.824645718882e-11 
 1856       3.806207794783e-11 
 1857       3.787877602129e-11 
 1858       3.769660209491e-11 
 1859       3.751560705823e-11 
 1860       3.733584200493e-11 
 1861       3.715735823304e-11 
 1862       3.698020724525e-11 
 1863       3.680444074917e-11 
 1864       3.663011065758e-11 
 1865       3.645726908872e-11 
 1866       3.628596836654e-11 
 1867       3.611626102096e-11 
 1868       3.594819978817e-11 
 1869       3.578183761087e-11 
 1870       3.561722150141e-11 
 1871       3.545437407821e-11 
 1872       3.529331188539e-11 
 1873       3.513405151682e-11 
 1874       3.497660961619e-11 
 1875       3.482100287706e-11 
 1876       3.466724804292e-11 
 1877       3.451536190724e-11 
 1878       3.436536131354e-11 
 1879       3.421726315543e-11 
 1880       3.407108437668e-11 
 1881       3.392684197125e-11 
 1882       3.378455298340e-11 
 1883       3.364423450767e-11 
 1884       3.350590368903e-11 
 1885       3.336957772285e-11 
 1886       3.323527385500e-11 
 1887       3.310300938190e-11 
 1888       3.297280165058e-11 
 1889       3.284466805872e-11 
 1890       3.271862605474e-11 
 1891       3.259469313781e-11 
 1892       3.247288685794e-11 
 1893       3.235322481604e-11 
 1894       3.223572466393e-11 
 1895       3.212040410448e-11 
 1896       3.200728089157e-11 
 1897       3.189637283022e-11 
 1898       3.178769777661e-11 
 1899       3.168127363815e-11 
 1900       3.157711837352e-11 
 1901       3.147524999276e-11 
 1902       3.137568655730e-11 
 1903       3.127844618000e-11 
 1904       3.118354702525e-11 
 1905       3.109100730900e-11 
 1906       3.100084529882e-11 
 1907       3.091307931396e-11 
 1908       3.082772772540e-11 
 1909       3.074480304294e-11 
 1910       3.066429412677e-11 
 1911       3.058618383966e-11 
 1912       3.051045494738e-11 
 1913       3.043709011855e-11 
 1914       3.036607192457e-11 
 1915       3.029738283940e-11 
 1916       3.023100523948e-11 
 1917       3.016692140355e-11 
 1918       3.010511351254e-11 
 1919       3.004556364945e-11 
 1920       2.998825379914e-11 
 1921       2.993316584828e-11 
 1922       2.988028158513e-11 
 1923       2.982958269947e-11 
 1924       2.978105078244e-11 
 1925       2.973466732635e-11 
 1926       2.969041372464e-11 
 1927       2.964827127166e-11 
 1928       2.960822116256e-11 
 1929       2.957024449315e-11 
 1930       2.953432225979e-11 
 1931       2.950043535920e-11 
 1932       2.946856458836e-11 
 1933       2.943869064435e-11 
 1934       2.941079412422e-11 
 1935       2.938485552487e-11 
 1936       2.936085524288e-11 
 1937       2.933877357440e-11 
 1938       2.931859071498e-11 
 1939       2.930028675946e-11 
 1940       2.928384170184e-11 
 1941       2.926923543510e-11 
 1942       2.925644775109e-11 
 1943       2.924545834039e-11 
 1944       2.923624679218e-11 
 1945       2.922879259409e-11 
 1946       2.922307513204e-11 
 1947       2.921907369015e-11 
 1948       2.921676496165e-11 
 1949       2.921611556151e-11 
 1950       2.921708945732e-11 
 1951       2.921965045281e-11 
 1952       2.922376218772e-11 
 1953       2.922938813749e-11 
 1954       2.923649161315e-11 
 1955       2.924503576099e-11 
 1956       2.925498356245e-11 
 1957       2.926629783383e-11 
 1958       2.927894122608e-11 
 1959       2.929287622462e-11 
 1960       2.930806514911e-11 
 1961       2.932447015320e-11 
 1962       2.934205322436e-11 
 1963       2.936077618363e-11 
 1964       2.938060068541e-11 
 1965       2.940148821727e-11 
 1966       2.942340009970e-11 
 1967       2.944629748588e-11 
 1968       2.947014136154e-11 
 1969       2.949489254463e-11 
 1970       2.952051168522e-11 
 1971       2.954695926519e-11 
 1972       2.957419559806e-11 
 1973       2.960218082878e-11 
 1974       2.963087493346e-11 
 1975       2.966023771923e-11 
 1976       2.969022882395e-11 
 1977       2.972080771605e-11 
 1978       2.975193369429e-11 
 1979       2.978356588751e-11 
 1980       2.981566325448e-11 
 1981       2.984818458364e-11 
 1982       2.988108849289e-11 
 1983       2.991433342937e-11 
 1984       2.994787766925e-11 
 1985       2.998167931751e-11 
 1986       3.001569630774e-11 
 1987       3.004988812671e-11 
 1988       3.008422100244e-11 
 1989       3.011866275396e-11 
 1990       3.015318106975e-11 
 1991       3.018774350758e-11 
 1992       3.022231749439e-11 
 1993       3.025687032606e-11 
 1994       3.029136916730e-11 
 1995       3.032578105146e-11 
 1996       3.036007288036e-11 
 1997       3.039421142415e-11 
 1998       3.042816332113e-11 
 1999       3.046189507757e-11 
 2000       3.049537306759e-11 
 2001       3.052856353294e-11 
 2002       3.056143258288e-11 
 2003       3.059394619400e-11 
 2004       3.062607021004e-11 
 2005       3.065777034177e-11 
 2006       3.068901216676e-11 
 2007       3.071976112928e-11 
 2008       3.074998254008e-11 
 2009       3.077964157629e-11 
 2010       3.080870328118e-11 
 2011       3.083713256405e-11 
 2012       3.086489420005e-11 
 2013       3.089195283003e-11 
 2014       3.091827296032e-11 
 2015       3.094381896264e-11 
 2016       3.096855507390e-11 
 2017       3.099244539602e-11 
 2018       3.101545389579e-11 
 2019       3.103754440470e-11 
 2020       3.105868061878e-11 
 2021       3.107882609842e-11 
 2022       3.109794426822e-11 
 2023       3.111599841682e-11 
 2024       3.113295169672e-11 
 2025       3.114876712417e-11 
 2026       3.116341186640e-11 
 2027       3.117687013783e-11 
 2028       3.118913039674e-11 
 2029       3.120018106622e-11 
 2030       3.121001053412e-11 
 2031       3.121860715304e-11 
 2032       3.122595924025e-11 
 2033       3.123205507768e-11 
 2034       3.123688291187e-11 
 2035       3.124043095394e-11 
 2036       3.124268737953e-11 
 2037       3.124364032880e-11 
 2038       3.124327790634e-11 
 2039       3.124158818116e-11 
 2040       3.123855918667e-11 
 2041       3.123417892060e-11 
 2042       3.122843534497e-11 
 2043       3.122131638608e-11 
 2044       3.121280993445e-11 
 2045       3.120290384476e-11 
 2046       3.119158593587e-11 
 2047       3.117884399070e-11 
 2048       3.116466575626e-11 
 2049       3.114903894359e-11 
 2050       3.113195122770e-11 
 2051       3.111339024755e-11 
 2052       3.109334360601e-11 
 2053       3.107179886983e-11 
 2054       3.104874356958e-11 
 2055       3.102416519961e-11 
 2056       3.099805121803e-11 
 2057       3.097038904667e-11 
 2058       3.094116607103e-11 
 2059       3.091036964022e-11 
 2060       3.087798706698e-11 
 2061       3.084400562758e-11 
 2062       3.080841256182e-11 
 2063       3.077119507297e-11 
 2064       3.073234032774e-11 
 2065       3.069183958821e-11 
 2066       3.064970063972e-11 
 2067       3.060593545099e-11 
 2068       3.056055605024e-11 
 2069       3.051357452526e-11 
 2070       3.046500302347e-11 
 2071       3.041485375201e-11 
 2072       3.036313897783e-11 
 2073       3.030987102776e-11 
 2074       3.025506228856e-11 
 2075       3.019872520704e-11 
 2076       3.014087229010e-11 
 2077       3.008151610484e-11 
 2078       3.002066927861e-11 
 2079       2.995834449910e-11 
 2080       2.989455451441e-11 
 2081       2.982931213314e-11 
 2082       2.976263022445e-11 
 2083       2.969452171815e-11 
 2084       2.962499960479e-11 
 2085       2.955407693568e-11 
 2086       2.948176682304e-11 
 2087       2.940808244004e-11 
 2088       2.933303702088e-11 
 2089       2.925664386084e-11 
 2090       2.917891631644e-11 
 2091       2.909986780541e-11 
 2092       2.901951180684e-11 
 2093       2.893786186125e-11 
 2094       2.885493157064e-11 
 2095       2.877073459858e-11 
 2096       2.868528467028e-11 
 2097       2.859859557269e-11 
 2098       2.851068115456e-11 
 2099       2.842155532652e-11 
 2100       2.833123206113e-11 
 2101       2.823972539303e-11 
 2102       2.814704941893e-11 
 2103       2.805321829774e-11 
 2104       2.795824804552e-11 
 2105       2.786216193385e-11 
 2106       2.776498512916e-11 
 2107       2.766674290138e-11 
 2108       2.756746062411e-11 
 2109       2.746716377469e-11 
 2110       2.736587793434e-11 
 2111       2.726362878832e-11 
 2112       2.716044212600e-11 
 2113       2.705634384105e-11 
 2114       2.695135993151e-11 
 2115       2.684551649993e-11 
 2116       2.673883975352e-11 
 2117       2.663135600425e-11 
 2118       2.652309166899e-11 
 2119       2.641407326962e-11 
 2120       2.630432743317e-11 
 2121       2.619388089195e-11 
 2122       2.608276048365e-11 
 2123       2.597099315149e-11 
 2124       2.585860594435e-11 
 2125       2.574562601687e-11 
 2126       2.563208062959e-11 
 2127       2.551799714908e-11 
 2128       2.540340304807e-11 
 2129       2.528832590554e-11 
 2130       2.517279340691e-11 
 2131       2.505683334409e-11 
 2132       2.494047361567e-11 
 2133       2.482374222701e-11 
 2134       2.470666729038e-11 
 2135       2.458927702508e-11 
 2136       2.447159975755e-11 
 2137       2.435366392155e-11 
 2138       2.423549805820e-11 
 2139       2.411713081620e-11 
 2140       2.399859095187e-11 
 2141       2.387990732935e-11 
 2142       2.376110892067e-11 
 2143       2.364222374827e-11 
 2144       2.352327570440e-11 
 2145       2.340428771021e-11 
 2146       2.328528277155e-11 
 2147       2.316628397908e-11 
 2148       2.304731450831e-11 
 2149       2.292839761973e-11 
 2150       2.280955665893e-11 
 2151       2.269081505667e-11 
 2152       2.257219632896e-11 
 2153       2.245372407722e-11 
 2154       2.233542198832e-11 
 2155       2.221731383469e-11 
 2156       2.209942347445e-11 
 2157       2.198177485146e-11 
 2158       2.186439199547e-11 
 2159       2.174729902217e-11 
 2160       2.163052013331e-11 
 2161       2.151407961681e-11 
 2162       2.139800184683e-11 
 2163       2.128231128390e-11 
 2164       2.116703247498e-11 
 2165       2.105219005361e-11 
 2166       2.093780873994e-11 
 2167       2.082391334089e-11 
 2168       2.071052875022e-11 
 2169       2.059767994863e-11 
 2170       2.048539200387e-11 
 2171       2.037369007079e-11 
 2172       2.026259939153e-11 
 2173       2.015214529553e-11 
 2174       2.004235319967e-11 
 2175       1.993324860835e-11 
 2176       1.982485711362e-11 
 2177       1.971720439524e-11 
 2178       1.961031622079e-11 
 2179       1.950421844580e-11 
 2180       1.939893701378e-11 
 2181       1.929449795640e-11 
 2182       1.919092454487e-11 
 2183       1.908822872322e-11 
 2184       1.898641961777e-11 
 2185       1.888550638060e-11 
 2186       1.878549818954e-11 
 2187       1.868640424822e-11 
 2188       1.858823378611e-11 
 2189       1.849099605853e-11 
 2190       1.839470034665e-11 
 2191       1.829935595757e-11 
 2192       1.820497222432e-11 
 2193       1.811155850587e-11 
 2194       1.801912418717e-11 
 2195       1.792767867921e-11 
 2196       1.783723141897e-11 
 2197       1.774779186953e-11 
 2198       1.765936952003e-11 
 2199       1.757197388575e-11 
 2200       1.748561450808e-11 
 2201       1.740030095460e-11 
 2202       1.731604281907e-11 
 2203       1.723284972147e-11 
 2204       1.715073130804e-11 
 2205       1.706969725127e-11 
 2206       1.698975724997e-11 
 2207       1.691092102924e-11 
 2208       1.683319834058e-11 
 2209       1.675659896182e-11 
 2210       1.668113269723e-11 
 2211       1.660680937747e-11 
 2212       1.653363885970e-11 
 2213       1.646163102753e-11 
 2214       1.639079579109e-11 
 2215       1.632114308704e-11 
 2216       1.625268287862e-11 
 2217       1.618542515562e-11 
 2218       1.611937993448e-11 
 2219       1.605455725826e-11 
 2220       1.599096719670e-11 
 2221       1.592861703345e-11 
 2222       1.586750280760e-11 
 2223       1.580761771646e-11 
 2224       1.574895492321e-11 
 2225       1.569150755690e-11 
 2226       1.563526871238e-11 
 2227       1.558023145023e-11 
 2228       1.552638879679e-11 
 2229       1.547373374405e-11 
 2230       1.542225924964e-11 
 2231       1.537195823679e-11 
 2232       1.532282359426e-11 
 2233       1.527484817635e-11 
 2234       1.522802480280e-11 
 2235       1.518234625878e-11 
 2236       1.513780529484e-11 
 2237       1.509439462688e-11 
 2238       1.505210693609e-11 
 2239       1.501093486891e-11 
 2240       1.497087103701e-11 
 2241       1.493190801721e-11 
 2242       1.489403835147e-11 
 2243       1.485725454685e-11 
 2244       1.482154907543e-11 
 2245       1.478691437431e-11 
 2246       1.475334284556e-11 
 2247       1.472082685613e-11 
 2248       1.468935873789e-11 
 2249       1.465893078752e-11 
 2250       1.462953526650e-11 
 2251       1.460116440106e-11 
 2252       1.457381038214e-11 
 2253       1.454746536535e-11 
 2254       1.452212147091e-11 
 2255       1.449777078364e-11 
 2256       1.447440535289e-11 
 2257       1.445201719250e-11 
 2258       1.443059828079e-11 
 2259       1.441014056047e-11 
 2260       1.439063462578e-11 
 2261       1.437206577463e-11 
 2262       1.435441793079e-11 
 2263       1.433767495433e-11 
 2264       1.432182064159e-11 
 2265       1.430683872507e-11 
 2266       1.429271287339e-11 
 2267       1.427942669115e-11 
 2268       1.426696371897e-11 
 2269       1.425530743330e-11 
 2270       1.424444124642e-11 
 2271       1.423434850633e-11 
 2272       1.422501249673e-11 
 2273       1.421641643686e-11 
 2274       1.420854348152e-11 
 2275       1.420137672092e-11 
 2276       1.419489918067e-11 
 2277       1.418909382166e-11 
 2278       1.418394354000e-11 
 2279       1.417943116698e-11 
 2280       1.417553946893e-11 
 2281       1.417225114723e-11 
 2282       1.416954883816e-11 
 2283       1.416741511287e-11 
 2284       1.416583247731e-11 
 2285       1.416478337213e-11 
 2286       1.416425017263e-11 
 2287       1.416421518867e-11 
 2288       1.416466066462e-11 
 2289       1.416556877926e-11 
 2290       1.416692164572e-11 
 2291       1.416870131143e-11 
 2292       1.417088975800e-11 
 2293       1.417346890117e-11 
 2294       1.417642059076e-11 
 2295       1.417972661056e-11 
 2296       1.418336867827e-11 
 2297       1.418732844545e-11 
 2298       1.419158749741e-11 
 2299       1.419612793433e-11 
 2300       1.420093411879e-11 
 2301       1.420599093921e-11 
 2302       1.421128322967e-11 
 2303       1.421679576978e-11 
 2304       1.422251328468e-11 
 2305       1.422842044495e-11 
 2306       1.423450186658e-11 
 2307       1.424074211085e-11 
 2308       1.424712568436e-11 
 2309       1.425363703887e-11 
 2310       1.426026057133e-11 
 2311       1.426698062376e-11 
 2312       1.427378148321e-11 
 2313       1.428064738170e-11 
 2314       1.428756249618e-11 
 2315       1.429451094844e-11 
 2316       1.430147680506e-11 
 2317       1.430844407734e-11 
 2318       1.431539672128e-11 
 2319       1.432231863747e-11 
 2320       1.432919367107e-11 
 2321       1.433600561171e-11 
 2322       1.434273819349e-11 
 2323       1.434937509485e-11 
 2324       1.435589993856e-11 
 2325       1.436229629163e-11 
 2326       1.436854766530e-11 
 2327       1.437463751490e-11 
 2328       1.438054923986e-11 
 2329       1.438626618362e-11 
 2330       1.439177163359e-11 
 2331       1.439704882105e-11 
 2332       1.440208092113e-11 
 2333       1.440685105275e-11 
 2334       1.441134227852e-11 
 2335       1.441553760473e-11 
 2336       1.441941998125e-11 
 2337       1.442297230150e-11 
 2338       1.442617919899e-11 
 2339       1.442903244936e-11 
 2340       1.443152560206e-11 
 2341       1.443365218679e-11 
 2342       1.443540571344e-11 
 2343       1.443677967212e-11 
 2344       1.443776753312e-11 
 2345       1.443836274688e-11 
 2346       1.443855874397e-11 
 2347       1.443834893510e-11 
 2348       1.443772671104e-11 
 2349       1.443668544269e-11 
 2350       1.443521848095e-11 
 2351       1.443331915679e-11 
 2352       1.443098078120e-11 
 2353       1.442819664514e-11 
 2354       1.442496001956e-11 
 2355       1.442126415537e-11 
 2356       1.441710228340e-11 
 2357       1.441246761441e-11 
 2358       1.440735333905e-11 
 2359       1.440175262783e-11 
 2360       1.439565863112e-11 
 2361       1.438906447915e-11 
 2362       1.438196328191e-11 
 2363       1.437434812924e-11 
 2364       1.436621209071e-11 
 2365       1.435754821565e-11 
 2366       1.434834953314e-11 
 2367       1.433860905196e-11 
 2368       1.432831976057e-11 
 2369       1.431747462712e-11 
 2370       1.430606659939e-11 
 2371       1.429408860482e-11 
 2372       1.428153355043e-11 
 2373       1.426839432284e-11 
 2374       1.425466378825e-11 
 2375       1.424033479238e-11 
 2376       1.422540016052e-11 
 2377       1.420985453149e-11 
 2378       1.419369987224e-11 
 2379       1.417693999718e-11 
 2380       1.415957873728e-11 
 2381       1.414161994006e-11 
 2382       1.412306746962e-11 
 2383       1.410392520665e-11 
 2384       1.408419704846e-11 
 2385       1.406388690898e-11 
 2386       1.404299871880e-11 
 2387       1.402153642517e-11 
 2388       1.399950399203e-11 
 2389       1.397690540002e-11 
 2390       1.395374464653e-11 
 2391       1.393002574567e-11 
 2392       1.390575272831e-11 
 2393       1.388092964210e-11 
 2394       1.385556055152e-11 
 2395       1.382964953782e-11 
 2396       1.380320069913e-11 
 2397       1.377621815040e-11 
 2398       1.374870602347e-11 
 2399       1.372066846708e-11 
 2400       1.369210964687e-11 
 2401       1.366303374541e-11 
 2402       1.363344496221e-11 
 2403       1.360334751377e-11 
 2404       1.357274563356e-11 
 2405       1.354164357206e-11 
 2406       1.351004559675e-11 
 2407       1.347795599219e-11 
 2408       1.344537905997e-11 
 2409       1.341231911877e-11 
 2410       1.337878050437e-11 
 2411       1.334476756965e-11 
 2412       1.331028468466e-11 
 2413       1.327533623655e-11 
 2414       1.323992662970e-11 
 2415       1.320406028563e-11 
 2416       1.316774251494e-11 
 2417       1.313098213854e-11 
 2418       1.309378888233e-11 
 2419       1.305617250680e-11 
 2420       1.301814280710e-11 
 2421       1.297970961307e-11 
 2422       1.294088278926e-11 
 2423       1.290167223498e-11 
 2424       1.286208788433e-11 
 2425       1.282213970625e-11 
 2426       1.278183770455e-11 
 2427       1.274119191792e-11 
 2428       1.270021242002e-11 
 2429       1.265890931947e-11 
 2430       1.261729275990e-11 
 2431       1.257537292001e-11 
 2432       1.253316001356e-11 
 2433       1.249066428945e-11 
 2434       1.244789603174e-11 
 2435       1.240486555968e-11 
 2436       1.236158322776e-11 
 2437       1.231805942572e-11 
 2438       1.227430457863e-11 
 2439       1.223032914688e-11 
 2440       1.218614362627e-11 
 2441       1.214175854799e-11 
 2442       1.209718447868e-11 
 2443       1.205243202048e-11 
 2444       1.200751181106e-11 
 2445       1.196243452363e-11 
 2446       1.191721086702e-11 
 2447       1.187185158569e-11 
 2448       1.182636745977e-11 
 2449       1.178076930508e-11 
 2450       1.173506797321e-11 
 2451       1.168927435153e-11 
 2452       1.164339936320e-11 
 2453       1.159745396727e-11 
 2454       1.155144915866e-11 
 2455       1.150539570853e-11 
 2456       1.145930338362e-11 
 2457       1.141318172233e-11 
 2458       1.136704029401e-11 
 2459       1.132088869899e-11 
 2460       1.127473656861e-11 
 2461       1.122859356527e-11 
 2462       1.118246938244e-11 
 2463       1.113637374471e-11 
 2464       1.109031640780e-11 
 2465       1.104430715860e-11 
 2466       1.099835581521e-11 
 2467       1.095247222696e-11 
 2468       1.090666627445e-11 
 2469       1.086094786959e-11 
 2470       1.081532695559e-11 
 2471       1.076981350703e-11 
 2472       1.072441752991e-11 
 2473       1.067914906162e-11 
 2474       1.063401817102e-11 
 2475       1.058903495844e-11 
 2476       1.054420955575e-11 
 2477       1.049955212635e-11 
 2478       1.045507286524e-11 
 2479       1.041078199901e-11 
 2480       1.036668978590e-11 
 2481       1.032280651583e-11 
 2482       1.027914251043e-11 
 2483       1.023570812305e-11 
 2484       1.019251373882e-11 
 2485       1.014956977466e-11 
 2486       1.010688667935e-11 
 2487       1.006447493348e-11 
 2488       1.002234504959e-11 
 2489       9.980507572118e-12 
 2490       9.938973077451e-12 
 2491       9.897752173978e-12 
 2492       9.856855502106e-12 
 2493       9.816293734289e-12 
 2494       9.776071787379e-12 
 2495       9.736171422465e-12 
 2496       9.696568542939e-12 
 2497       9.657238972820e-12 
 2498       9.618158456676e-12 
 2499       9.579302659544e-12 
 2500       9.540647166849e-12 
