# dimensionless total [l(l+1)/2pi] C_l's
# for l=2 to 2500, i.e. number of multipoles equal to 2499
#
# -> if you prefer output in CAMB/HealPix/LensPix units/order, set 'format' to 'camb' in input file
# -> if you don't want to see such a header, set 'headers' to 'no' in input file
#
# 1:l     2:TT                 
    2       1.383317246845e-10 
    3       1.309098839148e-10 
    4       1.238571870013e-10 
    5       1.185514659020e-10 
    6       1.148866227241e-10 
    7       1.125459182476e-10 
    8       1.111395104573e-10 
    9       1.104571137758e-10 
   10       1.103154894685e-10 
   11       1.105742783683e-10 
   12       1.111975269139e-10 
   13       1.120461782647e-10 
   14       1.130477448533e-10 
   15       1.142338957352e-10 
   16       1.156053548126e-10 
   17       1.170332733093e-10 
   18       1.185670857658e-10 
   19       1.202218673643e-10 
   20       1.219267925315e-10 
   21       1.236945314388e-10 
   22       1.255315541565e-10 
   23       1.274274438947e-10 
   24       1.293487301779e-10 
   25       1.313105408269e-10 
   26       1.333262840231e-10 
   27       1.353909098669e-10 
   28       1.374847176397e-10 
   29       1.396132174606e-10 
   30       1.417779208052e-10 
   31       1.439698567468e-10 
   32       1.461918754984e-10 
   33       1.484420400419e-10 
   34       1.507122662475e-10 
   35       1.530085284962e-10 
   36       1.553360892666e-10 
   37       1.576951754124e-10 
   38       1.600871855836e-10 
   39       1.625093322111e-10 
   40       1.649521434771e-10 
   41       1.674042922731e-10 
   42       1.698705438279e-10 
   43       1.723585512735e-10 
   44       1.748736065577e-10 
   45       1.774187345644e-10 
   46       1.799956614240e-10 
   47       1.826036647605e-10 
   48       1.852389790036e-10 
   49       1.878945399050e-10 
   50       1.905629753659e-10 
   51       1.932471277071e-10 
   52       1.959519459313e-10 
   53       1.986813887639e-10 
   54       2.014383219369e-10 
   55       2.042246705851e-10 
   56       2.070421560787e-10 
   57       2.098915623212e-10 
   58       2.127724059183e-10 
   59       2.156828434016e-10 
   60       2.186195784522e-10 
   61       2.215792535480e-10 
   62       2.245631998147e-10 
   63       2.275735935482e-10 
   64       2.306120211000e-10 
   65       2.336794331997e-10 
   66       2.367760992788e-10 
   67       2.399015617942e-10 
   68       2.430552326415e-10 
   69       2.462384248288e-10 
   70       2.494526523099e-10 
   71       2.526989955875e-10 
   72       2.559780724594e-10 
   73       2.592900087626e-10 
   74       2.626344091193e-10 
   75       2.660103276814e-10 
   76       2.694167683815e-10 
   77       2.728543556691e-10 
   78       2.763239167060e-10 
   79       2.798259607905e-10 
   80       2.833606609599e-10 
   81       2.869278355940e-10 
   82       2.905269300179e-10 
   83       2.941569981052e-10 
   84       2.978171120662e-10 
   85       3.015077101662e-10 
   86       3.052294397391e-10 
   87       3.089827378320e-10 
   88       3.127678200046e-10 
   89       3.165846691283e-10 
   90       3.204330241863e-10 
   91       3.243123690726e-10 
   92       3.282219213915e-10 
   93       3.321609063917e-10 
   94       3.361294502246e-10 
   95       3.401278009483e-10 
   96       3.441560481750e-10 
   97       3.482141157844e-10 
   98       3.523017546373e-10 
   99       3.564185352888e-10 
  100       3.605638407022e-10 
  101       3.647368589620e-10 
  102       3.689365759875e-10 
  103       3.731617682465e-10 
  104       3.774112609600e-10 
  105       3.816847581344e-10 
  106       3.859821115925e-10 
  107       3.903030611781e-10 
  108       3.946472303875e-10 
  109       3.990141219996e-10 
  110       4.034031137076e-10 
  111       4.078134537497e-10 
  112       4.122442565399e-10 
  113       4.166944982993e-10 
  114       4.211630126866e-10 
  115       4.256484864295e-10 
  116       4.301496425763e-10 
  117       4.346658248687e-10 
  118       4.391964765440e-10 
  119       4.437409563910e-10 
  120       4.482985360395e-10 
  121       4.528683972506e-10 
  122       4.574496292058e-10 
  123       4.620412257980e-10 
  124       4.666420829200e-10 
  125       4.712509957556e-10 
  126       4.758666560685e-10 
  127       4.804876494928e-10 
  128       4.851124528224e-10 
  129       4.897395905586e-10 
  130       4.943681297258e-10 
  131       4.989972344686e-10 
  132       5.036260101051e-10 
  133       5.082535015562e-10 
  134       5.128786917753e-10 
  135       5.175005001775e-10 
  136       5.221177810688e-10 
  137       5.267293220763e-10 
  138       5.313338425769e-10 
  139       5.359299921270e-10 
  140       5.405163488921e-10 
  141       5.450914180759e-10 
  142       5.496536303500e-10 
  143       5.542013402835e-10 
  144       5.587329576807e-10 
  145       5.632473595056e-10 
  146       5.677435157715e-10 
  147       5.722203594790e-10 
  148       5.766767858093e-10 
  149       5.811116513176e-10 
  150       5.855237731263e-10 
  151       5.899119281184e-10 
  152       5.942748521306e-10 
  153       5.986112391467e-10 
  154       6.029197404907e-10 
  155       6.071989640205e-10 
  156       6.114474733208e-10 
  157       6.156637868964e-10 
  158       6.198463773657e-10 
  159       6.239936706538e-10 
  160       6.281040451860e-10 
  161       6.321759442207e-10 
  162       6.362082257068e-10 
  163       6.401998419676e-10 
  164       6.441497290594e-10 
  165       6.480568064855e-10 
  166       6.519199769099e-10 
  167       6.557381258715e-10 
  168       6.595101214972e-10 
  169       6.632348142165e-10 
  170       6.669110364747e-10 
  171       6.705376024471e-10 
  172       6.741133077529e-10 
  173       6.776369291687e-10 
  174       6.811072243423e-10 
  175       6.845229315071e-10 
  176       6.878827691952e-10 
  177       6.911854359517e-10 
  178       6.944296100484e-10 
  179       6.976139491975e-10 
  180       7.007371777431e-10 
  181       7.037983565832e-10 
  182       7.067966342036e-10 
  183       7.097311611644e-10 
  184       7.126010901358e-10 
  185       7.154055759344e-10 
  186       7.181437755592e-10 
  187       7.208148482271e-10 
  188       7.234179554100e-10 
  189       7.259522608695e-10 
  190       7.284169306942e-10 
  191       7.308111333347e-10 
  192       7.331340396402e-10 
  193       7.353848228946e-10 
  194       7.375626588520e-10 
  195       7.396667257732e-10 
  196       7.416962044615e-10 
  197       7.436502782989e-10 
  198       7.455281332818e-10 
  199       7.473289580575e-10 
  200       7.490519439598e-10 
  201       7.506963440505e-10 
  202       7.522616548677e-10 
  203       7.537474477445e-10 
  204       7.551533111797e-10 
  205       7.564788510483e-10 
  206       7.577236908117e-10 
  207       7.588874717285e-10 
  208       7.599698530644e-10 
  209       7.609705123032e-10 
  210       7.618891453567e-10 
  211       7.627254667754e-10 
  212       7.634792099588e-10 
  213       7.641501273661e-10 
  214       7.647379907261e-10 
  215       7.652425912480e-10 
  216       7.656637398319e-10 
  217       7.660012672787e-10 
  218       7.662550245012e-10 
  219       7.664248827340e-10 
  220       7.665107337442e-10 
  221       7.665124900414e-10 
  222       7.664300850889e-10 
  223       7.662634735133e-10 
  224       7.660126509641e-10 
  225       7.656777146738e-10 
  226       7.652588071988e-10 
  227       7.647560973771e-10 
  228       7.641697805850e-10 
  229       7.635000789945e-10 
  230       7.627472418305e-10 
  231       7.619115456277e-10 
  232       7.609932944883e-10 
  233       7.599928203390e-10 
  234       7.589104831880e-10 
  235       7.577466713823e-10 
  236       7.565018018652e-10 
  237       7.551763204330e-10 
  238       7.537707019926e-10 
  239       7.522854508185e-10 
  240       7.507211008101e-10 
  241       7.490782157488e-10 
  242       7.473573895552e-10 
  243       7.455592465466e-10 
  244       7.436844416937e-10 
  245       7.417336608782e-10 
  246       7.397076211497e-10 
  247       7.376070709833e-10 
  248       7.354327905362e-10 
  249       7.331855919056e-10 
  250       7.308662920951e-10 
  251       7.284756296544e-10 
  252       7.260143437276e-10 
  253       7.234832011142e-10 
  254       7.208829964748e-10 
  255       7.182145525354e-10 
  256       7.154787202925e-10 
  257       7.126763792188e-10 
  258       7.098084374672e-10 
  259       7.068758320766e-10 
  260       7.038795291765e-10 
  261       7.008205241923e-10 
  262       6.976998420500e-10 
  263       6.945185373814e-10 
  264       6.912776947290e-10 
  265       6.879784287513e-10 
  266       6.846218844274e-10 
  267       6.812092372622e-10 
  268       6.777416934915e-10 
  269       6.742204902870e-10 
  270       6.706468959611e-10 
  271       6.670222101721e-10 
  272       6.633477641292e-10 
  273       6.596249207975e-10 
  274       6.558550751028e-10 
  275       6.520396541370e-10 
  276       6.481801173629e-10 
  277       6.442779568191e-10 
  278       6.403346973252e-10 
  279       6.363518154246e-10 
  280       6.323304911427e-10 
  281       6.282718437671e-10 
  282       6.241770120309e-10 
  283       6.200471541931e-10 
  284       6.158834481187e-10 
  285       6.116870913589e-10 
  286       6.074593012311e-10 
  287       6.032013148995e-10 
  288       5.989143894549e-10 
  289       5.945998019951e-10 
  290       5.902588497050e-10 
  291       5.858928499366e-10 
  292       5.815031402897e-10 
  293       5.770910786916e-10 
  294       5.726580434775e-10 
  295       5.682054334704e-10 
  296       5.637346680619e-10 
  297       5.592471872917e-10 
  298       5.547444519284e-10 
  299       5.502279435489e-10 
  300       5.456991646196e-10 
  301       5.411596385756e-10 
  302       5.366109099016e-10 
  303       5.320545442116e-10 
  304       5.274921283296e-10 
  305       5.229252703692e-10 
  306       5.183555998141e-10 
  307       5.137847675985e-10 
  308       5.092144461866e-10 
  309       5.046463296537e-10 
  310       5.000821337655e-10 
  311       4.955235960590e-10 
  312       4.909723576763e-10 
  313       4.864296026436e-10 
  314       4.818964020114e-10 
  315       4.773738305272e-10 
  316       4.728629665698e-10 
  317       4.683648920844e-10 
  318       4.638806925176e-10 
  319       4.594114567521e-10 
  320       4.549582770416e-10 
  321       4.505222489458e-10 
  322       4.461044712653e-10 
  323       4.417060459762e-10 
  324       4.373280781654e-10 
  325       4.329716759651e-10 
  326       4.286379504879e-10 
  327       4.243280157618e-10 
  328       4.200429886648e-10 
  329       4.157839888598e-10 
  330       4.115521387297e-10 
  331       4.073485633123e-10 
  332       4.031743902348e-10 
  333       3.990307496491e-10 
  334       3.949187741665e-10 
  335       3.908395987927e-10 
  336       3.867943608624e-10 
  337       3.827841999746e-10 
  338       3.788102579270e-10 
  339       3.748736786514e-10 
  340       3.709756081482e-10 
  341       3.671171944214e-10 
  342       3.632995874135e-10 
  343       3.595239389406e-10 
  344       3.557914026266e-10 
  345       3.521031338391e-10 
  346       3.484602896233e-10 
  347       3.448640286375e-10 
  348       3.413155110879e-10 
  349       3.378157982628e-10 
  350       3.343655466647e-10 
  351       3.309653010457e-10 
  352       3.276155934985e-10 
  353       3.243169432931e-10 
  354       3.210698567120e-10 
  355       3.178748268876e-10 
  356       3.147323336376e-10 
  357       3.116428433017e-10 
  358       3.086068085778e-10 
  359       3.056246683580e-10 
  360       3.026968475652e-10 
  361       2.998237569890e-10 
  362       2.970057931223e-10 
  363       2.942433379973e-10 
  364       2.915367590218e-10 
  365       2.888864088155e-10 
  366       2.862926250463e-10 
  367       2.837557302664e-10 
  368       2.812760317486e-10 
  369       2.788538213228e-10 
  370       2.764893752118e-10 
  371       2.741829538678e-10 
  372       2.719348018089e-10 
  373       2.697451474547e-10 
  374       2.676142029632e-10 
  375       2.655421640667e-10 
  376       2.635292099082e-10 
  377       2.615755028775e-10 
  378       2.596811884476e-10 
  379       2.578463950110e-10 
  380       2.560712337156e-10 
  381       2.543557983013e-10 
  382       2.527001649362e-10 
  383       2.511043920528e-10 
  384       2.495685201842e-10 
  385       2.480925718003e-10 
  386       2.466765511444e-10 
  387       2.453204440689e-10 
  388       2.440242023018e-10 
  389       2.427876959292e-10 
  390       2.416107588141e-10 
  391       2.404932038301e-10 
  392       2.394348226857e-10 
  393       2.384353857476e-10 
  394       2.374946418655e-10 
  395       2.366123181950e-10 
  396       2.357881200221e-10 
  397       2.350217305868e-10 
  398       2.343128109071e-10 
  399       2.336609996027e-10 
  400       2.330659127191e-10 
  401       2.325271435514e-10 
  402       2.320442624680e-10 
  403       2.316168167345e-10 
  404       2.312443303380e-10 
  405       2.309263038104e-10 
  406       2.306622140525e-10 
  407       2.304515141580e-10 
  408       2.302936332373e-10 
  409       2.301879762411e-10 
  410       2.301339237847e-10 
  411       2.301308319716e-10 
  412       2.301780322174e-10 
  413       2.302748310739e-10 
  414       2.304205100525e-10 
  415       2.306143254485e-10 
  416       2.308555081650e-10 
  417       2.311432635362e-10 
  418       2.314767711521e-10 
  419       2.318551846815e-10 
  420       2.322776316968e-10 
  421       2.327432134971e-10 
  422       2.332510049322e-10 
  423       2.338000542270e-10 
  424       2.343893828048e-10 
  425       2.350179851113e-10 
  426       2.356848284386e-10 
  427       2.363889354598e-10 
  428       2.371296352834e-10 
  429       2.379063205937e-10 
  430       2.387183655907e-10 
  431       2.395651258681e-10 
  432       2.404459382913e-10 
  433       2.413601208761e-10 
  434       2.423069726662e-10 
  435       2.432857736121e-10 
  436       2.442957844487e-10 
  437       2.453362465736e-10 
  438       2.464063819257e-10 
  439       2.475053928627e-10 
  440       2.486324620399e-10 
  441       2.497867522881e-10 
  442       2.509674064916e-10 
  443       2.521735474668e-10 
  444       2.534042778400e-10 
  445       2.546586799258e-10 
  446       2.559358156053e-10 
  447       2.572347262041e-10 
  448       2.585544323705e-10 
  449       2.598939339541e-10 
  450       2.612522098833e-10 
  451       2.626282180438e-10 
  452       2.640208951572e-10 
  453       2.654291566583e-10 
  454       2.668518965741e-10 
  455       2.682879874014e-10 
  456       2.697362799855e-10 
  457       2.711956033979e-10 
  458       2.726647648147e-10 
  459       2.741425493948e-10 
  460       2.756277201581e-10 
  461       2.771190178634e-10 
  462       2.786151608872e-10 
  463       2.801148451011e-10 
  464       2.816167437506e-10 
  465       2.831195073330e-10 
  466       2.846219045561e-10 
  467       2.861232503030e-10 
  468       2.876229907796e-10 
  469       2.891205635971e-10 
  470       2.906153977283e-10 
  471       2.921069134633e-10 
  472       2.935945223652e-10 
  473       2.950776272269e-10 
  474       2.965556220261e-10 
  475       2.980278918821e-10 
  476       2.994938130112e-10 
  477       3.009527526829e-10 
  478       3.024040691760e-10 
  479       3.038471117343e-10 
  480       3.052812205228e-10 
  481       3.067057265835e-10 
  482       3.081199517916e-10 
  483       3.095232088111e-10 
  484       3.109148010512e-10 
  485       3.122940226221e-10 
  486       3.136601582908e-10 
  487       3.150124834374e-10 
  488       3.163502640108e-10 
  489       3.176727564848e-10 
  490       3.189792078140e-10 
  491       3.202688553900e-10 
  492       3.215409269970e-10 
  493       3.227946407681e-10 
  494       3.240292051411e-10 
  495       3.252438188146e-10 
  496       3.264376707039e-10 
  497       3.276099398967e-10 
  498       3.287597956097e-10 
  499       3.298863971442e-10 
  500       3.309888938418e-10 
  501       3.320664250409e-10 
  502       3.331181200324e-10 
  503       3.341430980158e-10 
  504       3.351404680550e-10 
  505       3.361094587354e-10 
  506       3.370498113328e-10 
  507       3.379613978845e-10 
  508       3.388440925296e-10 
  509       3.396977715257e-10 
  510       3.405223132659e-10 
  511       3.413175982956e-10 
  512       3.420835093294e-10 
  513       3.428199312680e-10 
  514       3.435267512154e-10 
  515       3.442038584949e-10 
  516       3.448511446670e-10 
  517       3.454685035458e-10 
  518       3.460558312157e-10 
  519       3.466130260487e-10 
  520       3.471399887210e-10 
  521       3.476366222301e-10 
  522       3.481028319114e-10 
  523       3.485385254553e-10 
  524       3.489436129241e-10 
  525       3.493180067688e-10 
  526       3.496616218458e-10 
  527       3.499743754341e-10 
  528       3.502561872523e-10 
  529       3.505069794748e-10 
  530       3.507266767494e-10 
  531       3.509152062139e-10 
  532       3.510724975130e-10 
  533       3.511984828150e-10 
  534       3.512930968291e-10 
  535       3.513562768218e-10 
  536       3.513879626343e-10 
  537       3.513880966989e-10 
  538       3.513566240562e-10 
  539       3.512934923718e-10 
  540       3.511986519533e-10 
  541       3.510720557672e-10 
  542       3.509136594556e-10 
  543       3.507234213534e-10 
  544       3.505013627064e-10 
  545       3.502477500637e-10 
  546       3.499629177994e-10 
  547       3.496472083940e-10 
  548       3.493009724750e-10 
  549       3.489245688589e-10 
  550       3.485183645921e-10 
  551       3.480827349919e-10 
  552       3.476180636882e-10 
  553       3.471247426646e-10 
  554       3.466031722995e-10 
  555       3.460537614076e-10 
  556       3.454769272808e-10 
  557       3.448730957298e-10 
  558       3.442427011253e-10 
  559       3.435861864389e-10 
  560       3.429040032849e-10 
  561       3.421966119611e-10 
  562       3.414644814902e-10 
  563       3.407080896611e-10 
  564       3.399279230701e-10 
  565       3.391244771623e-10 
  566       3.382982562724e-10 
  567       3.374497736667e-10 
  568       3.365795515834e-10 
  569       3.356881212747e-10 
  570       3.347760230477e-10 
  571       3.338438063056e-10 
  572       3.328920295890e-10 
  573       3.319212606171e-10 
  574       3.309320763291e-10 
  575       3.299250629254e-10 
  576       3.289008159087e-10 
  577       3.278599401255e-10 
  578       3.268030498070e-10 
  579       3.257307686108e-10 
  580       3.246437296617e-10 
  581       3.235425755934e-10 
  582       3.224279585892e-10 
  583       3.213005138868e-10 
  584       3.201607794791e-10 
  585       3.190092744888e-10 
  586       3.178465255553e-10 
  587       3.166730668669e-10 
  588       3.154894401929e-10 
  589       3.142961949149e-10 
  590       3.130938880591e-10 
  591       3.118830843283e-10 
  592       3.106643561334e-10 
  593       3.094382836256e-10 
  594       3.082054547283e-10 
  595       3.069664651689e-10 
  596       3.057219185105e-10 
  597       3.044724261843e-10 
  598       3.032186075210e-10 
  599       3.019610897831e-10 
  600       3.007005081963e-10 
  601       2.994375059820e-10 
  602       2.981727343886e-10 
  603       2.969068527241e-10 
  604       2.956405283872e-10 
  605       2.943744368997e-10 
  606       2.931092619383e-10 
  607       2.918456953665e-10 
  608       2.905844372665e-10 
  609       2.893261959710e-10 
  610       2.880716880951e-10 
  611       2.868216385685e-10 
  612       2.855767806670e-10 
  613       2.843378560445e-10 
  614       2.831056147650e-10 
  615       2.818808153347e-10 
  616       2.806642247332e-10 
  617       2.794566184462e-10 
  618       2.782587804969e-10 
  619       2.770715034781e-10 
  620       2.758955885839e-10 
  621       2.747318456420e-10 
  622       2.735810111762e-10 
  623       2.724435004230e-10 
  624       2.713196495695e-10 
  625       2.702097972023e-10 
  626       2.691142843144e-10 
  627       2.680334543117e-10 
  628       2.669676530194e-10 
  629       2.659172286885e-10 
  630       2.648825320025e-10 
  631       2.638639160837e-10 
  632       2.628617364998e-10 
  633       2.618763512705e-10 
  634       2.609081208738e-10 
  635       2.599574082527e-10 
  636       2.590245788218e-10 
  637       2.581100004735e-10 
  638       2.572140435846e-10 
  639       2.563370810231e-10 
  640       2.554794881544e-10 
  641       2.546416428480e-10 
  642       2.538239254837e-10 
  643       2.530267189588e-10 
  644       2.522504086937e-10 
  645       2.514953826391e-10 
  646       2.507620312823e-10 
  647       2.500507476537e-10 
  648       2.493619273331e-10 
  649       2.486959684568e-10 
  650       2.480532717235e-10 
  651       2.474342404010e-10 
  652       2.468392803330e-10 
  653       2.462687999452e-10 
  654       2.457232102520e-10 
  655       2.452029248632e-10 
  656       2.447083599901e-10 
  657       2.442399344523e-10 
  658       2.437980696842e-10 
  659       2.433831897415e-10 
  660       2.429957213076e-10 
  661       2.426360121489e-10 
  662       2.423040844944e-10 
  663       2.419998762303e-10 
  664       2.417233219436e-10 
  665       2.414743529057e-10 
  666       2.412528970569e-10 
  667       2.410588789906e-10 
  668       2.408922199370e-10 
  669       2.407528377478e-10 
  670       2.406406468800e-10 
  671       2.405555583801e-10 
  672       2.404974798684e-10 
  673       2.404663155230e-10 
  674       2.404619660639e-10 
  675       2.404843287374e-10 
  676       2.405332973000e-10 
  677       2.406087620027e-10 
  678       2.407106095750e-10 
  679       2.408387232092e-10 
  680       2.409929825444e-10 
  681       2.411732636510e-10 
  682       2.413794390144e-10 
  683       2.416113775192e-10 
  684       2.418689444337e-10 
  685       2.421520013938e-10 
  686       2.424604063871e-10 
  687       2.427940137372e-10 
  688       2.431526740878e-10 
  689       2.435362343869e-10 
  690       2.439445378706e-10 
  691       2.443774240478e-10 
  692       2.448347286841e-10 
  693       2.453162837857e-10 
  694       2.458219175839e-10 
  695       2.463514545193e-10 
  696       2.469047152255e-10 
  697       2.474815165136e-10 
  698       2.480816713565e-10 
  699       2.487049888725e-10 
  700       2.493512420817e-10 
  701       2.500200704685e-10 
  702       2.507110753581e-10 
  703       2.514238519368e-10 
  704       2.521579892287e-10 
  705       2.529130700716e-10 
  706       2.536886710937e-10 
  707       2.544843626894e-10 
  708       2.552997089959e-10 
  709       2.561342678694e-10 
  710       2.569875908612e-10 
  711       2.578592231943e-10 
  712       2.587487037391e-10 
  713       2.596555649905e-10 
  714       2.605793330433e-10 
  715       2.615195275692e-10 
  716       2.624756617923e-10 
  717       2.634472424663e-10 
  718       2.644337698500e-10 
  719       2.654347376837e-10 
  720       2.664496331660e-10 
  721       2.674779369294e-10 
  722       2.685191230168e-10 
  723       2.695726588579e-10 
  724       2.706380052456e-10 
  725       2.717146163116e-10 
  726       2.728019395034e-10 
  727       2.738994155603e-10 
  728       2.750064784896e-10 
  729       2.761225555427e-10 
  730       2.772470671920e-10 
  731       2.783794271065e-10 
  732       2.795190421282e-10 
  733       2.806653122488e-10 
  734       2.818176305854e-10 
  735       2.829753833572e-10 
  736       2.841379498614e-10 
  737       2.853047024500e-10 
  738       2.864750065053e-10 
  739       2.876482515415e-10 
  740       2.888239452283e-10 
  741       2.900016211758e-10 
  742       2.911808079609e-10 
  743       2.923610291109e-10 
  744       2.935418030859e-10 
  745       2.947226432628e-10 
  746       2.959030579173e-10 
  747       2.970825502080e-10 
  748       2.982606181589e-10 
  749       2.994367546426e-10 
  750       3.006104473637e-10 
  751       3.017811788415e-10 
  752       3.029484263933e-10 
  753       3.041116621174e-10 
  754       3.052703528763e-10 
  755       3.064239602799e-10 
  756       3.075719406683e-10 
  757       3.087137450950e-10 
  758       3.098488193103e-10 
  759       3.109766037438e-10 
  760       3.120965334881e-10 
  761       3.132080382817e-10 
  762       3.143105424917e-10 
  763       3.154034650977e-10 
  764       3.164862196740e-10 
  765       3.175582143734e-10 
  766       3.186188519101e-10 
  767       3.196675295423e-10 
  768       3.207036390563e-10 
  769       3.217265667487e-10 
  770       3.227356934098e-10 
  771       3.237303943068e-10 
  772       3.247100391668e-10 
  773       3.256739921600e-10 
  774       3.266216118826e-10 
  775       3.275522513401e-10 
  776       3.284652579303e-10 
  777       3.293599734263e-10 
  778       3.302358049840e-10 
  779       3.310924396585e-10 
  780       3.319296338770e-10 
  781       3.327471427759e-10 
  782       3.335447201985e-10 
  783       3.343221186917e-10 
  784       3.350790895033e-10 
  785       3.358153825793e-10 
  786       3.365307465609e-10 
  787       3.372249287817e-10 
  788       3.378976752648e-10 
  789       3.385487307201e-10 
  790       3.391778385415e-10 
  791       3.397847408036e-10 
  792       3.403691782597e-10 
  793       3.409308903380e-10 
  794       3.414696151396e-10 
  795       3.419850894350e-10 
  796       3.424770486618e-10 
  797       3.429452269214e-10 
  798       3.433893569765e-10 
  799       3.438091702480e-10 
  800       3.442043968126e-10 
  801       3.445747653993e-10 
  802       3.449200033870e-10 
  803       3.452398368018e-10 
  804       3.455339903137e-10 
  805       3.458021872341e-10 
  806       3.460441495127e-10 
  807       3.462595977350e-10 
  808       3.464482511193e-10 
  809       3.466098275136e-10 
  810       3.467440433933e-10 
  811       3.468506138578e-10 
  812       3.469292526281e-10 
  813       3.469796720437e-10 
  814       3.470015830598e-10 
  815       3.469946952445e-10 
  816       3.469587167762e-10 
  817       3.468934212071e-10 
  818       3.467988490690e-10 
  819       3.466751098634e-10 
  820       3.465223156298e-10 
  821       3.463405809551e-10 
  822       3.461300229827e-10 
  823       3.458907614214e-10 
  824       3.456229185549e-10 
  825       3.453266192507e-10 
  826       3.450019909693e-10 
  827       3.446491637736e-10 
  828       3.442682703376e-10 
  829       3.438594459559e-10 
  830       3.434228285527e-10 
  831       3.429585586911e-10 
  832       3.424667795819e-10 
  833       3.419476370932e-10 
  834       3.414012797591e-10 
  835       3.408278587894e-10 
  836       3.402275280782e-10 
  837       3.396004442132e-10 
  838       3.389467664853e-10 
  839       3.382666568969e-10 
  840       3.375602801719e-10 
  841       3.368278037643e-10 
  842       3.360693978675e-10 
  843       3.352852354236e-10 
  844       3.344754921323e-10 
  845       3.336403464602e-10 
  846       3.327799796500e-10 
  847       3.318945757295e-10 
  848       3.309843215209e-10 
  849       3.300494066496e-10 
  850       3.290900235539e-10 
  851       3.281063674938e-10 
  852       3.270986365601e-10 
  853       3.260670316839e-10 
  854       3.250117566452e-10 
  855       3.239330180826e-10 
  856       3.228310516305e-10 
  857       3.217062008020e-10 
  858       3.205588394694e-10 
  859       3.193893458710e-10 
  860       3.181981026247e-10 
  861       3.169854967412e-10 
  862       3.157519196377e-10 
  863       3.144977671512e-10 
  864       3.132234395516e-10 
  865       3.119293415559e-10 
  866       3.106158823407e-10 
  867       3.092834755564e-10 
  868       3.079325393400e-10 
  869       3.065634963290e-10 
  870       3.051767736747e-10 
  871       3.037728030555e-10 
  872       3.023520206902e-10 
  873       3.009148673518e-10 
  874       2.994617883807e-10 
  875       2.979932336982e-10 
  876       2.965096578197e-10 
  877       2.950115198686e-10 
  878       2.934992835892e-10 
  879       2.919734173602e-10 
  880       2.904343942087e-10 
  881       2.888826918229e-10 
  882       2.873187925658e-10 
  883       2.857431834888e-10 
  884       2.841563563447e-10 
  885       2.825588076018e-10 
  886       2.809510384565e-10 
  887       2.793335548474e-10 
  888       2.777068674682e-10 
  889       2.760714917817e-10 
  890       2.744279480327e-10 
  891       2.727767612615e-10 
  892       2.711184613178e-10 
  893       2.694535828735e-10 
  894       2.677826654365e-10 
  895       2.661062288382e-10 
  896       2.644246992318e-10 
  897       2.627384819136e-10 
  898       2.610479857489e-10 
  899       2.593536231819e-10 
  900       2.576558102456e-10 
  901       2.559549665709e-10 
  902       2.542515153974e-10 
  903       2.525458835820e-10 
  904       2.508385016098e-10 
  905       2.491298036027e-10 
  906       2.474202273301e-10 
  907       2.457102142183e-10 
  908       2.440002093599e-10 
  909       2.422906615243e-10 
  910       2.405820231668e-10 
  911       2.388747504386e-10 
  912       2.371693031967e-10 
  913       2.354661450132e-10 
  914       2.337657431857e-10 
  915       2.320685687465e-10 
  916       2.303750964726e-10 
  917       2.286858048955e-10 
  918       2.270011763106e-10 
  919       2.253216967877e-10 
  920       2.236478561797e-10 
  921       2.219801481333e-10 
  922       2.203190700984e-10 
  923       2.186651233375e-10 
  924       2.170188129362e-10 
  925       2.153806478122e-10 
  926       2.137511407256e-10 
  927       2.121308082883e-10 
  928       2.105201709740e-10 
  929       2.089197531278e-10 
  930       2.073300829760e-10 
  931       2.057516926359e-10 
  932       2.041851181254e-10 
  933       2.026308993731e-10 
  934       2.010895243352e-10 
  935       1.995612603714e-10 
  936       1.980463202521e-10 
  937       1.965449178143e-10 
  938       1.950572679632e-10 
  939       1.935835866743e-10 
  940       1.921240909961e-10 
  941       1.906789990512e-10 
  942       1.892485300391e-10 
  943       1.878329042382e-10 
  944       1.864323430073e-10 
  945       1.850470687886e-10 
  946       1.836773051090e-10 
  947       1.823232765823e-10 
  948       1.809852089116e-10 
  949       1.796633288913e-10 
  950       1.783578644088e-10 
  951       1.770690444470e-10 
  952       1.757970990862e-10 
  953       1.745422595059e-10 
  954       1.733047579876e-10 
  955       1.720848279162e-10 
  956       1.708827037821e-10 
  957       1.696986211839e-10 
  958       1.685328168296e-10 
  959       1.673855285394e-10 
  960       1.662569952475e-10 
  961       1.651474570039e-10 
  962       1.640571549769e-10 
  963       1.629863314551e-10 
  964       1.619352298492e-10 
  965       1.609040946944e-10 
  966       1.598931716522e-10 
  967       1.589027075126e-10 
  968       1.579329501962e-10 
  969       1.569841487564e-10 
  970       1.560565533810e-10 
  971       1.551504153949e-10 
  972       1.542659872616e-10 
  973       1.534034692350e-10 
  974       1.525628484320e-10 
  975       1.517440573480e-10 
  976       1.509470269846e-10 
  977       1.501716868442e-10 
  978       1.494179649258e-10 
  979       1.486857877201e-10 
  980       1.479750802049e-10 
  981       1.472857658402e-10 
  982       1.466177665640e-10 
  983       1.459710027872e-10 
  984       1.453453933890e-10 
  985       1.447408557123e-10 
  986       1.441573055588e-10 
  987       1.435946571848e-10 
  988       1.430528232961e-10 
  989       1.425317150432e-10 
  990       1.420312420172e-10 
  991       1.415513122444e-10 
  992       1.410918321823e-10 
  993       1.406527067145e-10 
  994       1.402338391459e-10 
  995       1.398351311986e-10 
  996       1.394564830065e-10 
  997       1.390977931112e-10 
  998       1.387589584569e-10 
  999       1.384398743861e-10 
 1000       1.381404346347e-10 
 1001       1.378605313270e-10 
 1002       1.376000549719e-10 
 1003       1.373588944572e-10 
 1004       1.371369370456e-10 
 1005       1.369340683697e-10 
 1006       1.367501724277e-10 
 1007       1.365851315781e-10 
 1008       1.364388265354e-10 
 1009       1.363111363657e-10 
 1010       1.362019384812e-10 
 1011       1.361111086365e-10 
 1012       1.360384983821e-10 
 1013       1.359838670809e-10 
 1014       1.359469489014e-10 
 1015       1.359274752625e-10 
 1016       1.359251748260e-10 
 1017       1.359397734896e-10 
 1018       1.359709943792e-10 
 1019       1.360185578420e-10 
 1020       1.360821814386e-10 
 1021       1.361615799362e-10 
 1022       1.362564653013e-10 
 1023       1.363665466919e-10 
 1024       1.364915304506e-10 
 1025       1.366311200970e-10 
 1026       1.367850163206e-10 
 1027       1.369529169734e-10 
 1028       1.371345170627e-10 
 1029       1.373295087434e-10 
 1030       1.375375813111e-10 
 1031       1.377584211946e-10 
 1032       1.379917119485e-10 
 1033       1.382371342460e-10 
 1034       1.384943658717e-10 
 1035       1.387630817139e-10 
 1036       1.390429537577e-10 
 1037       1.393336510772e-10 
 1038       1.396348398289e-10 
 1039       1.399461832435e-10 
 1040       1.402673416193e-10 
 1041       1.405979723145e-10 
 1042       1.409377297400e-10 
 1043       1.412862653521e-10 
 1044       1.416432276450e-10 
 1045       1.420082621438e-10 
 1046       1.423810113968e-10 
 1047       1.427611149685e-10 
 1048       1.431482094321e-10 
 1049       1.435419283624e-10 
 1050       1.439419023280e-10 
 1051       1.443477744004e-10 
 1052       1.447592469302e-10 
 1053       1.451760354064e-10 
 1054       1.455978529939e-10 
 1055       1.460244105275e-10 
 1056       1.464554165068e-10 
 1057       1.468905770902e-10 
 1058       1.473295960893e-10 
 1059       1.477721749634e-10 
 1060       1.482180128137e-10 
 1061       1.486668063778e-10 
 1062       1.491182500241e-10 
 1063       1.495720357459e-10 
 1064       1.500278531560e-10 
 1065       1.504853894810e-10 
 1066       1.509443295558e-10 
 1067       1.514043558175e-10 
 1068       1.518651483004e-10 
 1069       1.523263846299e-10 
 1070       1.527877400171e-10 
 1071       1.532488872529e-10 
 1072       1.537094967027e-10 
 1073       1.541692363005e-10 
 1074       1.546277715435e-10 
 1075       1.550847654863e-10 
 1076       1.555398787350e-10 
 1077       1.559927694423e-10 
 1078       1.564430933011e-10 
 1079       1.568905035392e-10 
 1080       1.573346509139e-10 
 1081       1.577751837058e-10 
 1082       1.582117477136e-10 
 1083       1.586439862483e-10 
 1084       1.590715401276e-10 
 1085       1.594940476703e-10 
 1086       1.599111446906e-10 
 1087       1.603224644924e-10 
 1088       1.607276378638e-10 
 1089       1.611262930714e-10 
 1090       1.615180953351e-10 
 1091       1.619028658429e-10 
 1092       1.622804643203e-10 
 1093       1.626507496928e-10 
 1094       1.630135800844e-10 
 1095       1.633688128161e-10 
 1096       1.637163044039e-10 
 1097       1.640559105572e-10 
 1098       1.643874861776e-10 
 1099       1.647108853565e-10 
 1100       1.650259613742e-10 
 1101       1.653325666975e-10 
 1102       1.656305529789e-10 
 1103       1.659197710542e-10 
 1104       1.662000709411e-10 
 1105       1.664713018377e-10 
 1106       1.667333121208e-10 
 1107       1.669859493440e-10 
 1108       1.672290602363e-10 
 1109       1.674624907004e-10 
 1110       1.676860858110e-10 
 1111       1.678996898131e-10 
 1112       1.681031461204e-10 
 1113       1.682962973139e-10 
 1114       1.684789851397e-10 
 1115       1.686510505078e-10 
 1116       1.688123334903e-10 
 1117       1.689626733196e-10 
 1118       1.691019083870e-10 
 1119       1.692298762411e-10 
 1120       1.693464135856e-10 
 1121       1.694513562784e-10 
 1122       1.695445393294e-10 
 1123       1.696257968991e-10 
 1124       1.696949622967e-10 
 1125       1.697518679788e-10 
 1126       1.697963455476e-10 
 1127       1.698282257490e-10 
 1128       1.698473384712e-10 
 1129       1.698535510549e-10 
 1130       1.698468837688e-10 
 1131       1.698273958252e-10 
 1132       1.697951472061e-10 
 1133       1.697501986649e-10 
 1134       1.696926117285e-10 
 1135       1.696224486990e-10 
 1136       1.695397726560e-10 
 1137       1.694446474583e-10 
 1138       1.693371377459e-10 
 1139       1.692173089422e-10 
 1140       1.690852272555e-10 
 1141       1.689409596811e-10 
 1142       1.687845740037e-10 
 1143       1.686161387986e-10 
 1144       1.684357234342e-10 
 1145       1.682433980739e-10 
 1146       1.680392336776e-10 
 1147       1.678233020044e-10 
 1148       1.675956756139e-10 
 1149       1.673564278683e-10 
 1150       1.671056329346e-10 
 1151       1.668433657864e-10 
 1152       1.665697022056e-10 
 1153       1.662847187850e-10 
 1154       1.659884929294e-10 
 1155       1.656811028582e-10 
 1156       1.653626276072e-10 
 1157       1.650331470304e-10 
 1158       1.646927418021e-10 
 1159       1.643414934185e-10 
 1160       1.639794842005e-10 
 1161       1.636067972945e-10 
 1162       1.632235166753e-10 
 1163       1.628297271476e-10 
 1164       1.624255143481e-10 
 1165       1.620109647472e-10 
 1166       1.615861656514e-10 
 1167       1.611512052048e-10 
 1168       1.607061890565e-10 
 1169       1.602512905862e-10 
 1170       1.597867013107e-10 
 1171       1.593126142797e-10 
 1172       1.588292240784e-10 
 1173       1.583367268315e-10 
 1174       1.578353202067e-10 
 1175       1.573252034175e-10 
 1176       1.568065772272e-10 
 1177       1.562796439520e-10 
 1178       1.557446074647e-10 
 1179       1.552016731978e-10 
 1180       1.546510481470e-10 
 1181       1.540929408747e-10 
 1182       1.535275615136e-10 
 1183       1.529551217695e-10 
 1184       1.523758349254e-10 
 1185       1.517899158445e-10 
 1186       1.511975809739e-10 
 1187       1.505990483476e-10 
 1188       1.499945375904e-10 
 1189       1.493842699210e-10 
 1190       1.487684681554e-10 
 1191       1.481473567107e-10 
 1192       1.475211616078e-10 
 1193       1.468901104757e-10 
 1194       1.462544325542e-10 
 1195       1.456143586976e-10 
 1196       1.449701213781e-10 
 1197       1.443219546892e-10 
 1198       1.436700943493e-10 
 1199       1.430147777047e-10 
 1200       1.423562437332e-10 
 1201       1.416947330479e-10 
 1202       1.410304879001e-10 
 1203       1.403637521827e-10 
 1204       1.396947714341e-10 
 1205       1.390237928413e-10 
 1206       1.383510652431e-10 
 1207       1.376768288484e-10 
 1208       1.370012842462e-10 
 1209       1.363246230266e-10 
 1210       1.356470380355e-10 
 1211       1.349687233766e-10 
 1212       1.342898744144e-10 
 1213       1.336106877764e-10 
 1214       1.329313613560e-10 
 1215       1.322520943148e-10 
 1216       1.315730870855e-10 
 1217       1.308945413741e-10 
 1218       1.302166601625e-10 
 1219       1.295396477115e-10 
 1220       1.288637095628e-10 
 1221       1.281890525421e-10 
 1222       1.275158847611e-10 
 1223       1.268444156206e-10 
 1224       1.261748558127e-10 
 1225       1.255074173236e-10 
 1226       1.248423134361e-10 
 1227       1.241797587319e-10 
 1228       1.235199690948e-10 
 1229       1.228631617126e-10 
 1230       1.222095550800e-10 
 1231       1.215593690012e-10 
 1232       1.209128245923e-10 
 1233       1.202701442840e-10 
 1234       1.196315518242e-10 
 1235       1.189972722803e-10 
 1236       1.183675320422e-10 
 1237       1.177425588243e-10 
 1238       1.171225816688e-10 
 1239       1.165078309476e-10 
 1240       1.158985383652e-10 
 1241       1.152949369613e-10 
 1242       1.146972611130e-10 
 1243       1.141057465380e-10 
 1244       1.135206302966e-10 
 1245       1.129421507944e-10 
 1246       1.123705208181e-10 
 1247       1.118058462899e-10 
 1248       1.112482065648e-10 
 1249       1.106976813117e-10 
 1250       1.101543505138e-10 
 1251       1.096182944693e-10 
 1252       1.090895937915e-10 
 1253       1.085683294097e-10 
 1254       1.080545825695e-10 
 1255       1.075484348331e-10 
 1256       1.070499680802e-10 
 1257       1.065592645082e-10 
 1258       1.060764066327e-10 
 1259       1.056014772880e-10 
 1260       1.051345596278e-10 
 1261       1.046757371252e-10 
 1262       1.042250935739e-10 
 1263       1.037827130879e-10 
 1264       1.033486801025e-10 
 1265       1.029230793748e-10 
 1266       1.025059959837e-10 
 1267       1.020975153311e-10 
 1268       1.016977231418e-10 
 1269       1.013067054641e-10 
 1270       1.009245486706e-10 
 1271       1.005513394583e-10 
 1272       1.001871648494e-10 
 1273       9.983211219144e-11 
 1274       9.948626915813e-11 
 1275       9.914972374963e-11 
 1276       9.882256429312e-11 
 1277       9.850487944324e-11 
 1278       9.819675818261e-11 
 1279       9.789828982227e-11 
 1280       9.760956400223e-11 
 1281       9.733067069191e-11 
 1282       9.706170019063e-11 
 1283       9.680274312812e-11 
 1284       9.655389046497e-11 
 1285       9.631520768817e-11 
 1286       9.608665707531e-11 
 1287       9.586817454689e-11 
 1288       9.565969538968e-11 
 1289       9.546115425536e-11 
 1290       9.527248515910e-11 
 1291       9.509362147818e-11 
 1292       9.492449595062e-11 
 1293       9.476504067376e-11 
 1294       9.461518710291e-11 
 1295       9.447486604993e-11 
 1296       9.434400768185e-11 
 1297       9.422254151949e-11 
 1298       9.411039643608e-11 
 1299       9.400750065583e-11 
 1300       9.391378175261e-11 
 1301       9.382916664849e-11 
 1302       9.375358161240e-11 
 1303       9.368695225873e-11 
 1304       9.362920354595e-11 
 1305       9.358025977517e-11 
 1306       9.354004458885e-11 
 1307       9.350848096930e-11 
 1308       9.348549123740e-11 
 1309       9.347099705111e-11 
 1310       9.346491940417e-11 
 1311       9.346717862465e-11 
 1312       9.347769437360e-11 
 1313       9.349638564364e-11 
 1314       9.352317075757e-11 
 1315       9.355796736701e-11 
 1316       9.360069245099e-11 
 1317       9.365126231454e-11 
 1318       9.370959258736e-11 
 1319       9.377559822237e-11 
 1320       9.384919349439e-11 
 1321       9.393029199867e-11 
 1322       9.401880664956e-11 
 1323       9.411464967913e-11 
 1324       9.421772232896e-11 
 1325       9.432788380403e-11 
 1326       9.444498197321e-11 
 1327       9.456886364291e-11 
 1328       9.469937455493e-11 
 1329       9.483635938438e-11 
 1330       9.497966173758e-11 
 1331       9.512912415001e-11 
 1332       9.528458808414e-11 
 1333       9.544589392742e-11 
 1334       9.561288099012e-11 
 1335       9.578538750328e-11 
 1336       9.596325061660e-11 
 1337       9.614630639634e-11 
 1338       9.633438982323e-11 
 1339       9.652733479041e-11 
 1340       9.672497410128e-11 
 1341       9.692713946745e-11 
 1342       9.713366150663e-11 
 1343       9.734436974054e-11 
 1344       9.755909259282e-11 
 1345       9.777765738693e-11 
 1346       9.799989034406e-11 
 1347       9.822561658105e-11 
 1348       9.845466010825e-11 
 1349       9.868684382751e-11 
 1350       9.892198953001e-11 
 1351       9.915991789420e-11 
 1352       9.940044848369e-11 
 1353       9.964339974520e-11 
 1354       9.988858900641e-11 
 1355       1.001358324739e-10 
 1356       1.003849452311e-10 
 1357       1.006357412360e-10 
 1358       1.008880333194e-10 
 1359       1.011416331824e-10 
 1360       1.013963513948e-10 
 1361       1.016519973926e-10 
 1362       1.019083794759e-10 
 1363       1.021653135054e-10 
 1364       1.024226490975e-10 
 1365       1.026802437057e-10 
 1366       1.029379539466e-10 
 1367       1.031956355981e-10 
 1368       1.034531435983e-10 
 1369       1.037103320435e-10 
 1370       1.039670541868e-10 
 1371       1.042231624368e-10 
 1372       1.044785083557e-10 
 1373       1.047329426580e-10 
 1374       1.049863152091e-10 
 1375       1.052384750235e-10 
 1376       1.054892702631e-10 
 1377       1.057385482365e-10 
 1378       1.059861553963e-10 
 1379       1.062319373386e-10 
 1380       1.064757388008e-10 
 1381       1.067174036604e-10 
 1382       1.069567749333e-10 
 1383       1.071936947725e-10 
 1384       1.074280044663e-10 
 1385       1.076595444369e-10 
 1386       1.078881542388e-10 
 1387       1.081136725573e-10 
 1388       1.083359372071e-10 
 1389       1.085547851306e-10 
 1390       1.087700523965e-10 
 1391       1.089815741979e-10 
 1392       1.091891848515e-10 
 1393       1.093927177952e-10 
 1394       1.095920055873e-10 
 1395       1.097868799045e-10 
 1396       1.099771715406e-10 
 1397       1.101627104049e-10 
 1398       1.103433255206e-10 
 1399       1.105188450235e-10 
 1400       1.106890961600e-10 
 1401       1.108539052863e-10 
 1402       1.110131180211e-10 
 1403       1.111666599398e-10 
 1404       1.113144765107e-10 
 1405       1.114565129972e-10 
 1406       1.115927144572e-10 
 1407       1.117230257431e-10 
 1408       1.118473915015e-10 
 1409       1.119657561728e-10 
 1410       1.120780639908e-10 
 1411       1.121842589824e-10 
 1412       1.122842849678e-10 
 1413       1.123780855593e-10 
 1414       1.124656041619e-10 
 1415       1.125467839723e-10 
 1416       1.126215679791e-10 
 1417       1.126898989623e-10 
 1418       1.127517194927e-10 
 1419       1.128069719322e-10 
 1420       1.128555984330e-10 
 1421       1.128975409376e-10 
 1422       1.129327411784e-10 
 1423       1.129611406771e-10 
 1424       1.129826807450e-10 
 1425       1.129973024823e-10 
 1426       1.130049467777e-10 
 1427       1.130055543084e-10 
 1428       1.129990655398e-10 
 1429       1.129854207248e-10 
 1430       1.129645599039e-10 
 1431       1.129364229047e-10 
 1432       1.129009493418e-10 
 1433       1.128580786162e-10 
 1434       1.128077499152e-10 
 1435       1.127499022122e-10 
 1436       1.126844742659e-10 
 1437       1.126114046207e-10 
 1438       1.125306316060e-10 
 1439       1.124420933356e-10 
 1440       1.123457277083e-10 
 1441       1.122414913440e-10 
 1442       1.121294166072e-10 
 1443       1.120095551618e-10 
 1444       1.118819590875e-10 
 1445       1.117466808804e-10 
 1446       1.116037734536e-10 
 1447       1.114532901383e-10 
 1448       1.112952846843e-10 
 1449       1.111298112611e-10 
 1450       1.109569244584e-10 
 1451       1.107766792871e-10 
 1452       1.105891311799e-10 
 1453       1.103943359923e-10 
 1454       1.101923500033e-10 
 1455       1.099832299161e-10 
 1456       1.097670328591e-10 
 1457       1.095438163865e-10 
 1458       1.093136384791e-10 
 1459       1.090765575453e-10 
 1460       1.088326324216e-10 
 1461       1.085819223735e-10 
 1462       1.083244870967e-10 
 1463       1.080603867169e-10 
 1464       1.077896817918e-10 
 1465       1.075124333110e-10 
 1466       1.072287026970e-10 
 1467       1.069385518065e-10 
 1468       1.066420429302e-10 
 1469       1.063392387947e-10 
 1470       1.060302025624e-10 
 1471       1.057149978329e-10 
 1472       1.053936886433e-10 
 1473       1.050663394695e-10 
 1474       1.047330152266e-10 
 1475       1.043937812696e-10 
 1476       1.040487033949e-10 
 1477       1.036978478401e-10 
 1478       1.033412812856e-10 
 1479       1.029790708550e-10 
 1480       1.026112917925e-10 
 1481       1.022380505763e-10 
 1482       1.018594620353e-10 
 1483       1.014756416944e-10 
 1484       1.010867057756e-10 
 1485       1.006927711994e-10 
 1486       1.002939555860e-10 
 1487       9.989037725639e-11 
 1488       9.948215523361e-11 
 1489       9.906940924404e-11 
 1490       9.865225971853e-11 
 1491       9.823082779361e-11 
 1492       9.780523531276e-11 
 1493       9.737560482757e-11 
 1494       9.694205959896e-11 
 1495       9.650472359843e-11 
 1496       9.606372150920e-11 
 1497       9.561917872751e-11 
 1498       9.517122136376e-11 
 1499       9.471997624375e-11 
 1500       9.426557090990e-11 
 1501       9.380813362244e-11 
 1502       9.334779336064e-11 
 1503       9.288467982403e-11 
 1504       9.241892343358e-11 
 1505       9.195065533294e-11 
 1506       9.148000738963e-11 
 1507       9.100711219627e-11 
 1508       9.053210307179e-11 
 1509       9.005511406263e-11 
 1510       8.957627994398e-11 
 1511       8.909573622094e-11 
 1512       8.861361912977e-11 
 1513       8.813006563913e-11 
 1514       8.764521345120e-11 
 1515       8.715920100300e-11 
 1516       8.667216746752e-11 
 1517       8.618425275498e-11 
 1518       8.569559751401e-11 
 1519       8.520633721619e-11 
 1520       8.471658434483e-11 
 1521       8.422644603708e-11 
 1522       8.373602998597e-11 
 1523       8.324544444132e-11 
 1524       8.275479821060e-11 
 1525       8.226420065990e-11 
 1526       8.177376171480e-11 
 1527       8.128359186126e-11 
 1528       8.079380214656e-11 
 1529       8.030450418017e-11 
 1530       7.981581013470e-11 
 1531       7.932783274673e-11 
 1532       7.884068531779e-11 
 1533       7.835448171523e-11 
 1534       7.786933637314e-11 
 1535       7.738536429320e-11 
 1536       7.690268104567e-11 
 1537       7.642140277024e-11 
 1538       7.594164617693e-11 
 1539       7.546352854703e-11 
 1540       7.498716773398e-11 
 1541       7.451268216426e-11 
 1542       7.404019083834e-11 
 1543       7.356981333153e-11 
 1544       7.310166979495e-11 
 1545       7.263588095635e-11 
 1546       7.217256812110e-11 
 1547       7.171185317303e-11 
 1548       7.125385857538e-11 
 1549       7.079870737166e-11 
 1550       7.034652318659e-11 
 1551       6.989743022701e-11 
 1552       6.945155328273e-11 
 1553       6.900901772750e-11 
 1554       6.856994951988e-11 
 1555       6.813447520413e-11 
 1556       6.770272191118e-11 
 1557       6.727481735944e-11 
 1558       6.685087569421e-11 
 1559       6.643095485842e-11 
 1560       6.601509882342e-11 
 1561       6.560335171442e-11 
 1562       6.519575781071e-11 
 1563       6.479236154586e-11 
 1564       6.439320750790e-11 
 1565       6.399834043957e-11 
 1566       6.360780523849e-11 
 1567       6.322164695737e-11 
 1568       6.283991080423e-11 
 1569       6.246264214259e-11 
 1570       6.208988649168e-11 
 1571       6.172168952665e-11 
 1572       6.135809707876e-11 
 1573       6.099915513560e-11 
 1574       6.064490984128e-11 
 1575       6.029540749665e-11 
 1576       5.995069455950e-11 
 1577       5.961081764477e-11 
 1578       5.927582352472e-11 
 1579       5.894575912920e-11 
 1580       5.862067154577e-11 
 1581       5.830060802000e-11 
 1582       5.798561595560e-11 
 1583       5.767574291466e-11 
 1584       5.737103661783e-11 
 1585       5.707154494456e-11 
 1586       5.677731593328e-11 
 1587       5.648839778160e-11 
 1588       5.620483884653e-11 
 1589       5.592668764470e-11 
 1590       5.565399285251e-11 
 1591       5.538680330639e-11 
 1592       5.512516800298e-11 
 1593       5.486913609934e-11 
 1594       5.461875691315e-11 
 1595       5.437407992291e-11 
 1596       5.413515476818e-11 
 1597       5.390201774084e-11 
 1598       5.367465112339e-11 
 1599       5.345302347862e-11 
 1600       5.323710312424e-11 
 1601       5.302685813248e-11 
 1602       5.282225632962e-11 
 1603       5.262326529561e-11 
 1604       5.242985236360e-11 
 1605       5.224198461952e-11 
 1606       5.205962890167e-11 
 1607       5.188275180024e-11 
 1608       5.171131965693e-11 
 1609       5.154529856451e-11 
 1610       5.138465436635e-11 
 1611       5.122935265606e-11 
 1612       5.107935877698e-11 
 1613       5.093463782181e-11 
 1614       5.079515463215e-11 
 1615       5.066087379809e-11 
 1616       5.053175965775e-11 
 1617       5.040777629688e-11 
 1618       5.028888754841e-11 
 1619       5.017505699201e-11 
 1620       5.006624795371e-11 
 1621       4.996242350541e-11 
 1622       4.986354646448e-11 
 1623       4.976957939332e-11 
 1624       4.968048459895e-11 
 1625       4.959622413253e-11 
 1626       4.951675978900e-11 
 1627       4.944205310658e-11 
 1628       4.937206536639e-11 
 1629       4.930675759200e-11 
 1630       4.924609054899e-11 
 1631       4.919002474454e-11 
 1632       4.913852042698e-11 
 1633       4.909153758539e-11 
 1634       4.904903594911e-11 
 1635       4.901097498739e-11 
 1636       4.897730813411e-11 
 1637       4.894796540653e-11 
 1638       4.892287063030e-11 
 1639       4.890194719940e-11 
 1640       4.888511807548e-11 
 1641       4.887230578717e-11 
 1642       4.886343242938e-11 
 1643       4.885841966261e-11 
 1644       4.885718871227e-11 
 1645       4.885966036800e-11 
 1646       4.886575498295e-11 
 1647       4.887539247311e-11 
 1648       4.888849231663e-11 
 1649       4.890497355311e-11 
 1650       4.892475478294e-11 
 1651       4.894775416656e-11 
 1652       4.897388942382e-11 
 1653       4.900307783329e-11 
 1654       4.903523623152e-11 
 1655       4.907028101241e-11 
 1656       4.910812812648e-11 
 1657       4.914869308022e-11 
 1658       4.919189093534e-11 
 1659       4.923763630815e-11 
 1660       4.928584336883e-11 
 1661       4.933642584074e-11 
 1662       4.938929699974e-11 
 1663       4.944436967353e-11 
 1664       4.950155624088e-11 
 1665       4.956076863105e-11 
 1666       4.962191832300e-11 
 1667       4.968491634475e-11 
 1668       4.974967327272e-11 
 1669       4.981609923096e-11 
 1670       4.988410389052e-11 
 1671       4.995359646877e-11 
 1672       5.002448572867e-11 
 1673       5.009667997808e-11 
 1674       5.017008706913e-11 
 1675       5.024461797522e-11 
 1676       5.032019755784e-11 
 1677       5.039675389246e-11 
 1678       5.047421469876e-11 
 1679       5.055250734010e-11 
 1680       5.063155882296e-11 
 1681       5.071129579647e-11 
 1682       5.079164455177e-11 
 1683       5.087253102159e-11 
 1684       5.095388077962e-11 
 1685       5.103561904001e-11 
 1686       5.111767065685e-11 
 1687       5.119996012360e-11 
 1688       5.128241157259e-11 
 1689       5.136494877444e-11 
 1690       5.144749513757e-11 
 1691       5.152997370763e-11 
 1692       5.161230716698e-11 
 1693       5.169441783414e-11 
 1694       5.177622766327e-11 
 1695       5.185765824363e-11 
 1696       5.193863079904e-11 
 1697       5.201906618734e-11 
 1698       5.209888489984e-11 
 1699       5.217800706084e-11 
 1700       5.225635242703e-11 
 1701       5.233384038698e-11 
 1702       5.241038996060e-11 
 1703       5.248591979861e-11 
 1704       5.256034818201e-11 
 1705       5.263359302152e-11 
 1706       5.270557185707e-11 
 1707       5.277620185723e-11 
 1708       5.284539981871e-11 
 1709       5.291308216581e-11 
 1710       5.297916494988e-11 
 1711       5.304356384877e-11 
 1712       5.310619416633e-11 
 1713       5.316697083186e-11 
 1714       5.322581777262e-11 
 1715       5.328269612018e-11 
 1716       5.333757624378e-11 
 1717       5.339042839900e-11 
 1718       5.344122272761e-11 
 1719       5.348992925737e-11 
 1720       5.353651790192e-11 
 1721       5.358095846059e-11 
 1722       5.362322061829e-11 
 1723       5.366327394531e-11 
 1724       5.370108789722e-11 
 1725       5.373663181464e-11 
 1726       5.376987492316e-11 
 1727       5.380078633317e-11 
 1728       5.382933503965e-11 
 1729       5.385548992211e-11 
 1730       5.387921974435e-11 
 1731       5.390049315436e-11 
 1732       5.391927868415e-11 
 1733       5.393554474958e-11 
 1734       5.394925965025e-11 
 1735       5.396039156928e-11 
 1736       5.396890857322e-11 
 1737       5.397477861188e-11 
 1738       5.397796951815e-11 
 1739       5.397844900786e-11 
 1740       5.397618467963e-11 
 1741       5.397114401475e-11 
 1742       5.396329437694e-11 
 1743       5.395260301229e-11 
 1744       5.393903704905e-11 
 1745       5.392256349748e-11 
 1746       5.390314924973e-11 
 1747       5.388076107966e-11 
 1748       5.385536564268e-11 
 1749       5.382692947561e-11 
 1750       5.379541899652e-11 
 1751       5.376080050460e-11 
 1752       5.372304017997e-11 
 1753       5.368211316028e-11 
 1754       5.363803085370e-11 
 1755       5.359081385360e-11 
 1756       5.354048288272e-11 
 1757       5.348705879335e-11 
 1758       5.343056256758e-11 
 1759       5.337101531744e-11 
 1760       5.330843828511e-11 
 1761       5.324285284317e-11 
 1762       5.317428049476e-11 
 1763       5.310274287377e-11 
 1764       5.302826174506e-11 
 1765       5.295085900469e-11 
 1766       5.287055668006e-11 
 1767       5.278737693014e-11 
 1768       5.270134204568e-11 
 1769       5.261247444940e-11 
 1770       5.252079669620e-11 
 1771       5.242633147333e-11 
 1772       5.232910160063e-11 
 1773       5.222913003072e-11 
 1774       5.212643984918e-11 
 1775       5.202105427477e-11 
 1776       5.191299665962e-11 
 1777       5.180229048943e-11 
 1778       5.168895938371e-11 
 1779       5.157302709591e-11 
 1780       5.145451751368e-11 
 1781       5.133345465903e-11 
 1782       5.120986268856e-11 
 1783       5.108376589366e-11 
 1784       5.095518870067e-11 
 1785       5.082415567115e-11 
 1786       5.069069150200e-11 
 1787       5.055482102573e-11 
 1788       5.041656921063e-11 
 1789       5.027596116095e-11 
 1790       5.013302211716e-11 
 1791       4.998777745609e-11 
 1792       4.984025665379e-11 
 1793       4.969050520911e-11 
 1794       4.953857281784e-11 
 1795       4.938450941936e-11 
 1796       4.922836519689e-11 
 1797       4.907019057792e-11 
 1798       4.891003623449e-11 
 1799       4.874795308358e-11 
 1800       4.858399228748e-11 
 1801       4.841820525405e-11 
 1802       4.825064363718e-11 
 1803       4.808135933704e-11 
 1804       4.791040450052e-11 
 1805       4.773783152149e-11 
 1806       4.756369304120e-11 
 1807       4.738804194865e-11 
 1808       4.721093138086e-11 
 1809       4.703241472330e-11 
 1810       4.685254561020e-11 
 1811       4.667137792488e-11 
 1812       4.648896580016e-11 
 1813       4.630536361863e-11 
 1814       4.612062601307e-11 
 1815       4.593480786676e-11 
 1816       4.574796431381e-11 
 1817       4.556015073959e-11 
 1818       4.537142278096e-11 
 1819       4.518183632674e-11 
 1820       4.499144751795e-11 
 1821       4.480031274824e-11 
 1822       4.460848866420e-11 
 1823       4.441603216571e-11 
 1824       4.422300040631e-11 
 1825       4.402945079352e-11 
 1826       4.383544098921e-11 
 1827       4.364102890992e-11 
 1828       4.344627272727e-11 
 1829       4.325123086822e-11 
 1830       4.305596201551e-11 
 1831       4.286052282221e-11 
 1832       4.266496103505e-11 
 1833       4.246932231681e-11 
 1834       4.227365252742e-11 
 1835       4.207799772414e-11 
 1836       4.188240416186e-11 
 1837       4.168691829338e-11 
 1838       4.149158676966e-11 
 1839       4.129645644008e-11 
 1840       4.110157435273e-11 
 1841       4.090698775465e-11 
 1842       4.071274409212e-11 
 1843       4.051889101091e-11 
 1844       4.032547635656e-11 
 1845       4.013254817465e-11 
 1846       3.994015471103e-11 
 1847       3.974834441213e-11 
 1848       3.955716592522e-11 
 1849       3.936666809865e-11 
 1850       3.917689998216e-11 
 1851       3.898791082709e-11 
 1852       3.879975008670e-11 
 1853       3.861246741641e-11 
 1854       3.842611267407e-11 
 1855       3.824073592022e-11 
 1856       3.805638741840e-11 
 1857       3.787311763533e-11 
 1858       3.769097724127e-11 
 1859       3.751001711024e-11 
 1860       3.733028832028e-11 
 1861       3.715184215372e-11 
 1862       3.697473009750e-11 
 1863       3.679900384335e-11 
 1864       3.662471528811e-11 
 1865       3.645191653401e-11 
 1866       3.628065988888e-11 
 1867       3.611099786647e-11 
 1868       3.594298318670e-11 
 1869       3.577666877591e-11 
 1870       3.561210162818e-11 
 1871       3.544930433608e-11 
 1872       3.528829341592e-11 
 1873       3.512908543363e-11 
 1874       3.497169700482e-11 
 1875       3.481614479483e-11 
 1876       3.466244551883e-11 
 1877       3.451061594181e-11 
 1878       3.436067287868e-11 
 1879       3.421263319434e-11 
 1880       3.406651380367e-11 
 1881       3.392233167167e-11 
 1882       3.378010381344e-11 
 1883       3.363984729429e-11 
 1884       3.350157922978e-11 
 1885       3.336531678576e-11 
 1886       3.323107717845e-11 
 1887       3.309887767449e-11 
 1888       3.296873559097e-11 
 1889       3.284066829554e-11 
 1890       3.271469320641e-11 
 1891       3.259082779245e-11 
 1892       3.246908957320e-11 
 1893       3.234949611899e-11 
 1894       3.223206505093e-11 
 1895       3.211681404102e-11 
 1896       3.200376081215e-11 
 1897       3.189292313822e-11 
 1898       3.178431884416e-11 
 1899       3.167796580598e-11 
 1900       3.157388195083e-11 
 1901       3.147208525709e-11 
 1902       3.137259375439e-11 
 1903       3.127542552365e-11 
 1904       3.118059869721e-11 
 1905       3.108813145880e-11 
 1906       3.099804204365e-11 
 1907       3.091034873853e-11 
 1908       3.082506988180e-11 
 1909       3.074221795189e-11 
 1910       3.066178178297e-11 
 1911       3.058374421301e-11 
 1912       3.050808798292e-11 
 1913       3.043479573635e-11 
 1914       3.036385001962e-11 
 1915       3.029523328151e-11 
 1916       3.022892787317e-11 
 1917       3.016491604795e-11 
 1918       3.010317996132e-11 
 1919       3.004370167064e-11 
 1920       2.998646313510e-11 
 1921       2.993144621555e-11 
 1922       2.987863267437e-11 
 1923       2.982800417531e-11 
 1924       2.977954228340e-11 
 1925       2.973322846474e-11 
 1926       2.968904408643e-11 
 1927       2.964697041641e-11 
 1928       2.960698862329e-11 
 1929       2.956907977625e-11 
 1930       2.953322484489e-11 
 1931       2.949940469910e-11 
 1932       2.946760010889e-11 
 1933       2.943779174430e-11 
 1934       2.940996017521e-11 
 1935       2.938408587125e-11 
 1936       2.936014920163e-11 
 1937       2.933813043500e-11 
 1938       2.931800973935e-11 
 1939       2.929976718182e-11 
 1940       2.928338272859e-11 
 1941       2.926883624475e-11 
 1942       2.925610749413e-11 
 1943       2.924517613921e-11 
 1944       2.923602174092e-11 
 1945       2.922862375856e-11 
 1946       2.922296154962e-11 
 1947       2.921901436967e-11 
 1948       2.921675888670e-11 
 1949       2.921616170404e-11 
 1950       2.921718678102e-11 
 1951       2.921979791310e-11 
 1952       2.922395873169e-11 
 1953       2.922963270396e-11 
 1954       2.923678313253e-11 
 1955       2.924537315538e-11 
 1956       2.925536574550e-11 
 1957       2.926672371079e-11 
 1958       2.927940969377e-11 
 1959       2.929338617139e-11 
 1960       2.930861545480e-11 
 1961       2.932505968916e-11 
 1962       2.934268085338e-11 
 1963       2.936144075996e-11 
 1964       2.938130105471e-11 
 1965       2.940222321658e-11 
 1966       2.942416855743e-11 
 1967       2.944709822180e-11 
 1968       2.947097318672e-11 
 1969       2.949575426145e-11 
 1970       2.952140208732e-11 
 1971       2.954787713747e-11 
 1972       2.957513971663e-11 
 1973       2.960314996096e-11 
 1974       2.963186783774e-11 
 1975       2.966125314526e-11 
 1976       2.969126551250e-11 
 1977       2.972186439900e-11 
 1978       2.975300909459e-11 
 1979       2.978465871918e-11 
 1980       2.981677222256e-11 
 1981       2.984930838418e-11 
 1982       2.988222581292e-11 
 1983       2.991548294687e-11 
 1984       2.994903805316e-11 
 1985       2.998284922767e-11 
 1986       3.001687439487e-11 
 1987       3.005107303567e-11 
 1988       3.008541138548e-11 
 1989       3.011985727399e-11 
 1990       3.015437840043e-11 
 1991       3.018894233340e-11 
 1992       3.022351651067e-11 
 1993       3.025806823905e-11 
 1994       3.029256469421e-11 
 1995       3.032697292053e-11 
 1996       3.036125983092e-11 
 1997       3.039539220666e-11 
 1998       3.042933669724e-11 
 1999       3.046305982020e-11 
 2000       3.049652796093e-11 
 2001       3.052970737258e-11 
 2002       3.056256417580e-11 
 2003       3.059506435867e-11 
 2004       3.062717377647e-11 
 2005       3.065885815153e-11 
 2006       3.069008307309e-11 
 2007       3.072081399710e-11 
 2008       3.075101624608e-11 
 2009       3.078065500897e-11 
 2010       3.080969534090e-11 
 2011       3.083810216313e-11 
 2012       3.086584026277e-11 
 2013       3.089287429270e-11 
 2014       3.091916877138e-11 
 2015       3.094468808267e-11 
 2016       3.096939647570e-11 
 2017       3.099325806465e-11 
 2018       3.101623682864e-11 
 2019       3.103829661157e-11 
 2020       3.105940112188e-11 
 2021       3.107951393248e-11 
 2022       3.109859848053e-11 
 2023       3.111661806727e-11 
 2024       3.113353585789e-11 
 2025       3.114931488136e-11 
 2026       3.116392231910e-11 
 2027       3.117734240524e-11 
 2028       3.118956361926e-11 
 2029       3.120057440553e-11 
 2030       3.121036317329e-11 
 2031       3.121891829659e-11 
 2032       3.122622811425e-11 
 2033       3.123228092988e-11 
 2034       3.123706501173e-11 
 2035       3.124056859277e-11 
 2036       3.124277987057e-11 
 2037       3.124368700728e-11 
 2038       3.124327812962e-11 
 2039       3.124154132880e-11 
 2040       3.123846466050e-11 
 2041       3.123403614485e-11 
 2042       3.122824376635e-11 
 2043       3.122107547387e-11 
 2044       3.121251918058e-11 
 2045       3.120256276392e-11 
 2046       3.119119406559e-11 
 2047       3.117840089147e-11 
 2048       3.116417101158e-11 
 2049       3.114849216010e-11 
 2050       3.113135203525e-11 
 2051       3.111273829932e-11 
 2052       3.109263857857e-11 
 2053       3.107104046326e-11 
 2054       3.104793150754e-11 
 2055       3.102329922947e-11 
 2056       3.099713111092e-11 
 2057       3.096941459761e-11 
 2058       3.094013709900e-11 
 2059       3.090928598827e-11 
 2060       3.087684860232e-11 
 2061       3.084281224168e-11 
 2062       3.080716417048e-11 
 2063       3.076989161645e-11 
 2064       3.073098177083e-11 
 2065       3.069042591929e-11 
 2066       3.064823186672e-11 
 2067       3.060441160041e-11 
 2068       3.055897716723e-11 
 2069       3.051194067366e-11 
 2070       3.046331428593e-11 
 2071       3.041311023004e-11 
 2072       3.036134079186e-11 
 2073       3.030801831722e-11 
 2074       3.025315521196e-11 
 2075       3.019676394203e-11 
 2076       3.013885703356e-11 
 2077       3.007944707292e-11 
 2078       3.001854670684e-11 
 2079       2.995616864243e-11 
 2080       2.989232564730e-11 
 2081       2.982703054964e-11 
 2082       2.976029623824e-11 
 2083       2.969213566265e-11 
 2084       2.962256183320e-11 
 2085       2.955158782109e-11 
 2086       2.947922675847e-11 
 2087       2.940549183851e-11 
 2088       2.933039631550e-11 
 2089       2.925395350491e-11 
 2090       2.917617678346e-11 
 2091       2.909707958920e-11 
 2092       2.901667542161e-11 
 2093       2.893497784164e-11 
 2094       2.885200047182e-11 
 2095       2.876775699633e-11 
 2096       2.868226116106e-11 
 2097       2.859552677370e-11 
 2098       2.850756770382e-11 
 2099       2.841839788293e-11 
 2100       2.832803130459e-11 
 2101       2.823648202445e-11 
 2102       2.814376416036e-11 
 2103       2.804989189241e-11 
 2104       2.795488125544e-11 
 2105       2.785875552988e-11 
 2106       2.776153988852e-11 
 2107       2.766325960772e-11 
 2108       2.756394006745e-11 
 2109       2.746360675151e-11 
 2110       2.736228524757e-11 
 2111       2.726000124733e-11 
 2112       2.715678054668e-11 
 2113       2.705264904576e-11 
 2114       2.694763274914e-11 
 2115       2.684175776591e-11 
 2116       2.673505030983e-11 
 2117       2.662753669944e-11 
 2118       2.651924335820e-11 
 2119       2.641019681461e-11 
 2120       2.630042370231e-11 
 2121       2.618995076026e-11 
 2122       2.607880483281e-11 
 2123       2.596701286987e-11 
 2124       2.585460192699e-11 
 2125       2.574159916555e-11 
 2126       2.562803185282e-11 
 2127       2.551392736211e-11 
 2128       2.539931317292e-11 
 2129       2.528421687103e-11 
 2130       2.516866614865e-11 
 2131       2.505268880452e-11 
 2132       2.493631274406e-11 
 2133       2.481956597951e-11 
 2134       2.470247662999e-11 
 2135       2.458507292171e-11 
 2136       2.446738318803e-11 
 2137       2.434943586962e-11 
 2138       2.423125951457e-11 
 2139       2.411288277853e-11 
 2140       2.399433442482e-11 
 2141       2.387564332458e-11 
 2142       2.375683845685e-11 
 2143       2.363794784869e-11 
 2144       2.351899538719e-11 
 2145       2.340000398590e-11 
 2146       2.328099664301e-11 
 2147       2.316199644149e-11 
 2148       2.304302654913e-11 
 2149       2.292411021867e-11 
 2150       2.280527078789e-11 
 2151       2.268653167971e-11 
 2152       2.256791640230e-11 
 2153       2.244944854914e-11 
 2154       2.233115179916e-11 
 2155       2.221304991683e-11 
 2156       2.209516675224e-11 
 2157       2.197752624121e-11 
 2158       2.186015240537e-11 
 2159       2.174306935230e-11 
 2160       2.162630127559e-11 
 2161       2.150987245494e-11 
 2162       2.139380725629e-11 
 2163       2.127813013188e-11 
 2164       2.116286562037e-11 
 2165       2.104803834693e-11 
 2166       2.093367302333e-11 
 2167       2.081979444808e-11 
 2168       2.070642750646e-11 
 2169       2.059359717067e-11 
 2170       2.048132849991e-11 
 2171       2.036964664049e-11 
 2172       2.025857682591e-11 
 2173       2.014814437696e-11 
 2174       2.003837470184e-11 
 2175       1.992929329622e-11 
 2176       1.982092574339e-11 
 2177       1.971329771430e-11 
 2178       1.960643496770e-11 
 2179       1.950036335023e-11 
 2180       1.939510879651e-11 
 2181       1.929069732923e-11 
 2182       1.918715220958e-11 
 2183       1.908448536742e-11 
 2184       1.898270591380e-11 
 2185       1.888182298546e-11 
 2186       1.878184574484e-11 
 2187       1.868278338012e-11 
 2188       1.858464510526e-11 
 2189       1.848744015998e-11 
 2190       1.839117780983e-11 
 2191       1.829586734622e-11 
 2192       1.820151808641e-11 
 2193       1.810813937354e-11 
 2194       1.801574057670e-11 
 2195       1.792433109091e-11 
 2196       1.783392033716e-11 
 2197       1.774451776246e-11 
 2198       1.765613283983e-11 
 2199       1.756877506834e-11 
 2200       1.748245397313e-11 
 2201       1.739717910548e-11 
 2202       1.731296004276e-11 
 2203       1.722980638852e-11 
 2204       1.714772777249e-11 
 2205       1.706673385060e-11 
 2206       1.698683430503e-11 
 2207       1.690803884420e-11 
 2208       1.683035720285e-11 
 2209       1.675379914200e-11 
 2210       1.667837444904e-11 
 2211       1.660409293770e-11 
 2212       1.653096444813e-11 
 2213       1.645899884688e-11 
 2214       1.638820602695e-11 
 2215       1.631859590782e-11 
 2216       1.625017843545e-11 
 2217       1.618296358234e-11 
 2218       1.611696134754e-11 
 2219       1.605218175667e-11 
 2220       1.598863486195e-11 
 2221       1.592632793016e-11 
 2222       1.586525698610e-11 
 2223       1.580541521345e-11 
 2224       1.574679576169e-11 
 2225       1.568939174613e-11 
 2226       1.563319624783e-11 
 2227       1.557820231354e-11 
 2228       1.552440295570e-11 
 2229       1.547179115236e-11 
 2230       1.542035984718e-11 
 2231       1.537010194933e-11 
 2232       1.532101033350e-11 
 2233       1.527307783984e-11 
 2234       1.522629727392e-11 
 2235       1.518066140666e-11 
 2236       1.513616297433e-11 
 2237       1.509279467850e-11 
 2238       1.505054918597e-11 
 2239       1.500941912875e-11 
 2240       1.496939710402e-11 
 2241       1.493047567407e-11 
 2242       1.489264736627e-11 
 2243       1.485590467305e-11 
 2244       1.482024005180e-11 
 2245       1.478564592489e-11 
 2246       1.475211467959e-11 
 2247       1.471963866803e-11 
 2248       1.468821020719e-11 
 2249       1.465782157882e-11 
 2250       1.462846502940e-11 
 2251       1.460013277013e-11 
 2252       1.457281697686e-11 
 2253       1.454650979006e-11 
 2254       1.452120331475e-11 
 2255       1.449688962053e-11 
 2256       1.447356074144e-11 
 2257       1.445120867599e-11 
 2258       1.442982538709e-11 
 2259       1.440940280203e-11 
 2260       1.438993150131e-11 
 2261       1.437139677615e-11 
 2262       1.435378254538e-11 
 2263       1.433707266412e-11 
 2264       1.432125092374e-11 
 2265       1.430630105177e-11 
 2266       1.429220671182e-11 
 2267       1.427895150351e-11 
 2268       1.426651896241e-11 
 2269       1.425489255996e-11 
 2270       1.424405570337e-11 
 2271       1.423399173561e-11 
 2272       1.422468393526e-11 
 2273       1.421611551651e-11 
 2274       1.420826962904e-11 
 2275       1.420112935795e-11 
 2276       1.419467772371e-11 
 2277       1.418889768207e-11 
 2278       1.418377212400e-11 
 2279       1.417928387559e-11 
 2280       1.417541569800e-11 
 2281       1.417215028741e-11 
 2282       1.416947027488e-11 
 2283       1.416735822634e-11 
 2284       1.416579664250e-11 
 2285       1.416476795875e-11 
 2286       1.416425454511e-11 
 2287       1.416423870619e-11 
 2288       1.416470268103e-11 
 2289       1.416562864312e-11 
 2290       1.416699870026e-11 
 2291       1.416879489453e-11 
 2292       1.417099920220e-11 
 2293       1.417359353365e-11 
 2294       1.417655973330e-11 
 2295       1.417987957956e-11 
 2296       1.418353478473e-11 
 2297       1.418750699492e-11 
 2298       1.419177779001e-11 
 2299       1.419632926647e-11 
 2300       1.420114579006e-11 
 2301       1.420621225412e-11 
 2302       1.421151349768e-11 
 2303       1.421703430532e-11 
 2304       1.422275940717e-11 
 2305       1.422867347885e-11 
 2306       1.423476114135e-11 
 2307       1.424100696104e-11 
 2308       1.424739544958e-11 
 2309       1.425391106385e-11 
 2310       1.426053820591e-11 
 2311       1.426726122293e-11 
 2312       1.427406440715e-11 
 2313       1.428093199577e-11 
 2314       1.428784817095e-11 
 2315       1.429479705972e-11 
 2316       1.430176273392e-11 
 2317       1.430872921014e-11 
 2318       1.431568044967e-11 
 2319       1.432260035844e-11 
 2320       1.432947278694e-11 
 2321       1.433628153021e-11 
 2322       1.434301032770e-11 
 2323       1.434964286329e-11 
 2324       1.435616276518e-11 
 2325       1.436255360586e-11 
 2326       1.436879890202e-11 
 2327       1.437488211453e-11 
 2328       1.438078664834e-11 
 2329       1.438649585244e-11 
 2330       1.439199301981e-11 
 2331       1.439726138733e-11 
 2332       1.440228413577e-11 
 2333       1.440704438966e-11 
 2334       1.441152521730e-11 
 2335       1.441570963065e-11 
 2336       1.441958058531e-11 
 2337       1.442312098043e-11 
 2338       1.442631545604e-11 
 2339       1.442915579741e-11 
 2340       1.443163556444e-11 
 2341       1.443374829727e-11 
 2342       1.443548751633e-11 
 2343       1.443684672227e-11 
 2344       1.443781939596e-11 
 2345       1.443839899848e-11 
 2346       1.443857897107e-11 
 2347       1.443835273513e-11 
 2348       1.443771369220e-11 
 2349       1.443665522393e-11 
 2350       1.443517069208e-11 
 2351       1.443325343846e-11 
 2352       1.443089678497e-11 
 2353       1.442809403351e-11 
 2354       1.442483846601e-11 
 2355       1.442112334440e-11 
 2356       1.441694191057e-11 
 2357       1.441228738638e-11 
 2358       1.440715297361e-11 
 2359       1.440153185396e-11 
 2360       1.439541718903e-11 
 2361       1.438880212026e-11 
 2362       1.438167976899e-11 
 2363       1.437404323636e-11 
 2364       1.436588560332e-11 
 2365       1.435719993065e-11 
 2366       1.434797925885e-11 
 2367       1.433821660820e-11 
 2368       1.432790497871e-11 
 2369       1.431703735010e-11 
 2370       1.430560668177e-11 
 2371       1.429360591280e-11 
 2372       1.428102796192e-11 
 2373       1.426786572748e-11 
 2374       1.425411208746e-11 
 2375       1.423975989940e-11 
 2376       1.422480200043e-11 
 2377       1.420923304086e-11 
 2378       1.419305499740e-11 
 2379       1.417627169384e-11 
 2380       1.415888697057e-11 
 2381       1.414090468454e-11 
 2382       1.412232870933e-11 
 2383       1.410316293513e-11 
 2384       1.408341126879e-11 
 2385       1.406307763381e-11 
 2386       1.404216597038e-11 
 2387       1.402068023538e-11 
 2388       1.399862440243e-11 
 2389       1.397600246185e-11 
 2390       1.395281842076e-11 
 2391       1.392907630303e-11 
 2392       1.390478014933e-11 
 2393       1.387993401715e-11 
 2394       1.385454198079e-11 
 2395       1.382860813142e-11 
 2396       1.380213657707e-11 
 2397       1.377513144267e-11 
 2398       1.374759687003e-11 
 2399       1.371953701791e-11 
 2400       1.369095606200e-11 
 2401       1.366185819495e-11 
 2402       1.363224762640e-11 
 2403       1.360212858300e-11 
 2404       1.357150530838e-11 
 2405       1.354038206324e-11 
 2406       1.350876312532e-11 
 2407       1.347665278945e-11 
 2408       1.344405536753e-11 
 2409       1.341097518859e-11 
 2410       1.337741659877e-11 
 2411       1.334338396139e-11 
 2412       1.330888165691e-11 
 2413       1.327391408299e-11 
 2414       1.323848565448e-11 
 2415       1.320260080346e-11 
 2416       1.316626484992e-11 
 2417       1.312948661943e-11 
 2418       1.309227584139e-11 
 2419       1.305464227979e-11 
 2420       1.301659573329e-11 
 2421       1.297814603524e-11 
 2422       1.293930305373e-11 
 2423       1.290007669160e-11 
 2424       1.286047688652e-11 
 2425       1.282051361097e-11 
 2426       1.278019687232e-11 
 2427       1.273953671286e-11 
 2428       1.269854320982e-11 
 2429       1.265722647542e-11 
 2430       1.261559665690e-11 
 2431       1.257366393657e-11 
 2432       1.253143853182e-11 
 2433       1.248893069518e-11 
 2434       1.244615071435e-11 
 2435       1.240310891224e-11 
 2436       1.235981564700e-11 
 2437       1.231628131204e-11 
 2438       1.227251633612e-11 
 2439       1.222853118332e-11 
 2440       1.218433635313e-11 
 2441       1.213994238046e-11 
 2442       1.209535983567e-11 
 2443       1.205059932462e-11 
 2444       1.200567148874e-11 
 2445       1.196058700497e-11 
 2446       1.191535658591e-11 
 2447       1.186999097978e-11 
 2448       1.182450097049e-11 
 2449       1.177889737766e-11 
 2450       1.173319105667e-11 
 2451       1.168739289869e-11 
 2452       1.164151383071e-11 
 2453       1.159556481560e-11 
 2454       1.154955685210e-11 
 2455       1.150350071397e-11 
 2456       1.145740616535e-11 
 2457       1.141128274080e-11 
 2458       1.136514000577e-11 
 2459       1.131898755671e-11 
 2460       1.127283502106e-11 
 2461       1.122669205728e-11 
 2462       1.118056835492e-11 
 2463       1.113447363459e-11 
 2464       1.108841764805e-11 
 2465       1.104241017820e-11 
 2466       1.099646103915e-11 
 2467       1.095058007621e-11 
 2468       1.090477716594e-11 
 2469       1.085906221620e-11 
 2470       1.081344516615e-11 
 2471       1.076793598629e-11 
 2472       1.072254467850e-11 
 2473       1.067728127609e-11 
 2474       1.063215584378e-11 
 2475       1.058717847776e-11 
 2476       1.054235930574e-11 
 2477       1.049770848696e-11 
 2478       1.045323621221e-11 
 2479       1.040895270389e-11 
 2480       1.036486821603e-11 
 2481       1.032099303429e-11 
 2482       1.027733747606e-11 
 2483       1.023391189042e-11 
 2484       1.019072665822e-11 
 2485       1.014779219209e-11 
 2486       1.010511893647e-11 
 2487       1.006271736766e-11 
 2488       1.002059799381e-11 
 2489       9.978771355011e-12 
 2490       9.937248023281e-12 
 2491       9.896038602610e-12 
 2492       9.855153728992e-12 
 2493       9.814604070458e-12 
 2494       9.774394542471e-12 
 2495       9.734506916957e-12 
 2496       9.694917111234e-12 
 2497       9.655600963290e-12 
 2498       9.616534231709e-12 
 2499       9.577692595583e-12 
 2500       9.539051654438e-12 
