# dimensionless total [l(l+1)/2pi] C_l's
# for l=2 to 2500, i.e. number of multipoles equal to 2499
#
# -> if you prefer output in CAMB/HealPix/LensPix units/order, set 'format' to 'camb' in input file
# -> if you don't want to see such a header, set 'headers' to 'no' in input file
#
# 1:l     2:TT                 
    2       1.383669239517e-10 
    3       1.309362898502e-10 
    4       1.238769922649e-10 
    5       1.185668334018e-10 
    6       1.148989238884e-10 
    7       1.125562220332e-10 
    8       1.111479623679e-10 
    9       1.104642235160e-10 
   10       1.103217096991e-10 
   11       1.105795847390e-10 
   12       1.112021727376e-10 
   13       1.120501043438e-10 
   14       1.130511775322e-10 
   15       1.142369312079e-10 
   16       1.156078560610e-10 
   17       1.170354594670e-10 
   18       1.185689822582e-10 
   19       1.202234871648e-10 
   20       1.219282475939e-10 
   21       1.236958708538e-10 
   22       1.255327236275e-10 
   23       1.274284641322e-10 
   24       1.293497138129e-10 
   25       1.313114091510e-10 
   26       1.333267408336e-10 
   27       1.353909262234e-10 
   28       1.374846447747e-10 
   29       1.396133473817e-10 
   30       1.417783061320e-10 
   31       1.439703117210e-10 
   32       1.461922422429e-10 
   33       1.484422904900e-10 
   34       1.507124918382e-10 
   35       1.530087685238e-10 
   36       1.553362629173e-10 
   37       1.576950960343e-10 
   38       1.600867177574e-10 
   39       1.625084539510e-10 
   40       1.649509723351e-10 
   41       1.674030679925e-10 
   42       1.698694596554e-10 
   43       1.723576901295e-10 
   44       1.748729166363e-10 
   45       1.774180413534e-10 
   46       1.799948053698e-10 
   47       1.826025483946e-10 
   48       1.852375801824e-10 
   49       1.878929257867e-10 
   50       1.905612916611e-10 
   51       1.932455041289e-10 
   52       1.959504639721e-10 
   53       1.986800724950e-10 
   54       2.014371283469e-10 
   55       2.042234969030e-10 
   56       2.070409040531e-10 
   57       2.098901588835e-10 
   58       2.127708078513e-10 
   59       2.156810422255e-10 
   60       2.186176055290e-10 
   61       2.215771754567e-10 
   62       2.245610814961e-10 
   63       2.275714867996e-10 
   64       2.306099622813e-10 
   65       2.336774408425e-10 
   66       2.367741715977e-10 
   67       2.398996740993e-10 
   68       2.430533400564e-10 
   69       2.462364823890e-10 
   70       2.494506210418e-10 
   71       2.526968435382e-10 
   72       2.559757757650e-10 
   73       2.592875527580e-10 
   74       2.626317894878e-10 
   75       2.660075516452e-10 
   76       2.694138534968e-10 
   77       2.728513208453e-10 
   78       2.763207796500e-10 
   79       2.798227377503e-10 
   80       2.833573664589e-10 
   81       2.869244821558e-10 
   82       2.905235278812e-10 
   83       2.941535549296e-10 
   84       2.978136329563e-10 
   85       3.015041987343e-10 
   86       3.052258982848e-10 
   87       3.089791672050e-10 
   88       3.127642194629e-10 
   89       3.165810361930e-10 
   90       3.204293544919e-10 
   91       3.243086562131e-10 
   92       3.282181567632e-10 
   93       3.321570796023e-10 
   94       3.361255513101e-10 
   95       3.401238210480e-10 
   96       3.441519796637e-10 
   97       3.482099524077e-10 
   98       3.522974916509e-10 
   99       3.564141696019e-10 
  100       3.605593710241e-10 
  101       3.647322859532e-10 
  102       3.689319024140e-10 
  103       3.731569991380e-10 
  104       3.774064032658e-10 
  105       3.816798187860e-10 
  106       3.859770969500e-10 
  107       3.902979769626e-10 
  108       3.946420816105e-10 
  109       3.990089128920e-10 
  110       4.033978476460e-10 
  111       4.078081331812e-10 
  112       4.122388829050e-10 
  113       4.166890719533e-10 
  114       4.211575328191e-10 
  115       4.256429509817e-10 
  116       4.301440484369e-10 
  117       4.346601689455e-10 
  118       4.391907560632e-10 
  119       4.437351689268e-10 
  120       4.482926795447e-10 
  121       4.528624700874e-10 
  122       4.574436301782e-10 
  123       4.620351541836e-10 
  124       4.666359385037e-10 
  125       4.712447788631e-10 
  126       4.758603676013e-10 
  127       4.804812909629e-10 
  128       4.851060263887e-10 
  129       4.897330989441e-10 
  130       4.943615757626e-10 
  131       4.989906209755e-10 
  132       5.036193398810e-10 
  133       5.082467773728e-10 
  134       5.128719163697e-10 
  135       5.174936762452e-10 
  136       5.221109112559e-10 
  137       5.267224089719e-10 
  138       5.313268887049e-10 
  139       5.359229999387e-10 
  140       5.405093207572e-10 
  141       5.450843562747e-10 
  142       5.496465370648e-10 
  143       5.541942175895e-10 
  144       5.587258075686e-10 
  145       5.632401840005e-10 
  146       5.677363169640e-10 
  147       5.722131395268e-10 
  148       5.766695469384e-10 
  149       5.811043958236e-10 
  150       5.855165033757e-10 
  151       5.899046465497e-10 
  152       5.942675612559e-10 
  153       5.986039415530e-10 
  154       6.029124388412e-10 
  155       6.071916610559e-10 
  156       6.114401718608e-10 
  157       6.156564898411e-10 
  158       6.198390876970e-10 
  159       6.239863914369e-10 
  160       6.280967795705e-10 
  161       6.321686954193e-10 
  162       6.362009969006e-10 
  163       6.401926362783e-10 
  164       6.441425495434e-10 
  165       6.480496561283e-10 
  166       6.519128586204e-10 
  167       6.557310424760e-10 
  168       6.595030757335e-10 
  169       6.632278087277e-10 
  170       6.669040738033e-10 
  171       6.705306850287e-10 
  172       6.741064379094e-10 
  173       6.776301091025e-10 
  174       6.811004561294e-10 
  175       6.845162170906e-10 
  176       6.878761103786e-10 
  177       6.911788343920e-10 
  178       6.944230672493e-10 
  179       6.976074665023e-10 
  180       7.007307564237e-10 
  181       7.037919982255e-10 
  182       7.067903408199e-10 
  183       7.097249352120e-10 
  184       7.125949345361e-10 
  185       7.153994940921e-10 
  186       7.181377713818e-10 
  187       7.208089261451e-10 
  188       7.234121203960e-10 
  189       7.259465184595e-10 
  190       7.284112870074e-10 
  191       7.308055950949e-10 
  192       7.331286141967e-10 
  193       7.353795182431e-10 
  194       7.375574836569e-10 
  195       7.396616893889e-10 
  196       7.416913169550e-10 
  197       7.436455504717e-10 
  198       7.455235766930e-10 
  199       7.473245850464e-10 
  200       7.490477676692e-10 
  201       7.506923781819e-10 
  202       7.522579126113e-10 
  203       7.537439414757e-10 
  204       7.551500524184e-10 
  205       7.564758504174e-10 
  206       7.577209579949e-10 
  207       7.588850154280e-10 
  208       7.599676809579e-10 
  209       7.609686309999e-10 
  210       7.618875603538e-10 
  211       7.627241824128e-10 
  212       7.634782293745e-10 
  213       7.641494524501e-10 
  214       7.647376220742e-10 
  215       7.652425281152e-10 
  216       7.656639800849e-10 
  217       7.660018073484e-10 
  218       7.662558593337e-10 
  219       7.664260057423e-10 
  220       7.665121367583e-10 
  221       7.665141632589e-10 
  222       7.664320170239e-10 
  223       7.662656509457e-10 
  224       7.660150592772e-10 
  225       7.656803393868e-10 
  226       7.652616343803e-10 
  227       7.647591136767e-10 
  228       7.641729732650e-10 
  229       7.635034359625e-10 
  230       7.627507516718e-10 
  231       7.619151976390e-10 
  232       7.609970787107e-10 
  233       7.599967275919e-10 
  234       7.589145051038e-10 
  235       7.577508004408e-10 
  236       7.565060314287e-10 
  237       7.551806447820e-10 
  238       7.537751163615e-10 
  239       7.522899514319e-10 
  240       7.507256849195e-10 
  241       7.490828816698e-10 
  242       7.473621367048e-10 
  243       7.455640754811e-10 
  244       7.436893541469e-10 
  245       7.417386598002e-10 
  246       7.397127107460e-10 
  247       7.376122567539e-10 
  248       7.354380793158e-10 
  249       7.331909919037e-10 
  250       7.308718126434e-10 
  251       7.284812800568e-10 
  252       7.260201329566e-10 
  253       7.234891377957e-10 
  254       7.208890888726e-10 
  255       7.182208085356e-10 
  256       7.154851473880e-10 
  257       7.126829844930e-10 
  258       7.098152275783e-10 
  259       7.068828132411e-10 
  260       7.038867071529e-10 
  261       7.008279042645e-10 
  262       6.977074290106e-10 
  263       6.945263355147e-10 
  264       6.912857077942e-10 
  265       6.879866599648e-10 
  266       6.846303364458e-10 
  267       6.812179121647e-10 
  268       6.777505927620e-10 
  269       6.742296147962e-10 
  270       6.706562459486e-10 
  271       6.670317852280e-10 
  272       6.633575631759e-10 
  273       6.596349420709e-10 
  274       6.558653161339e-10 
  275       6.520501117327e-10 
  276       6.481907875871e-10 
  277       6.442888349734e-10 
  278       6.403457779297e-10 
  279       6.363630923356e-10 
  280       6.323419580911e-10 
  281       6.282834944978e-10 
  282       6.241888403066e-10 
  283       6.200591537984e-10 
  284       6.158956128639e-10 
  285       6.116994150843e-10 
  286       6.074717778110e-10 
  287       6.032139382462e-10 
  288       5.989271535230e-10 
  289       5.946127007857e-10 
  290       5.902718772699e-10 
  291       5.859060003829e-10 
  292       5.815164077838e-10 
  293       5.771044574638e-10 
  294       5.726715278263e-10 
  295       5.682190177675e-10 
  296       5.637483467560e-10 
  297       5.592609549137e-10 
  298       5.547583030956e-10 
  299       5.502418729702e-10 
  300       5.457131670995e-10 
  301       5.411737090198e-10 
  302       5.366250433211e-10 
  303       5.320687357282e-10 
  304       5.275063731803e-10 
  305       5.229395639113e-10 
  306       5.183699375305e-10 
  307       5.137991451022e-10 
  308       5.092288592264e-10 
  309       5.046607741189e-10 
  310       5.000966056914e-10 
  311       4.955380916318e-10 
  312       4.909868732072e-10 
  313       4.864441344472e-10 
  314       4.819109463751e-10 
  315       4.773883837119e-10 
  316       4.728775248102e-10 
  317       4.683794515898e-10 
  318       4.638952494724e-10 
  319       4.594260073162e-10 
  320       4.549728173513e-10 
  321       4.505367751140e-10 
  322       4.461189793824e-10 
  323       4.417205321105e-10 
  324       4.373425383638e-10 
  325       4.329861062537e-10 
  326       4.286523468727e-10 
  327       4.243423742291e-10 
  328       4.200573051820e-10 
  329       4.157982593760e-10 
  330       4.115663591765e-10 
  331       4.073627296041e-10 
  332       4.031884982698e-10 
  333       3.990447953097e-10 
  334       3.949327533204e-10 
  335       3.908535072929e-10 
  336       3.868081945487e-10 
  337       3.827979546735e-10 
  338       3.788239294531e-10 
  339       3.748872628076e-10 
  340       3.709891007267e-10 
  341       3.671305912044e-10 
  342       3.633128841739e-10 
  343       3.595371314425e-10 
  344       3.558044866266e-10 
  345       3.521161050865e-10 
  346       3.484731438611e-10 
  347       3.448767616033e-10 
  348       3.413281185143e-10 
  349       3.378282758886e-10 
  350       3.343778902743e-10 
  351       3.309775064816e-10 
  352       3.276276566633e-10 
  353       3.243288601513e-10 
  354       3.210816232929e-10 
  355       3.178864392868e-10 
  356       3.147437880197e-10 
  357       3.116541359023e-10 
  358       3.086179357059e-10 
  359       3.056356263982e-10 
  360       3.027076329800e-10 
  361       2.998343663212e-10 
  362       2.970162229972e-10 
  363       2.942535851252e-10 
  364       2.915468202003e-10 
  365       2.888962809317e-10 
  366       2.863023050795e-10 
  367       2.837652152904e-10 
  368       2.812853189340e-10 
  369       2.788629079396e-10 
  370       2.764982586318e-10 
  371       2.741916315671e-10 
  372       2.719432713704e-10 
  373       2.697534065706e-10 
  374       2.676222494375e-10 
  375       2.655499958180e-10 
  376       2.635368249718e-10 
  377       2.615828994084e-10 
  378       2.596883647229e-10 
  379       2.578533494324e-10 
  380       2.560779648124e-10 
  381       2.543623047328e-10 
  382       2.527064454944e-10 
  383       2.511104456650e-10 
  384       2.495743459159e-10 
  385       2.480981688578e-10 
  386       2.466819188773e-10 
  387       2.453255819735e-10 
  388       2.440291100091e-10 
  389       2.427923731522e-10 
  390       2.416152053345e-10 
  391       2.404974194997e-10 
  392       2.394388074273e-10 
  393       2.384391395563e-10 
  394       2.374981648095e-10 
  395       2.366156104169e-10 
  396       2.357911817402e-10 
  397       2.350245620957e-10 
  398       2.343154125793e-10 
  399       2.336633718896e-10 
  400       2.330680561519e-10 
  401       2.325290587424e-10 
  402       2.320459501118e-10 
  403       2.316182776092e-10 
  404       2.312455653062e-10 
  405       2.309273138203e-10 
  406       2.306630001393e-10 
  407       2.304520774450e-10 
  408       2.302939749368e-10 
  409       2.301880976560e-10 
  410       2.301338263095e-10 
  411       2.301305170935e-10 
  412       2.301775015176e-10 
  413       2.302740862288e-10 
  414       2.304195528350e-10 
  415       2.306131577291e-10 
  416       2.308541319129e-10 
  417       2.311416808209e-10 
  418       2.314749841442e-10 
  419       2.318531956544e-10 
  420       2.322754430274e-10 
  421       2.327408276675e-10 
  422       2.332484245309e-10 
  423       2.337972819499e-10 
  424       2.343864214567e-10 
  425       2.350148376072e-10 
  426       2.356814978050e-10 
  427       2.363854248234e-10 
  428       2.371259478243e-10 
  429       2.379024595330e-10 
  430       2.387143341908e-10 
  431       2.395609274320e-10 
  432       2.404415761633e-10 
  433       2.413555984410e-10 
  434       2.423022933498e-10 
  435       2.432809408807e-10 
  436       2.442908018092e-10 
  437       2.453311175737e-10 
  438       2.464011101532e-10 
  439       2.474999819460e-10 
  440       2.486269156476e-10 
  441       2.497810741289e-10 
  442       2.509616003144e-10 
  443       2.521676170604e-10 
  444       2.533982270331e-10 
  445       2.546525125871e-10 
  446       2.559295356430e-10 
  447       2.572283375660e-10 
  448       2.585479390440e-10 
  449       2.598873399659e-10 
  450       2.612455192993e-10 
  451       2.626214349694e-10 
  452       2.640140237364e-10 
  453       2.654222010744e-10 
  454       2.668448610490e-10 
  455       2.682808761959e-10 
  456       2.697290973987e-10 
  457       2.711883537676e-10 
  458       2.726574525169e-10 
  459       2.741351788438e-10 
  460       2.756202958061e-10 
  461       2.771115442008e-10 
  462       2.786076424419e-10 
  463       2.801072864389e-10 
  464       2.816091494747e-10 
  465       2.831118820839e-10 
  466       2.846142530021e-10 
  467       2.861155771009e-10 
  468       2.876153005641e-10 
  469       2.891128609800e-10 
  470       2.906076872967e-10 
  471       2.920991997789e-10 
  472       2.935868099631e-10 
  473       2.950699206143e-10 
  474       2.965479256811e-10 
  475       2.980202102525e-10 
  476       2.994861505134e-10 
  477       3.009451137008e-10 
  478       3.023964580593e-10 
  479       3.038395327979e-10 
  480       3.052736780450e-10 
  481       3.066982248052e-10 
  482       3.081124949148e-10 
  483       3.095158009978e-10 
  484       3.109074464220e-10 
  485       3.122867252550e-10 
  486       3.136529222200e-10 
  487       3.150053126518e-10 
  488       3.163431624529e-10 
  489       3.176657280493e-10 
  490       3.189722563466e-10 
  491       3.202619846860e-10 
  492       3.215341408000e-10 
  493       3.227879427687e-10 
  494       3.240225989755e-10 
  495       3.252373080633e-10 
  496       3.264312588901e-10 
  497       3.276036304856e-10 
  498       3.287535920065e-10 
  499       3.298803026929e-10 
  500       3.309829118238e-10 
  501       3.320605586739e-10 
  502       3.331123724686e-10 
  503       3.341374723407e-10 
  504       3.351349672859e-10 
  505       3.361040858210e-10 
  506       3.370445691553e-10 
  507       3.379562892593e-10 
  508       3.388391202038e-10 
  509       3.396929381769e-10 
  510       3.405176215006e-10 
  511       3.413130506479e-10 
  512       3.420791082599e-10 
  513       3.428156791621e-10 
  514       3.435226503818e-10 
  515       3.441999111646e-10 
  516       3.448473529916e-10 
  517       3.454648695961e-10 
  518       3.460523569804e-10 
  519       3.466097134328e-10 
  520       3.471368395445e-10 
  521       3.476336382265e-10 
  522       3.481000147262e-10 
  523       3.485358766448e-10 
  524       3.489411339534e-10 
  525       3.493156990108e-10 
  526       3.496594865796e-10 
  527       3.499724138435e-10 
  528       3.502544004241e-10 
  529       3.505053683976e-10 
  530       3.507252423120e-10 
  531       3.509139492037e-10 
  532       3.510714186145e-10 
  533       3.511975826083e-10 
  534       3.512923757883e-10 
  535       3.513557353137e-10 
  536       3.513876009164e-10 
  537       3.513879149182e-10 
  538       3.513566222476e-10 
  539       3.512936704563e-10 
  540       3.511990097367e-10 
  541       3.510725929383e-10 
  542       3.509143755848e-10 
  543       3.507243158909e-10 
  544       3.505024349902e-10 
  545       3.502489993573e-10 
  546       3.499643433004e-10 
  547       3.496488092332e-10 
  548       3.493027477159e-10 
  549       3.489265174967e-10 
  550       3.485204855529e-10 
  551       3.480850271323e-10 
  552       3.476205257941e-10 
  553       3.471273734504e-10 
  554       3.466059704076e-10 
  555       3.460567254074e-10 
  556       3.454800556680e-10 
  557       3.448763869255e-10 
  558       3.442461534752e-10 
  559       3.435897982126e-10 
  560       3.429077726749e-10 
  561       3.422005370822e-10 
  562       3.414685603786e-10 
  563       3.407123202735e-10 
  564       3.399323032830e-10 
  565       3.391290047709e-10 
  566       3.383029289903e-10 
  567       3.374545891243e-10 
  568       3.365845073279e-10 
  569       3.356932147688e-10 
  570       3.347812516686e-10 
  571       3.338491673444e-10 
  572       3.328975202499e-10 
  573       3.319268780164e-10 
  574       3.309378174945e-10 
  575       3.299309247950e-10 
  576       3.289067953301e-10 
  577       3.278660338550e-10 
  578       3.268092545089e-10 
  579       3.257370808561e-10 
  580       3.246501459278e-10 
  581       3.235490922627e-10 
  582       3.224345719485e-10 
  583       3.213072201403e-10 
  584       3.201675748041e-10 
  585       3.190161550497e-10 
  586       3.178534875041e-10 
  587       3.166801063435e-10 
  588       3.154965533249e-10 
  589       3.143033778184e-10 
  590       3.131011368387e-10 
  591       3.118903950775e-10 
  592       3.106717249347e-10 
  593       3.094457065511e-10 
  594       3.082129278395e-10 
  595       3.069739845175e-10 
  596       3.057294801383e-10 
  597       3.044800261238e-10 
  598       3.032262417953e-10 
  599       3.019687544065e-10 
  600       3.007081991746e-10 
  601       2.994452193125e-10 
  602       2.981804660608e-10 
  603       2.969145987195e-10 
  604       2.956482846801e-10 
  605       2.943821994572e-10 
  606       2.931170267207e-10 
  607       2.918534583277e-10 
  608       2.905921943539e-10 
  609       2.893339431263e-10 
  610       2.880794212545e-10 
  611       2.868293536627e-10 
  612       2.855844736217e-10 
  613       2.843455227809e-10 
  614       2.831132512000e-10 
  615       2.818884173810e-10 
  616       2.806717882999e-10 
  617       2.794641394391e-10 
  618       2.782662548185e-10 
  619       2.770789270283e-10 
  620       2.759029572604e-10 
  621       2.747391553400e-10 
  622       2.735882577970e-10 
  623       2.724506799052e-10 
  624       2.713267578972e-10 
  625       2.702168304062e-10 
  626       2.691212384727e-10 
  627       2.680403255512e-10 
  628       2.669744375163e-10 
  629       2.659239226693e-10 
  630       2.648891317450e-10 
  631       2.638704179181e-10 
  632       2.628681368095e-10 
  633       2.618826464930e-10 
  634       2.609143075018e-10 
  635       2.599634828352e-10 
  636       2.590305379647e-10 
  637       2.581158408408e-10 
  638       2.572197618995e-10 
  639       2.563426740689e-10 
  640       2.554849527753e-10 
  641       2.546469759504e-10 
  642       2.538291240371e-10 
  643       2.530317799965e-10 
  644       2.522553293144e-10 
  645       2.515001600075e-10 
  646       2.507666626300e-10 
  647       2.500552302807e-10 
  648       2.493662586085e-10 
  649       2.487001458197e-10 
  650       2.480572926844e-10 
  651       2.474381025428e-10 
  652       2.468429813116e-10 
  653       2.462723374910e-10 
  654       2.457265821708e-10 
  655       2.452061290373e-10 
  656       2.447113943792e-10 
  657       2.442427970948e-10 
  658       2.438007586982e-10 
  659       2.433857033257e-10 
  660       2.429980577424e-10 
  661       2.426381697973e-10 
  662       2.423060618003e-10 
  663       2.420016717191e-10 
  664       2.417249342232e-10 
  665       2.414757806678e-10 
  666       2.412541390778e-10 
  667       2.410599341323e-10 
  668       2.408930871484e-10 
  669       2.407535160657e-10 
  670       2.406411354301e-10 
  671       2.405558563782e-10 
  672       2.404975866214e-10 
  673       2.404662304300e-10 
  674       2.404616886173e-10 
  675       2.404838585240e-10 
  676       2.405326340021e-10 
  677       2.406079053992e-10 
  678       2.407095595424e-10 
  679       2.408374797230e-10 
  680       2.409915456801e-10 
  681       2.411716335848e-10 
  682       2.413776160248e-10 
  683       2.416093619882e-10 
  684       2.418667368476e-10 
  685       2.421496023443e-10 
  686       2.424578165729e-10 
  687       2.427912339647e-10 
  688       2.431497052724e-10 
  689       2.435330775541e-10 
  690       2.439411941572e-10 
  691       2.443738947032e-10 
  692       2.448310150711e-10 
  693       2.453123873820e-10 
  694       2.458178399833e-10 
  695       2.463471974324e-10 
  696       2.469002804814e-10 
  697       2.474769060610e-10 
  698       2.480768872646e-10 
  699       2.487000333324e-10 
  700       2.493461173936e-10 
  701       2.500147789867e-10 
  702       2.507056194772e-10 
  703       2.514182340919e-10 
  704       2.521522118958e-10 
  705       2.529071357679e-10 
  706       2.536825823775e-10 
  707       2.544781221608e-10 
  708       2.552933192968e-10 
  709       2.561277316835e-10 
  710       2.569809109149e-10 
  711       2.578524022562e-10 
  712       2.587417446209e-10 
  713       2.596484705467e-10 
  714       2.605721061719e-10 
  715       2.615121712116e-10 
  716       2.624681789340e-10 
  717       2.634396361365e-10 
  718       2.644260431224e-10 
  719       2.654268936766e-10 
  720       2.664416750423e-10 
  721       2.674698678973e-10 
  722       2.685109463297e-10 
  723       2.695643778150e-10 
  724       2.706296231915e-10 
  725       2.717061366374e-10 
  726       2.727933656463e-10 
  727       2.738907510043e-10 
  728       2.749977267652e-10 
  729       2.761137202280e-10 
  730       2.772381519122e-10 
  731       2.783704355343e-10 
  732       2.795099779845e-10 
  733       2.806561793025e-10 
  734       2.818084326539e-10 
  735       2.829661243064e-10 
  736       2.841286336064e-10 
  737       2.852953329548e-10 
  738       2.864655877836e-10 
  739       2.876387876582e-10 
  740       2.888144403057e-10 
  741       2.899920793954e-10 
  742       2.911712335641e-10 
  743       2.923514263990e-10 
  744       2.935321764207e-10 
  745       2.947129970667e-10 
  746       2.958933966740e-10 
  747       2.970728784626e-10 
  748       2.982509405184e-10 
  749       2.994270757764e-10 
  750       3.006007720035e-10 
  751       3.017715117822e-10 
  752       3.029387724931e-10 
  753       3.041020262982e-10 
  754       3.052607401241e-10 
  755       3.064143756452e-10 
  756       3.075623892665e-10 
  757       3.087042321066e-10 
  758       3.098393499814e-10 
  759       3.109671833866e-10 
  760       3.120871674811e-10 
  761       3.131987320701e-10 
  762       3.143013015880e-10 
  763       3.153942950816e-10 
  764       3.164771261933e-10 
  765       3.175492031442e-10 
  766       3.186099287169e-10 
  767       3.196587002390e-10 
  768       3.206949095659e-10 
  769       3.217179430641e-10 
  770       3.227271815942e-10 
  771       3.237220004940e-10 
  772       3.247017695615e-10 
  773       3.256658530382e-10 
  774       3.266136095923e-10 
  775       3.275443923012e-10 
  776       3.284575486353e-10 
  777       3.293524204407e-10 
  778       3.302284149017e-10 
  779       3.310852189212e-10 
  780       3.319225887268e-10 
  781       3.327402792535e-10 
  782       3.335380441403e-10 
  783       3.343156357274e-10 
  784       3.350728050539e-10 
  785       3.358093018543e-10 
  786       3.365248745560e-10 
  787       3.372192702763e-10 
  788       3.378922348196e-10 
  789       3.385435126747e-10 
  790       3.391728470118e-10 
  791       3.397799796796e-10 
  792       3.403646512026e-10 
  793       3.409266007781e-10 
  794       3.414655662736e-10 
  795       3.419812842235e-10 
  796       3.424734898268e-10 
  797       3.429419169440e-10 
  798       3.433862980941e-10 
  799       3.438063644518e-10 
  800       3.442018458452e-10 
  801       3.445724707519e-10 
  802       3.449179662973e-10 
  803       3.452380582509e-10 
  804       3.455324710237e-10 
  805       3.458009276657e-10 
  806       3.460431498626e-10 
  807       3.462588579331e-10 
  808       3.464477708261e-10 
  809       3.466096061178e-10 
  810       3.467440800089e-10 
  811       3.468509073217e-10 
  812       3.469298014974e-10 
  813       3.469804745929e-10 
  814       3.470026372785e-10 
  815       3.469959988344e-10 
  816       3.469602671484e-10 
  817       3.468952155387e-10 
  818       3.468008845376e-10 
  819       3.466773837066e-10 
  820       3.465248251459e-10 
  821       3.463433235040e-10 
  822       3.461329959865e-10 
  823       3.458939623654e-10 
  824       3.456263449883e-10 
  825       3.453302687874e-10 
  826       3.450058612887e-10 
  827       3.446532526213e-10 
  828       3.442725755264e-10 
  829       3.438639653665e-10 
  830       3.434275601345e-10 
  831       3.429635004628e-10 
  832       3.424719296327e-10 
  833       3.419529935835e-10 
  834       3.414068409212e-10 
  835       3.408336229282e-10 
  836       3.402334935724e-10 
  837       3.396066095159e-10 
  838       3.389531301247e-10 
  839       3.382732174774e-10 
  840       3.375670363747e-10 
  841       3.368347543483e-10 
  842       3.360765416704e-10 
  843       3.352925713623e-10 
  844       3.344830192040e-10 
  845       3.336480637433e-10 
  846       3.327878863048e-10 
  847       3.319026709990e-10 
  848       3.309926047317e-10 
  849       3.300578772130e-10 
  850       3.290986809666e-10 
  851       3.281152113385e-10 
  852       3.271076665067e-10 
  853       3.260762474902e-10 
  854       3.250211581580e-10 
  855       3.239426052381e-10 
  856       3.228408244206e-10 
  857       3.217161591333e-10 
  858       3.205689831274e-10 
  859       3.193996745189e-10 
  860       3.182086158024e-10 
  861       3.169961938641e-10 
  862       3.157627999957e-10 
  863       3.145088299073e-10 
  864       3.132346837412e-10 
  865       3.119407660853e-10 
  866       3.106274859862e-10 
  867       3.092952569632e-10 
  868       3.079444970210e-10 
  869       3.065756286636e-10 
  870       3.051890789077e-10 
  871       3.037852792961e-10 
  872       3.023646659106e-10 
  873       3.009276793865e-10 
  874       2.994747649248e-10 
  875       2.980063723066e-10 
  876       2.965229559060e-10 
  877       2.950249747035e-10 
  878       2.935128922999e-10 
  879       2.919871769290e-10 
  880       2.904483014717e-10 
  881       2.888967434690e-10 
  882       2.873329851354e-10 
  883       2.857575133728e-10 
  884       2.841708197834e-10 
  885       2.825734006832e-10 
  886       2.809657571157e-10 
  887       2.793483948651e-10 
  888       2.777218244697e-10 
  889       2.760865612354e-10 
  890       2.744431252491e-10 
  891       2.727920413923e-10 
  892       2.711338393540e-10 
  893       2.694690536448e-10 
  894       2.677982236098e-10 
  895       2.661218689493e-10 
  896       2.644404158151e-10 
  897       2.627542695356e-10 
  898       2.610638390083e-10 
  899       2.593695367105e-10 
  900       2.576717787085e-10 
  901       2.559709846676e-10 
  902       2.542675778616e-10 
  903       2.525619851828e-10 
  904       2.508546371517e-10 
  905       2.491459679267e-10 
  906       2.474364153140e-10 
  907       2.457264207769e-10 
  908       2.440164294462e-10 
  909       2.423068901296e-10 
  910       2.405982553214e-10 
  911       2.388909812124e-10 
  912       2.371855276996e-10 
  913       2.354823583960e-10 
  914       2.337819406402e-10 
  915       2.320847455065e-10 
  916       2.303912478143e-10 
  917       2.287019261378e-10 
  918       2.270172628163e-10 
  919       2.253377439633e-10 
  920       2.236638594767e-10 
  921       2.219961030483e-10 
  922       2.203349721737e-10 
  923       2.186809681621e-10 
  924       2.170345961459e-10 
  925       2.153963650904e-10 
  926       2.137667878039e-10 
  927       2.121463809470e-10 
  928       2.105356650427e-10 
  929       2.089351644862e-10 
  930       2.073454075542e-10 
  931       2.057669264151e-10 
  932       2.042002571386e-10 
  933       2.026459397054e-10 
  934       2.011044621252e-10 
  935       1.995760918122e-10 
  936       1.980610415928e-10 
  937       1.965595253602e-10 
  938       1.950717580766e-10 
  939       1.935979557752e-10 
  940       1.921383355625e-10 
  941       1.906931156200e-10 
  942       1.892625152069e-10 
  943       1.878467546613e-10 
  944       1.864460554032e-10 
  945       1.850606399357e-10 
  946       1.836907318478e-10 
  947       1.823365558161e-10 
  948       1.809983376070e-10 
  949       1.796763040786e-10 
  950       1.783706831829e-10 
  951       1.770817039681e-10 
  952       1.758095965801e-10 
  953       1.745545922652e-10 
  954       1.733169233718e-10 
  955       1.720968233527e-10 
  956       1.708945267667e-10 
  957       1.697102692814e-10 
  958       1.685442876747e-10 
  959       1.673968198371e-10 
  960       1.662681047739e-10 
  961       1.651583826067e-10 
  962       1.640678945765e-10 
  963       1.629968830446e-10 
  964       1.619455914956e-10 
  965       1.609142645389e-10 
  966       1.599031479113e-10 
  967       1.589124884784e-10 
  968       1.579425342373e-10 
  969       1.569935343182e-10 
  970       1.560657389870e-10 
  971       1.551593996467e-10 
  972       1.542747688402e-10 
  973       1.534120468999e-10 
  974       1.525712210180e-10 
  975       1.517522237647e-10 
  976       1.509549862168e-10 
  977       1.501794379528e-10 
  978       1.494255070484e-10 
  979       1.486931200716e-10 
  980       1.479822020781e-10 
  981       1.472926766066e-10 
  982       1.466244656741e-10 
  983       1.459774897716e-10 
  984       1.453516678586e-10 
  985       1.447469173593e-10 
  986       1.441631541574e-10 
  987       1.436002925914e-10 
  988       1.430582454503e-10 
  989       1.425369239685e-10 
  990       1.420362378214e-10 
  991       1.415560951205e-10 
  992       1.410964024091e-10 
  993       1.406570646570e-10 
  994       1.402379852566e-10 
  995       1.398390660174e-10 
  996       1.394602071619e-10 
  997       1.391013073207e-10 
  998       1.387622635279e-10 
  999       1.384429712164e-10 
 1000       1.381433242131e-10 
 1001       1.378632147343e-10 
 1002       1.376025333811e-10 
 1003       1.373611691347e-10 
 1004       1.371390093515e-10 
 1005       1.369359397588e-10 
 1006       1.367518444496e-10 
 1007       1.365866058787e-10 
 1008       1.364401048570e-10 
 1009       1.363122205478e-10 
 1010       1.362028304614e-10 
 1011       1.361118104509e-10 
 1012       1.360390121562e-10 
 1013       1.359841949906e-10 
 1014       1.359470931631e-10 
 1015       1.359274381333e-10 
 1016       1.359249586043e-10 
 1017       1.359393805148e-10 
 1018       1.359704270324e-10 
 1019       1.360178185458e-10 
 1020       1.360812726578e-10 
 1021       1.361605041777e-10 
 1022       1.362552251142e-10 
 1023       1.363651446682e-10 
 1024       1.364899692250e-10 
 1025       1.366294023474e-10 
 1026       1.367831447683e-10 
 1027       1.369508943832e-10 
 1028       1.371323462431e-10 
 1029       1.373271925470e-10 
 1030       1.375351226348e-10 
 1031       1.377558229797e-10 
 1032       1.379889771812e-10 
 1033       1.382342659574e-10 
 1034       1.384913671380e-10 
 1035       1.387599556568e-10 
 1036       1.390397035446e-10 
 1037       1.393302799215e-10 
 1038       1.396313509899e-10 
 1039       1.399425800272e-10 
 1040       1.402636273781e-10 
 1041       1.405941504478e-10 
 1042       1.409338036942e-10 
 1043       1.412822386210e-10 
 1044       1.416391037700e-10 
 1045       1.420040447140e-10 
 1046       1.423767040496e-10 
 1047       1.427567213894e-10 
 1048       1.431437333553e-10 
 1049       1.435373735708e-10 
 1050       1.439372726535e-10 
 1051       1.443430737137e-10 
 1052       1.447544790987e-10 
 1053       1.451712042833e-10 
 1054       1.455929624180e-10 
 1055       1.460194643231e-10 
 1056       1.464504184834e-10 
 1057       1.468855310422e-10 
 1058       1.473245057958e-10 
 1059       1.477670441879e-10 
 1060       1.482128453040e-10 
 1061       1.486616058657e-10 
 1062       1.491130202249e-10 
 1063       1.495667803586e-10 
 1064       1.500225758628e-10 
 1065       1.504800939470e-10 
 1066       1.509390194289e-10 
 1067       1.513990347281e-10 
 1068       1.518598198612e-10 
 1069       1.523210524355e-10 
 1070       1.527824076438e-10 
 1071       1.532435582586e-10 
 1072       1.537041746266e-10 
 1073       1.541639246628e-10 
 1074       1.546224738450e-10 
 1075       1.550794852083e-10 
 1076       1.555346193393e-10 
 1077       1.559875343704e-10 
 1078       1.564378859743e-10 
 1079       1.568853273585e-10 
 1080       1.573295092592e-10 
 1081       1.577700799362e-10 
 1082       1.582066851668e-10 
 1083       1.586389682404e-10 
 1084       1.590665699531e-10 
 1085       1.594891286015e-10 
 1086       1.599062799774e-10 
 1087       1.603176573623e-10 
 1088       1.607228915213e-10 
 1089       1.611216106980e-10 
 1090       1.615134800840e-10 
 1091       1.618983208197e-10 
 1092       1.622759925775e-10 
 1093       1.626463542296e-10 
 1094       1.630092638461e-10 
 1095       1.633645786934e-10 
 1096       1.637121552327e-10 
 1097       1.640518491181e-10 
 1098       1.643835151953e-10 
 1099       1.647070074993e-10 
 1100       1.650221792536e-10 
 1101       1.653288828679e-10 
 1102       1.656269699366e-10 
 1103       1.659162912374e-10 
 1104       1.661966967292e-10 
 1105       1.664680355508e-10 
 1106       1.667301560193e-10 
 1107       1.669829056281e-10 
 1108       1.672261310453e-10 
 1109       1.674596781126e-10 
 1110       1.676833918427e-10 
 1111       1.678971164186e-10 
 1112       1.681006951912e-10 
 1113       1.682939706783e-10 
 1114       1.684767845621e-10 
 1115       1.686489776886e-10 
 1116       1.688103900650e-10 
 1117       1.689608608586e-10 
 1118       1.691002283949e-10 
 1119       1.692283301562e-10 
 1120       1.693450027796e-10 
 1121       1.694500820557e-10 
 1122       1.695434029264e-10 
 1123       1.696247994841e-10 
 1124       1.696941049693e-10 
 1125       1.697511517691e-10 
 1126       1.697957714159e-10 
 1127       1.698277945853e-10 
 1128       1.698470510947e-10 
 1129       1.698534082156e-10 
 1130       1.698468861560e-10 
 1131       1.698275440693e-10 
 1132       1.697954418783e-10 
 1133       1.697506402766e-10 
 1134       1.696932007309e-10 
 1135       1.696231854828e-10 
 1136       1.695406575508e-10 
 1137       1.694456807322e-10 
 1138       1.693383196054e-10 
 1139       1.692186395311e-10 
 1140       1.690867066550e-10 
 1141       1.689425879094e-10 
 1142       1.687863510150e-10 
 1143       1.686180644834e-10 
 1144       1.684377976183e-10 
 1145       1.682456205182e-10 
 1146       1.680416040778e-10 
 1147       1.678258199902e-10 
 1148       1.675983407487e-10 
 1149       1.673592396489e-10 
 1150       1.671085907907e-10 
 1151       1.668464690800e-10 
 1152       1.665729502309e-10 
 1153       1.662881107673e-10 
 1154       1.659920280255e-10 
 1155       1.656847801554e-10 
 1156       1.653664461229e-10 
 1157       1.650371057117e-10 
 1158       1.646968395254e-10 
 1159       1.643457289893e-10 
 1160       1.639838563522e-10 
 1161       1.636113046888e-10 
 1162       1.632281579013e-10 
 1163       1.628345007213e-10 
 1164       1.624304187120e-10 
 1165       1.620159982701e-10 
 1166       1.615913266276e-10 
 1167       1.611564918539e-10 
 1168       1.607115995305e-10 
 1169       1.602568230010e-10 
 1170       1.597923537538e-10 
 1171       1.593183848097e-10 
 1172       1.588351107254e-10 
 1173       1.583427275966e-10 
 1174       1.578414330617e-10 
 1175       1.573314263053e-10 
 1176       1.568129080612e-10 
 1177       1.562860806163e-10 
 1178       1.557511478136e-10 
 1179       1.552083150559e-10 
 1180       1.546577893090e-10 
 1181       1.540997791053e-10 
 1182       1.535344945472e-10 
 1183       1.529621473103e-10 
 1184       1.523829506471e-10 
 1185       1.517971193903e-10 
 1186       1.512048699561e-10 
 1187       1.506064203477e-10 
 1188       1.500019901588e-10 
 1189       1.493918005770e-10 
 1190       1.487760743870e-10 
 1191       1.481550359742e-10 
 1192       1.475289113283e-10 
 1193       1.468979280463e-10 
 1194       1.462623153361e-10 
 1195       1.456223040200e-10 
 1196       1.449781265381e-10 
 1197       1.443300169515e-10 
 1198       1.436782109461e-10 
 1199       1.430229458356e-10 
 1200       1.423644605652e-10 
 1201       1.417029957149e-10 
 1202       1.410387935029e-10 
 1203       1.403720977891e-10 
 1204       1.397031540785e-10 
 1205       1.390322095245e-10 
 1206       1.383595129325e-10 
 1207       1.376853044856e-10 
 1208       1.370097847804e-10 
 1209       1.363331454229e-10 
 1210       1.356555792751e-10 
 1211       1.349772804569e-10 
 1212       1.342984443492e-10 
 1213       1.336192675963e-10 
 1214       1.329399481083e-10 
 1215       1.322606850638e-10 
 1216       1.315816789126e-10 
 1217       1.309031313781e-10 
 1218       1.302252454599e-10 
 1219       1.295482254364e-10 
 1220       1.288722768672e-10 
 1221       1.281976065961e-10 
 1222       1.275244227531e-10 
 1223       1.268529347575e-10 
 1224       1.261833533201e-10 
 1225       1.255158904459e-10 
 1226       1.248507594367e-10 
 1227       1.241881748935e-10 
 1228       1.235283527194e-10 
 1229       1.228715101220e-10 
 1230       1.222178656156e-10 
 1231       1.215676390246e-10 
 1232       1.209210514851e-10 
 1233       1.202783254482e-10 
 1234       1.196396846823e-10 
 1235       1.190053542758e-10 
 1236       1.183755606392e-10 
 1237       1.177505315084e-10 
 1238       1.171304959467e-10 
 1239       1.165156843476e-10 
 1240       1.159063284372e-10 
 1241       1.153026612772e-10 
 1242       1.147049172669e-10 
 1243       1.141133321462e-10 
 1244       1.135281429979e-10 
 1245       1.129495882504e-10 
 1246       1.123778807171e-10 
 1247       1.118131263627e-10 
 1248       1.112554045889e-10 
 1249       1.107047951118e-10 
 1250       1.101613779620e-10 
 1251       1.096252334854e-10 
 1252       1.090964423435e-10 
 1253       1.085750855142e-10 
 1254       1.080612442916e-10 
 1255       1.075550002875e-10 
 1256       1.070564354309e-10 
 1257       1.065656319692e-10 
 1258       1.060826724681e-10 
 1259       1.056076398126e-10 
 1260       1.051406172074e-10 
 1261       1.046816881769e-10 
 1262       1.042309365664e-10 
 1263       1.037884465420e-10 
 1264       1.033543025914e-10 
 1265       1.029285895244e-10 
 1266       1.025113924731e-10 
 1267       1.021027968927e-10 
 1268       1.017028885620e-10 
 1269       1.013117535834e-10 
 1270       1.009294783841e-10 
 1271       1.005561497161e-10 
 1272       1.001918546567e-10 
 1273       9.983668060931e-11 
 1274       9.949071530350e-11 
 1275       9.915404679588e-11 
 1276       9.882676347037e-11 
 1277       9.850895403873e-11 
 1278       9.820070754107e-11 
 1279       9.790211334631e-11 
 1280       9.761326115267e-11 
 1281       9.733424098817e-11 
 1282       9.706514321112e-11 
 1283       9.680605851059e-11 
 1284       9.655707790689e-11 
 1285       9.631826694482e-11 
 1286       9.608958795101e-11 
 1287       9.587097689301e-11 
 1288       9.566236910495e-11 
 1289       9.546369928613e-11 
 1290       9.527490149966e-11 
 1291       9.509590917105e-11 
 1292       9.492665508682e-11 
 1293       9.476707139314e-11 
 1294       9.461708959439e-11 
 1295       9.447664055185e-11 
 1296       9.434565448224e-11 
 1297       9.422406095637e-11 
 1298       9.411178889774e-11 
 1299       9.400876658117e-11 
 1300       9.391492163139e-11 
 1301       9.383018102165e-11 
 1302       9.375447107237e-11 
 1303       9.368771744970e-11 
 1304       9.362984516419e-11 
 1305       9.358077856933e-11 
 1306       9.354044136025e-11 
 1307       9.350875657225e-11 
 1308       9.348564657947e-11 
 1309       9.347103309348e-11 
 1310       9.346483716189e-11 
 1311       9.346697916697e-11 
 1312       9.347737882425e-11 
 1313       9.349595518116e-11 
 1314       9.352262661561e-11 
 1315       9.355731083461e-11 
 1316       9.359992487292e-11 
 1317       9.365038509160e-11 
 1318       9.370860717667e-11 
 1319       9.377450613772e-11 
 1320       9.384799630647e-11 
 1321       9.392899133546e-11 
 1322       9.401740419661e-11 
 1323       9.411314717986e-11 
 1324       9.421612157851e-11 
 1325       9.432618662356e-11 
 1326       9.444319020358e-11 
 1327       9.456697914470e-11 
 1328       9.469739920854e-11 
 1329       9.483429509010e-11 
 1330       9.497751041570e-11 
 1331       9.512688774083e-11 
 1332       9.528226854813e-11 
 1333       9.544349324524e-11 
 1334       9.561040116271e-11 
 1335       9.578283055196e-11 
 1336       9.596061858311e-11 
 1337       9.614360134295e-11 
 1338       9.633161383283e-11 
 1339       9.652448996653e-11 
 1340       9.672206256824e-11 
 1341       9.692416337039e-11 
 1342       9.713062301162e-11 
 1343       9.734127103462e-11 
 1344       9.755593588412e-11 
 1345       9.777444490473e-11 
 1346       9.799662433888e-11 
 1347       9.822229932470e-11 
 1348       9.845129389396e-11 
 1349       9.868343096997e-11 
 1350       9.891853236546e-11 
 1351       9.915641878051e-11 
 1352       9.939690980045e-11 
 1353       9.963982389379e-11 
 1354       9.988497841008e-11 
 1355       1.001321895779e-10 
 1356       1.003812725026e-10 
 1357       1.006320411644e-10 
 1358       1.008843084162e-10 
 1359       1.011378859816e-10 
 1360       1.013925844524e-10 
 1361       1.016482132873e-10 
 1362       1.019045808088e-10 
 1363       1.021615028939e-10 
 1364       1.024188291487e-10 
 1365       1.026764170102e-10 
 1366       1.029341230782e-10 
 1367       1.031918031138e-10 
 1368       1.034493120377e-10 
 1369       1.037065039291e-10 
 1370       1.039632320237e-10 
 1371       1.042193487125e-10 
 1372       1.044747055401e-10 
 1373       1.047291532033e-10 
 1374       1.049825415492e-10 
 1375       1.052347195742e-10 
 1376       1.054855354221e-10 
 1377       1.057348363829e-10 
 1378       1.059824688906e-10 
 1379       1.062282785226e-10 
 1380       1.064721099974e-10 
 1381       1.067138071733e-10 
 1382       1.069532130473e-10 
 1383       1.071901697527e-10 
 1384       1.074245185584e-10 
 1385       1.076560998669e-10 
 1386       1.078847532130e-10 
 1387       1.081103172619e-10 
 1388       1.083326298082e-10 
 1389       1.085515277741e-10 
 1390       1.087668472075e-10 
 1391       1.089784232814e-10 
 1392       1.091860902913e-10 
 1393       1.093896816545e-10 
 1394       1.095890299080e-10 
 1395       1.097839667074e-10 
 1396       1.099743228251e-10 
 1397       1.101599281488e-10 
 1398       1.103406116800e-10 
 1399       1.105162015327e-10 
 1400       1.106865249312e-10 
 1401       1.108514082096e-10 
 1402       1.110106969613e-10 
 1403       1.111643167248e-10 
 1404       1.113122129282e-10 
 1405       1.114543307945e-10 
 1406       1.115906153411e-10 
 1407       1.117210113796e-10 
 1408       1.118454635152e-10 
 1409       1.119639161469e-10 
 1410       1.120763134668e-10 
 1411       1.121825994602e-10 
 1412       1.122827179047e-10 
 1413       1.123766123704e-10 
 1414       1.124642262194e-10 
 1415       1.125455026056e-10 
 1416       1.126203844741e-10 
 1417       1.126888145615e-10 
 1418       1.127507353949e-10 
 1419       1.128060892920e-10 
 1420       1.128548183608e-10 
 1421       1.128968644991e-10 
 1422       1.129321693944e-10 
 1423       1.129606745236e-10 
 1424       1.129823211523e-10 
 1425       1.129970503350e-10 
 1426       1.130048029148e-10 
 1427       1.130055195225e-10 
 1428       1.129991405769e-10 
 1429       1.129856062843e-10 
 1430       1.129648566383e-10 
 1431       1.129368314191e-10 
 1432       1.129014701937e-10 
 1433       1.128587123154e-10 
 1434       1.128084969233e-10 
 1435       1.127507629424e-10 
 1436       1.126854490829e-10 
 1437       1.126124938402e-10 
 1438       1.125318354944e-10 
 1439       1.124434121100e-10 
 1440       1.123471615359e-10 
 1441       1.122430403441e-10 
 1442       1.121310808588e-10 
 1443       1.120113347057e-10 
 1444       1.118838539258e-10 
 1445       1.117486909764e-10 
 1446       1.116058987315e-10 
 1447       1.114555304832e-10 
 1448       1.112976399418e-10 
 1449       1.111322812371e-10 
 1450       1.109595089190e-10 
 1451       1.107793779582e-10 
 1452       1.105919437473e-10 
 1453       1.103972621013e-10 
 1454       1.101953892583e-10 
 1455       1.099863818806e-10 
 1456       1.097702970556e-10 
 1457       1.095471922959e-10 
 1458       1.093171255410e-10 
 1459       1.090801551572e-10 
 1460       1.088363399392e-10 
 1461       1.085857391104e-10 
 1462       1.083284123236e-10 
 1463       1.080644196622e-10 
 1464       1.077938216409e-10 
 1465       1.075166792062e-10 
 1466       1.072330537374e-10 
 1467       1.069430070473e-10 
 1468       1.066466013834e-10 
 1469       1.063438994279e-10 
 1470       1.060349642991e-10 
 1471       1.057198595522e-10 
 1472       1.053986491798e-10 
 1473       1.050713976128e-10 
 1474       1.047381697211e-10 
 1475       1.043990308146e-10 
 1476       1.040540466441e-10 
 1477       1.037032834015e-10 
 1478       1.033468077212e-10 
 1479       1.029846866805e-10 
 1480       1.026169954827e-10 
 1481       1.022438405857e-10 
 1482       1.018653368034e-10 
 1483       1.014815996456e-10 
 1484       1.010927453194e-10 
 1485       1.006988907300e-10 
 1486       1.003001534826e-10 
 1487       9.989665188277e-11 
 1488       9.948850493841e-11 
 1489       9.907583236049e-11 
 1490       9.865875456446e-11 
 1491       9.823739267143e-11 
 1492       9.781186850936e-11 
 1493       9.738230461428e-11 
 1494       9.694882423150e-11 
 1495       9.651155131685e-11 
 1496       9.607061053786e-11 
 1497       9.562612727496e-11 
 1498       9.517822762274e-11 
 1499       9.472703839112e-11 
 1500       9.427268710658e-11 
 1501       9.381530201338e-11 
 1502       9.335501207472e-11 
 1503       9.289194697405e-11 
 1504       9.242623711617e-11 
 1505       9.195801362853e-11 
 1506       9.148740836239e-11 
 1507       9.101455389406e-11 
 1508       9.053958352609e-11 
 1509       9.006263128850e-11 
 1510       8.958383193998e-11 
 1511       8.910332096911e-11 
 1512       8.862123459557e-11 
 1513       8.813770977134e-11 
 1514       8.765288418192e-11 
 1515       8.716689624757e-11 
 1516       8.667988512447e-11 
 1517       8.619199070596e-11 
 1518       8.570335362375e-11 
 1519       8.521410933750e-11 
 1520       8.472437033881e-11 
 1521       8.423424377825e-11 
 1522       8.374383736239e-11 
 1523       8.325325935469e-11 
 1524       8.276261857636e-11 
 1525       8.227202440736e-11 
 1526       8.178158678720e-11 
 1527       8.129141621591e-11 
 1528       8.080162375493e-11 
 1529       8.031232102801e-11 
 1530       7.982362022212e-11 
 1531       7.933563408834e-11 
 1532       7.884847594278e-11 
 1533       7.836225966750e-11 
 1534       7.787709971135e-11 
 1535       7.739311109096e-11 
 1536       7.691040939158e-11 
 1537       7.642911076803e-11 
 1538       7.594933194557e-11 
 1539       7.547119022081e-11 
 1540       7.499480346262e-11 
 1541       7.452029011307e-11 
 1542       7.404776918826e-11 
 1543       7.357736027930e-11 
 1544       7.310918355314e-11 
 1545       7.264335975355e-11 
 1546       7.218001020198e-11 
 1547       7.171925679848e-11 
 1548       7.126122202257e-11 
 1549       7.080602893420e-11 
 1550       7.035380117463e-11 
 1551       6.990466296731e-11 
 1552       6.945873911884e-11 
 1553       6.901615501980e-11 
 1554       6.857703664573e-11 
 1555       6.814151055798e-11 
 1556       6.770970390465e-11 
 1557       6.728174442148e-11 
 1558       6.685774627356e-11 
 1559       6.643776743336e-11 
 1560       6.602185190434e-11 
 1561       6.561004384402e-11 
 1562       6.520238756416e-11 
 1563       6.479892753100e-11 
 1564       6.439970836542e-11 
 1565       6.400477484322e-11 
 1566       6.361417189523e-11 
 1567       6.322794460759e-11 
 1568       6.284613822192e-11 
 1569       6.246879813554e-11 
 1570       6.209596990165e-11 
 1571       6.172769922957e-11 
 1572       6.136403198493e-11 
 1573       6.100501418985e-11 
 1574       6.065069202321e-11 
 1575       6.030111182076e-11 
 1576       5.995632007542e-11 
 1577       5.961636343743e-11 
 1578       5.928128871456e-11 
 1579       5.895114287234e-11 
 1580       5.862597303422e-11 
 1581       5.830582648185e-11 
 1582       5.799075065519e-11 
 1583       5.768079315279e-11 
 1584       5.737600173197e-11 
 1585       5.707642430901e-11 
 1586       5.678210895937e-11 
 1587       5.649310391791e-11 
 1588       5.620945757906e-11 
 1589       5.593121849705e-11 
 1590       5.565843538612e-11 
 1591       5.539115712070e-11 
 1592       5.512943273563e-11 
 1593       5.487331142638e-11 
 1594       5.462284254920e-11 
 1595       5.437807562141e-11 
 1596       5.413906032154e-11 
 1597       5.390583297894e-11 
 1598       5.367837590679e-11 
 1599       5.345665769700e-11 
 1600       5.324064669656e-11 
 1601       5.303031100708e-11 
 1602       5.282561848442e-11 
 1603       5.262653673822e-11 
 1604       5.243303313147e-11 
 1605       5.224507478010e-11 
 1606       5.206262855255e-11 
 1607       5.188566106929e-11 
 1608       5.171413870247e-11 
 1609       5.154802757542e-11 
 1610       5.138729356226e-11 
 1611       5.123190228746e-11 
 1612       5.108181912540e-11 
 1613       5.093700919994e-11 
 1614       5.079743738401e-11 
 1615       5.066306829917e-11 
 1616       5.053386631517e-11 
 1617       5.040979554950e-11 
 1618       5.029081986704e-11 
 1619       5.017690287952e-11 
 1620       5.006800794518e-11 
 1621       4.996409816830e-11 
 1622       4.986513639876e-11 
 1623       4.977108523164e-11 
 1624       4.968190700677e-11 
 1625       4.959756380830e-11 
 1626       4.951801746426e-11 
 1627       4.944322954618e-11 
 1628       4.937316136860e-11 
 1629       4.930777398865e-11 
 1630       4.924702820566e-11 
 1631       4.919088456068e-11 
 1632       4.913930333609e-11 
 1633       4.909224455514e-11 
 1634       4.904966798154e-11 
 1635       4.901153311900e-11 
 1636       4.897779343231e-11 
 1637       4.894837895468e-11 
 1638       4.892321352399e-11 
 1639       4.890222054650e-11 
 1640       4.888532299619e-11 
 1641       4.887244341406e-11 
 1642       4.886350390742e-11 
 1643       4.885842614924e-11 
 1644       4.885713137744e-11 
 1645       4.885954039417e-11 
 1646       4.886557356519e-11 
 1647       4.887515081913e-11 
 1648       4.888819164681e-11 
 1649       4.890461510055e-11 
 1650       4.892433979349e-11 
 1651       4.894728389890e-11 
 1652       4.897336514948e-11 
 1653       4.900250083669e-11 
 1654       4.903460781004e-11 
 1655       4.906960247639e-11 
 1656       4.910740079932e-11 
 1657       4.914791829837e-11 
 1658       4.919107004840e-11 
 1659       4.923677067886e-11 
 1660       4.928493437315e-11 
 1661       4.933547486790e-11 
 1662       4.938830545225e-11 
 1663       4.944333896725e-11 
 1664       4.950048780507e-11 
 1665       4.955966390840e-11 
 1666       4.962077876968e-11 
 1667       4.968374343046e-11 
 1668       4.974846848072e-11 
 1669       4.981486405815e-11 
 1670       4.988283984745e-11 
 1671       4.995230507969e-11 
 1672       5.002316853158e-11 
 1673       5.009533852480e-11 
 1674       5.016872292531e-11 
 1675       5.024323271631e-11 
 1676       5.031879275271e-11 
 1677       5.039533109922e-11 
 1678       5.047277546470e-11 
 1679       5.055105320164e-11 
 1680       5.063009130555e-11 
 1681       5.070981641452e-11 
 1682       5.079015480861e-11 
 1683       5.087103240935e-11 
 1684       5.095237477918e-11 
 1685       5.103410712094e-11 
 1686       5.111615427731e-11 
 1687       5.119844073030e-11 
 1688       5.128089060068e-11 
 1689       5.136342764748e-11 
 1690       5.144597526741e-11 
 1691       5.152845649437e-11 
 1692       5.161079399889e-11 
 1693       5.169291008757e-11 
 1694       5.177472670261e-11 
 1695       5.185616542120e-11 
 1696       5.193714745503e-11 
 1697       5.201759364974e-11 
 1698       5.209742448438e-11 
 1699       5.217656007088e-11 
 1700       5.225492015350e-11 
 1701       5.233242410832e-11 
 1702       5.240899094269e-11 
 1703       5.248453929466e-11 
 1704       5.255898743252e-11 
 1705       5.263225325419e-11 
 1706       5.270425428670e-11 
 1707       5.277490768571e-11 
 1708       5.284413023489e-11 
 1709       5.291183834543e-11 
 1710       5.297794805552e-11 
 1711       5.304237502975e-11 
 1712       5.310503455866e-11 
 1713       5.316584155812e-11 
 1714       5.322471994040e-11 
 1715       5.328163081574e-11 
 1716       5.333654453042e-11 
 1717       5.338943131696e-11 
 1718       5.344026129391e-11 
 1719       5.348900446571e-11 
 1720       5.353563072255e-11 
 1721       5.358010984022e-11 
 1722       5.362241147992e-11 
 1723       5.366250518815e-11 
 1724       5.370036039654e-11 
 1725       5.373594642169e-11 
 1726       5.376923246501e-11 
 1727       5.380018761258e-11 
 1728       5.382878083500e-11 
 1729       5.385498098722e-11 
 1730       5.387875680840e-11 
 1731       5.390007692175e-11 
 1732       5.391890983438e-11 
 1733       5.393522393712e-11 
 1734       5.394898750443e-11 
 1735       5.396016869417e-11 
 1736       5.396873554750e-11 
 1737       5.397465598869e-11 
 1738       5.397789782501e-11 
 1739       5.397842874652e-11 
 1740       5.397621632598e-11 
 1741       5.397122801863e-11 
 1742       5.396343116209e-11 
 1743       5.395279297617e-11 
 1744       5.393928056274e-11 
 1745       5.392286090556e-11 
 1746       5.390350087015e-11 
 1747       5.388116720359e-11 
 1748       5.385582653443e-11 
 1749       5.382744537247e-11 
 1750       5.379599010865e-11 
 1751       5.376142701489e-11 
 1752       5.372372224393e-11 
 1753       5.368285090693e-11 
 1754       5.363882438947e-11 
 1755       5.359166326326e-11 
 1756       5.354138822928e-11 
 1757       5.348802011797e-11 
 1758       5.343157988944e-11 
 1759       5.337208863366e-11 
 1760       5.330956757067e-11 
 1761       5.324403805078e-11 
 1762       5.317552155475e-11 
 1763       5.310403969404e-11 
 1764       5.302961421095e-11 
 1765       5.295226697886e-11 
 1766       5.287202000241e-11 
 1767       5.278889541773e-11 
 1768       5.270291549260e-11 
 1769       5.261410262668e-11 
 1770       5.252247935169e-11 
 1771       5.242806833163e-11 
 1772       5.233089236298e-11 
 1773       5.223097437488e-11 
 1774       5.212833742934e-11 
 1775       5.202300472145e-11 
 1776       5.191499957958e-11 
 1777       5.180434546556e-11 
 1778       5.169106597491e-11 
 1779       5.157518483700e-11 
 1780       5.145672591529e-11 
 1781       5.133571320754e-11 
 1782       5.121217084594e-11 
 1783       5.108612309738e-11 
 1784       5.095759436364e-11 
 1785       5.082660918156e-11 
 1786       5.069319222325e-11 
 1787       5.055736829632e-11 
 1788       5.041916234405e-11 
 1789       5.027859944559e-11 
 1790       5.013570481619e-11 
 1791       4.999050380736e-11 
 1792       4.984302587269e-11 
 1793       4.969331650022e-11 
 1794       4.954142537790e-11 
 1795       4.938740243721e-11 
 1796       4.923129785345e-11 
 1797       4.907316204615e-11 
 1798       4.891304567940e-11 
 1799       4.875099966219e-11 
 1800       4.858707514875e-11 
 1801       4.842132353894e-11 
 1802       4.825379647854e-11 
 1803       4.808454585966e-11 
 1804       4.791362382102e-11 
 1805       4.774108274837e-11 
 1806       4.756697527479e-11 
 1807       4.739135428105e-11 
 1808       4.721427289597e-11 
 1809       4.703578449674e-11 
 1810       4.685594270933e-11 
 1811       4.667480140875e-11 
 1812       4.649241471948e-11 
 1813       4.630883701576e-11 
 1814       4.612412292199e-11 
 1815       4.593832731302e-11 
 1816       4.575150531456e-11 
 1817       4.556371230348e-11 
 1818       4.537500390818e-11 
 1819       4.518543600894e-11 
 1820       4.499506473825e-11 
 1821       4.480394648121e-11 
 1822       4.461213787579e-11 
 1823       4.441969581327e-11 
 1824       4.422667743853e-11 
 1825       4.403314015042e-11 
 1826       4.383914160210e-11 
 1827       4.364473970142e-11 
 1828       4.344999261120e-11 
 1829       4.325495874966e-11 
 1830       4.305969679071e-11 
 1831       4.286426338148e-11 
 1832       4.266870627417e-11 
 1833       4.247307114003e-11 
 1834       4.227740384741e-11 
 1835       4.208175046211e-11 
 1836       4.188615724758e-11 
 1837       4.169067066523e-11 
 1838       4.149533737469e-11 
 1839       4.130020423405e-11 
 1840       4.110531830015e-11 
 1841       4.091072682886e-11 
 1842       4.071647727529e-11 
 1843       4.052261729415e-11 
 1844       4.032919473992e-11 
 1845       4.013625766717e-11 
 1846       3.994385433084e-11 
 1847       3.975203318645e-11 
 1848       3.956084289043e-11 
 1849       3.937033230033e-11 
 1850       3.918055047514e-11 
 1851       3.899154667552e-11 
 1852       3.880337036407e-11 
 1853       3.861607120563e-11 
 1854       3.842969906748e-11 
 1855       3.824430401970e-11 
 1856       3.805993633535e-11 
 1857       3.787664649079e-11 
 1858       3.769448516591e-11 
 1859       3.751350324444e-11 
 1860       3.733375181418e-11 
 1861       3.715528216728e-11 
 1862       3.697814580051e-11 
 1863       3.680239441553e-11 
 1864       3.662807991914e-11 
 1865       3.645525442357e-11 
 1866       3.628397024671e-11 
 1867       3.611427991244e-11 
 1868       3.594623615082e-11 
 1869       3.577989189843e-11 
 1870       3.561529416075e-11 
 1871       3.545246554654e-11 
 1872       3.529142258950e-11 
 1873       3.513218187302e-11 
 1874       3.497476003030e-11 
 1875       3.481917374432e-11 
 1876       3.466543974798e-11 
 1877       3.451357482407e-11 
 1878       3.436359580541e-11 
 1879       3.421551957486e-11 
 1880       3.406936306536e-11 
 1881       3.392514326003e-11 
 1882       3.378287719222e-11 
 1883       3.364258194554e-11 
 1884       3.350427465391e-11 
 1885       3.336797250168e-11 
 1886       3.323369272360e-11 
 1887       3.310145260494e-11 
 1888       3.297126948154e-11 
 1889       3.284316073982e-11 
 1890       3.271714381688e-11 
 1891       3.259323620056e-11 
 1892       3.247145542946e-11 
 1893       3.235181909303e-11 
 1894       3.223434483161e-11 
 1895       3.211905033649e-11 
 1896       3.200595334997e-11 
 1897       3.189507166539e-11 
 1898       3.178642312725e-11 
 1899       3.168002563120e-11 
 1900       3.157589712412e-11 
 1901       3.147405560418e-11 
 1902       3.137451912090e-11 
 1903       3.127730577521e-11 
 1904       3.118243371948e-11 
 1905       3.108992115760e-11 
 1906       3.099978634502e-11 
 1907       3.091204758885e-11 
 1908       3.082672324784e-11 
 1909       3.074382582005e-11 
 1910       3.066334415594e-11 
 1911       3.058526110900e-11 
 1912       3.050955943569e-11 
 1913       3.043622179532e-11 
 1914       3.036523074987e-11 
 1915       3.029656876391e-11 
 1916       3.023021820440e-11 
 1917       3.016616134059e-11 
 1918       3.010438034389e-11 
 1919       3.004485728771e-11 
 1920       2.998757414730e-11 
 1921       2.993251279967e-11 
 1922       2.987965502341e-11 
 1923       2.982898249856e-11 
 1924       2.978047680647e-11 
 1925       2.973411942969e-11 
 1926       2.968989175177e-11 
 1927       2.964777505720e-11 
 1928       2.960775053119e-11 
 1929       2.956979925960e-11 
 1930       2.953390222877e-11 
 1931       2.950004032539e-11 
 1932       2.946819433635e-11 
 1933       2.943834494861e-11 
 1934       2.941047274907e-11 
 1935       2.938455822441e-11 
 1936       2.936058176099e-11 
 1937       2.933852364467e-11 
 1938       2.931836406068e-11 
 1939       2.930008309351e-11 
 1940       2.928366072674e-11 
 1941       2.926907684293e-11 
 1942       2.925631122345e-11 
 1943       2.924534354836e-11 
 1944       2.923615339627e-11 
 1945       2.922872024422e-11 
 1946       2.922302346750e-11 
 1947       2.921904233954e-11 
 1948       2.921675354414e-11 
 1949       2.921612369192e-11 
 1950       2.921711674736e-11 
 1951       2.921969651114e-11 
 1952       2.922382661987e-11 
 1953       2.922947054591e-11 
 1954       2.923659159714e-11 
 1955       2.924515291676e-11 
 1956       2.925511748306e-11 
 1957       2.926644810917e-11 
 1958       2.927910744293e-11 
 1959       2.929305796659e-11 
 1960       2.930826199662e-11 
 1961       2.932468168351e-11 
 1962       2.934227901153e-11 
 1963       2.936101579854e-11 
 1964       2.938085369573e-11 
 1965       2.940175418744e-11 
 1966       2.942367859095e-11 
 1967       2.944658805622e-11 
 1968       2.947044356572e-11 
 1969       2.949520593416e-11 
 1970       2.952083580835e-11 
 1971       2.954729366690e-11 
 1972       2.957453982007e-11 
 1973       2.960253440949e-11 
 1974       2.963123740801e-11 
 1975       2.966060861945e-11 
 1976       2.969060767835e-11 
 1977       2.972119404982e-11 
 1978       2.975232702928e-11 
 1979       2.978396574226e-11 
 1980       2.981606914416e-11 
 1981       2.984859602007e-11 
 1982       2.988150498451e-11 
 1983       2.991475448127e-11 
 1984       2.994830278312e-11 
 1985       2.998210799165e-11 
 1986       3.001612803705e-11 
 1987       3.005032240389e-11 
 1988       3.008465732299e-11 
 1989       3.011910061737e-11 
 1990       3.015361997954e-11 
 1991       3.018818297134e-11 
 1992       3.022275702376e-11 
 1993       3.025730943679e-11 
 1994       3.029180737926e-11 
 1995       3.032621788864e-11 
 1996       3.036050787093e-11 
 1997       3.039464410044e-11 
 1998       3.042859321967e-11 
 1999       3.046232173913e-11 
 2000       3.049579603716e-11 
 2001       3.052898235979e-11 
 2002       3.056184682055e-11 
 2003       3.059435540035e-11 
 2004       3.062647394725e-11 
 2005       3.065816817635e-11 
 2006       3.068940366962e-11 
 2007       3.072014587569e-11 
 2008       3.075036010975e-11 
 2009       3.078001155334e-11 
 2010       3.080906525419e-11 
 2011       3.083748612608e-11 
 2012       3.086523894865e-11 
 2013       3.089228836727e-11 
 2014       3.091859889281e-11 
 2015       3.094413490156e-11 
 2016       3.096886063499e-11 
 2017       3.099274019964e-11 
 2018       3.101573756693e-11 
 2019       3.103781657299e-11 
 2020       3.105894091851e-11 
 2021       3.107907416858e-11 
 2022       3.109817975251e-11 
 2023       3.111622096367e-11 
 2024       3.113316095932e-11 
 2025       3.114896276048e-11 
 2026       3.116359353970e-11 
 2027       3.117703751879e-11 
 2028       3.118928316395e-11 
 2029       3.120031890625e-11 
 2030       3.121013314155e-11 
 2031       3.121871423047e-11 
 2032       3.122605049835e-11 
 2033       3.123213023523e-11 
 2034       3.123694169579e-11 
 2035       3.124047309933e-11 
 2036       3.124271262969e-11 
 2037       3.124364843527e-11 
 2038       3.124326862893e-11 
 2039       3.124156128802e-11 
 2040       3.123851445426e-11 
 2041       3.123411613377e-11 
 2042       3.122835429700e-11 
 2043       3.122121687868e-11 
 2044       3.121269177783e-11 
 2045       3.120276685764e-11 
 2046       3.119142994550e-11 
 2047       3.117866883296e-11 
 2048       3.116447127564e-11 
 2049       3.114882499322e-11 
 2050       3.113171766941e-11 
 2051       3.111313695191e-11 
 2052       3.109307045234e-11 
 2053       3.107150574626e-11 
 2054       3.104843037305e-11 
 2055       3.102383183594e-11 
 2056       3.099769760196e-11 
 2057       3.097001510185e-11 
 2058       3.094077173009e-11 
 2059       3.090995484482e-11 
 2060       3.087755176780e-11 
 2061       3.084354978440e-11 
 2062       3.080793614351e-11 
 2063       3.077069805757e-11 
 2064       3.073182270247e-11 
 2065       3.069130134912e-11 
 2066       3.064914179018e-11 
 2067       3.060535600131e-11 
 2068       3.055995601770e-11 
 2069       3.051295393414e-11 
 2070       3.046436190509e-11 
 2071       3.041419214474e-11 
 2072       3.036245692712e-11 
 2073       3.030916858616e-11 
 2074       3.025433951577e-11 
 2075       3.019798216991e-11 
 2076       3.014010906268e-11 
 2077       3.008073276839e-11 
 2078       3.001986592163e-11 
 2079       2.995752121736e-11 
 2080       2.989371141098e-11 
 2081       2.982844931841e-11 
 2082       2.976174781617e-11 
 2083       2.969361984145e-11 
 2084       2.962407839218e-11 
 2085       2.955313652713e-11 
 2086       2.948080736597e-11 
 2087       2.940710408935e-11 
 2088       2.933203993899e-11 
 2089       2.925562821772e-11 
 2090       2.917788228960e-11 
 2091       2.909881557999e-11 
 2092       2.901844157560e-11 
 2093       2.893677382458e-11 
 2094       2.885382593662e-11 
 2095       2.876961158299e-11 
 2096       2.868414449665e-11 
 2097       2.859743847230e-11 
 2098       2.850950736648e-11 
 2099       2.842036509762e-11 
 2100       2.833002564616e-11 
 2101       2.823850305458e-11 
 2102       2.814581142750e-11 
 2103       2.805196493176e-11 
 2104       2.795697959044e-11 
 2105       2.786087867843e-11 
 2106       2.776368736453e-11 
 2107       2.766543092107e-11 
 2108       2.756613472405e-11 
 2109       2.746582425319e-11 
 2110       2.736452509214e-11 
 2111       2.726226292856e-11 
 2112       2.715906355426e-11 
 2113       2.705495286531e-11 
 2114       2.694995686221e-11 
 2115       2.684410164994e-11 
 2116       2.673741343815e-11 
 2117       2.662991854129e-11 
 2118       2.652164337866e-11 
 2119       2.641261447462e-11 
 2120       2.630285845869e-11 
 2121       2.619240206563e-11 
 2122       2.608127213565e-11 
 2123       2.596949561445e-11 
 2124       2.585709955340e-11 
 2125       2.574411110966e-11 
 2126       2.563055754628e-11 
 2127       2.551646623236e-11 
 2128       2.540186464315e-11 
 2129       2.528678036016e-11 
 2130       2.517124107136e-11 
 2131       2.505527457120e-11 
 2132       2.493890876083e-11 
 2133       2.482217164817e-11 
 2134       2.470509134806e-11 
 2135       2.458769608237e-11 
 2136       2.447001418013e-11 
 2137       2.435207407767e-11 
 2138       2.423390431872e-11 
 2139       2.411553355458e-11 
 2140       2.399699054419e-11 
 2141       2.387830415428e-11 
 2142       2.375950335951e-11 
 2143       2.364061618406e-11 
 2144       2.352166651821e-11 
 2145       2.340267728029e-11 
 2146       2.328367147327e-11 
 2147       2.316467218492e-11 
 2148       2.304570258785e-11 
 2149       2.292678593967e-11 
 2150       2.280794558302e-11 
 2151       2.268920494572e-11 
 2152       2.257058754085e-11 
 2153       2.245211696684e-11 
 2154       2.233381690761e-11 
 2155       2.221571113258e-11 
 2156       2.209782349686e-11 
 2157       2.198017794131e-11 
 2158       2.186279849263e-11 
 2159       2.174570926347e-11 
 2160       2.162893445251e-11 
 2161       2.151249834460e-11 
 2162       2.139642531082e-11 
 2163       2.128073980858e-11 
 2164       2.116546638174e-11 
 2165       2.105062966069e-11 
 2166       2.093625436245e-11 
 2167       2.082236529078e-11 
 2168       2.070898733626e-11 
 2169       2.059614547641e-11 
 2170       2.048386477577e-11 
 2171       2.037217038599e-11 
 2172       2.026108754597e-11 
 2173       2.015064158190e-11 
 2174       2.004085790741e-11 
 2175       1.993176202363e-11 
 2176       1.982337951933e-11 
 2177       1.971573607095e-11 
 2178       1.960885744279e-11 
 2179       1.950276948701e-11 
 2180       1.939749814382e-11 
 2181       1.929306944149e-11 
 2182       1.918950664750e-11 
 2183       1.908682170057e-11 
 2184       1.898502372130e-11 
 2185       1.888412185601e-11 
 2186       1.878412527678e-11 
 2187       1.868504318147e-11 
 2188       1.858688479371e-11 
 2189       1.848965936299e-11 
 2190       1.839337616465e-11 
 2191       1.829804449989e-11 
 2192       1.820367369583e-11 
 2193       1.811027310554e-11 
 2194       1.801785210801e-11 
 2195       1.792642010825e-11 
 2196       1.783598653726e-11 
 2197       1.774656085210e-11 
 2198       1.765815253586e-11 
 2199       1.757077109777e-11 
 2200       1.748442607313e-11 
 2201       1.739912702340e-11 
 2202       1.731488353622e-11 
 2203       1.723170522542e-11 
 2204       1.714960173103e-11 
 2205       1.706858271937e-11 
 2206       1.698865788300e-11 
 2207       1.690983694080e-11 
 2208       1.683212963796e-11 
 2209       1.675554574603e-11 
 2210       1.668009506296e-11 
 2211       1.660578741308e-11 
 2212       1.653263264717e-11 
 2213       1.646064064244e-11 
 2214       1.638982130262e-11 
 2215       1.632018455794e-11 
 2216       1.625174036515e-11 
 2217       1.618449870759e-11 
 2218       1.611846959517e-11 
 2219       1.605366306442e-11 
 2220       1.599008917853e-11 
 2221       1.592775521482e-11 
 2222       1.586665720704e-11 
 2223       1.580678834740e-11 
 2224       1.574814179395e-11 
 2225       1.569071067060e-11 
 2226       1.563448806704e-11 
 2227       1.557946703869e-11 
 2228       1.552564060666e-11 
 2229       1.547300175775e-11 
 2230       1.542154344434e-11 
 2231       1.537125858442e-11 
 2232       1.532214006149e-11 
 2233       1.527418072453e-11 
 2234       1.522737338799e-11 
 2235       1.518171083171e-11 
 2236       1.513718580090e-11 
 2237       1.509379100610e-11 
 2238       1.505151912310e-11 
 2239       1.501036279296e-11 
 2240       1.497031462191e-11 
 2241       1.493136718134e-11 
 2242       1.489351300777e-11 
 2243       1.485674460276e-11 
 2244       1.482105443290e-11 
 2245       1.478643492979e-11 
 2246       1.475287848995e-11 
 2247       1.472037747479e-11 
 2248       1.468892421061e-11 
 2249       1.465851098850e-11 
 2250       1.462913006433e-11 
 2251       1.460077365871e-11 
 2252       1.457343395692e-11 
 2253       1.454710310892e-11 
 2254       1.452177322924e-11 
 2255       1.449743639700e-11 
 2256       1.447408465582e-11 
 2257       1.445171001381e-11 
 2258       1.443030444353e-11 
 2259       1.440985988191e-11 
 2260       1.439036691805e-11 
 2261       1.437181084737e-11 
 2262       1.435417559177e-11 
 2263       1.433744500950e-11 
 2264       1.432160289504e-11 
 2265       1.430663297901e-11 
 2266       1.429251892818e-11 
 2267       1.427924434529e-11 
 2268       1.426679276906e-11 
 2269       1.425514767408e-11 
 2270       1.424429247073e-11 
 2271       1.423421050514e-11 
 2272       1.422488505909e-11 
 2273       1.421629934994e-11 
 2274       1.420843653057e-11 
 2275       1.420127968929e-11 
 2276       1.419481184978e-11 
 2277       1.418901597101e-11 
 2278       1.418387494719e-11 
 2279       1.417937160764e-11 
 2280       1.417548871679e-11 
 2281       1.417220897405e-11 
 2282       1.416951501376e-11 
 2283       1.416738940513e-11 
 2284       1.416581465213e-11 
 2285       1.416477319347e-11 
 2286       1.416424740247e-11 
 2287       1.416421958702e-11 
 2288       1.416467198951e-11 
 2289       1.416558678674e-11 
 2290       1.416694608986e-11 
 2291       1.416873194429e-11 
 2292       1.417092632964e-11 
 2293       1.417351115966e-11 
 2294       1.417646828215e-11 
 2295       1.417977947888e-11 
 2296       1.418342646556e-11 
 2297       1.418739089168e-11 
 2298       1.419165434055e-11 
 2299       1.419619891096e-11 
 2300       1.420100896667e-11 
 2301       1.420606939796e-11 
 2302       1.421136504075e-11 
 2303       1.421688067654e-11 
 2304       1.422260103232e-11 
 2305       1.422851078057e-11 
 2306       1.423459453914e-11 
 2307       1.424083687125e-11 
 2308       1.424722228536e-11 
 2309       1.425373523518e-11 
 2310       1.426036011956e-11 
 2311       1.426708128246e-11 
 2312       1.427388301286e-11 
 2313       1.428074954475e-11 
 2314       1.428766505702e-11 
 2315       1.429461367341e-11 
 2316       1.430157946249e-11 
 2317       1.430854643755e-11 
 2318       1.431549855656e-11 
 2319       1.432241972212e-11 
 2320       1.432929378138e-11 
 2321       1.433610452601e-11 
 2322       1.434283569211e-11 
 2323       1.434947096016e-11 
 2324       1.435599395496e-11 
 2325       1.436238824560e-11 
 2326       1.436863734533e-11 
 2327       1.437472471158e-11 
 2328       1.438063374585e-11 
 2329       1.438634779365e-11 
 2330       1.439185014449e-11 
 2331       1.439712403174e-11 
 2332       1.440215263265e-11 
 2333       1.440691906824e-11 
 2334       1.441140640327e-11 
 2335       1.441559764613e-11 
 2336       1.441947574886e-11 
 2337       1.442302360702e-11 
 2338       1.442622585656e-11 
 2339       1.442907427674e-11 
 2340       1.443156242091e-11 
 2341       1.443368382268e-11 
 2342       1.443543199589e-11 
 2343       1.443680043460e-11 
 2344       1.443778261306e-11 
 2345       1.443837198569e-11 
 2346       1.443856198705e-11 
 2347       1.443834603186e-11 
 2348       1.443771751493e-11 
 2349       1.443666981117e-11 
 2350       1.443519627556e-11 
 2351       1.443329024312e-11 
 2352       1.443094502892e-11 
 2353       1.442815392802e-11 
 2354       1.442491021549e-11 
 2355       1.442120714636e-11 
 2356       1.441703795560e-11 
 2357       1.441239585812e-11 
 2358       1.440727404875e-11 
 2359       1.440166570219e-11 
 2360       1.439556397300e-11 
 2361       1.438896199561e-11 
 2362       1.438185288428e-11 
 2363       1.437422973306e-11 
 2364       1.436608561579e-11 
 2365       1.435741358608e-11 
 2366       1.434820667729e-11 
 2367       1.433845790251e-11 
 2368       1.432816025452e-11 
 2369       1.431730670580e-11 
 2370       1.430589020849e-11 
 2371       1.429390369438e-11 
 2372       1.428134007487e-11 
 2373       1.426819224098e-11 
 2374       1.425445306332e-11 
 2375       1.424011539204e-11 
 2376       1.422517205685e-11 
 2377       1.420961770089e-11 
 2378       1.419345429474e-11 
 2379       1.417668565633e-11 
 2380       1.415931562016e-11 
 2381       1.414134803729e-11 
 2382       1.412278677534e-11 
 2383       1.410363571857e-11 
 2384       1.408389876786e-11 
 2385       1.406357984071e-11 
 2386       1.404268287132e-11 
 2387       1.402121181053e-11 
 2388       1.399917062591e-11 
 2389       1.397656330172e-11 
 2390       1.395339383899e-11 
 2391       1.392966625548e-11 
 2392       1.390538458573e-11 
 2393       1.388055288108e-11 
 2394       1.385517520967e-11 
 2395       1.382925565647e-11 
 2396       1.380279832331e-11 
 2397       1.377580732888e-11 
 2398       1.374828680875e-11 
 2399       1.372024091541e-11 
 2400       1.369167381826e-11 
 2401       1.366258970363e-11 
 2402       1.363299277485e-11 
 2403       1.360288725218e-11 
 2404       1.357227737292e-11 
 2405       1.354116739136e-11 
 2406       1.350956157884e-11 
 2407       1.347746422373e-11 
 2408       1.344487963151e-11 
 2409       1.341181212471e-11 
 2410       1.337826604300e-11 
 2411       1.334424574317e-11 
 2412       1.330975559914e-11 
 2413       1.327480000203e-11 
 2414       1.323938336010e-11 
 2415       1.320351009886e-11 
 2416       1.316718553238e-11 
 2417       1.313041848336e-11 
 2418       1.309321867897e-11 
 2419       1.305559588102e-11 
 2420       1.301755988598e-11 
 2421       1.297912052500e-11 
 2422       1.294028766394e-11 
 2423       1.290107120344e-11 
 2424       1.286148107893e-11 
 2425       1.282152726068e-11 
 2426       1.278121975382e-11 
 2427       1.274056859839e-11 
 2428       1.269958386939e-11 
 2429       1.265827567677e-11 
 2430       1.261665416553e-11 
 2431       1.257472951570e-11 
 2432       1.253251194241e-11 
 2433       1.249001169591e-11 
 2434       1.244723906163e-11 
 2435       1.240420436017e-11 
 2436       1.236091794739e-11 
 2437       1.231739021442e-11 
 2438       1.227363158769e-11 
 2439       1.222965252899e-11 
 2440       1.218546353547e-11 
 2441       1.214107513973e-11 
 2442       1.209649790980e-11 
 2443       1.205174244921e-11 
 2444       1.200681939702e-11 
 2445       1.196173942785e-11 
 2446       1.191651325194e-11 
 2447       1.187115161514e-11 
 2448       1.182566529900e-11 
 2449       1.178006512077e-11 
 2450       1.173436193345e-11 
 2451       1.168856662582e-11 
 2452       1.164269012248e-11 
 2453       1.159674338391e-11 
 2454       1.155073740645e-11 
 2455       1.150468296224e-11 
 2456       1.145858981705e-11 
 2457       1.141246750782e-11 
 2458       1.136632560245e-11 
 2459       1.132017369981e-11 
 2460       1.127402142979e-11 
 2461       1.122787845331e-11 
 2462       1.118175446236e-11 
 2463       1.113565918005e-11 
 2464       1.108960236061e-11 
 2465       1.104359378945e-11 
 2466       1.099764328315e-11 
 2467       1.095176068954e-11 
 2468       1.090595588772e-11 
 2469       1.086023878807e-11 
 2470       1.081461933228e-11 
 2471       1.076910749342e-11 
 2472       1.072371327592e-11 
 2473       1.067844671565e-11 
 2474       1.063331787992e-11 
 2475       1.058833686752e-11 
 2476       1.054351380875e-11 
 2477       1.049885886545e-11 
 2478       1.045438223104e-11 
 2479       1.041009413054e-11 
 2480       1.036600482062e-11 
 2481       1.032212458961e-11 
 2482       1.027846375753e-11 
 2483       1.023503267614e-11 
 2484       1.019184172896e-11 
 2485       1.014890133132e-11 
 2486       1.010622193035e-11 
 2487       1.006381400505e-11 
 2488       1.002168806631e-11 
 2489       9.979854656929e-12 
 2490       9.938324351670e-12 
 2491       9.897107757269e-12 
 2492       9.856215512478e-12 
 2493       9.815658288093e-12 
 2494       9.775441000447e-12 
 2495       9.735545414687e-12 
 2496       9.695947439423e-12 
 2497       9.656622903908e-12 
 2498       9.617547557959e-12 
 2499       9.578697071880e-12 
 2500       9.540047036378e-12 
