# dimensionless total [l(l+1)/2pi] C_l's
# for l=2 to 2500, i.e. number of multipoles equal to 2499
#
# -> if you prefer output in CAMB/HealPix/LensPix units/order, set 'format' to 'camb' in input file
# -> if you don't want to see such a header, set 'headers' to 'no' in input file
#
# 1:l     2:TT                 
    2       1.383612266300e-10 
    3       1.309293921023e-10 
    4       1.238705449727e-10 
    5       1.185611637784e-10 
    6       1.148939710067e-10 
    7       1.125519857052e-10 
    8       1.111440874251e-10 
    9       1.104607193847e-10 
   10       1.103186329766e-10 
   11       1.105767449167e-10 
   12       1.111995860436e-10 
   13       1.120476405262e-10 
   14       1.130489043661e-10 
   15       1.142348403401e-10 
   16       1.156057955921e-10 
   17       1.170335266686e-10 
   18       1.185671600129e-10 
   19       1.202217478488e-10 
   20       1.219266292860e-10 
   21       1.236943798650e-10 
   22       1.255313125175e-10 
   23       1.274271294641e-10 
   24       1.293485054466e-10 
   25       1.313102641188e-10 
   26       1.333254700630e-10 
   27       1.353895026656e-10 
   28       1.374832709507e-10 
   29       1.396121903418e-10 
   30       1.417773896778e-10 
   31       1.439695176949e-10 
   32       1.461914696038e-10 
   33       1.484415167845e-10 
   34       1.507117672704e-10 
   35       1.530081115262e-10 
   36       1.553356190952e-10 
   37       1.576943471742e-10 
   38       1.600857773871e-10 
   39       1.625073054581e-10 
   40       1.649496852539e-10 
   41       1.674017874168e-10 
   42       1.698683020198e-10 
   43       1.723567038876e-10 
   44       1.748720673530e-10 
   45       1.774172192019e-10 
   46       1.799939099042e-10 
   47       1.826015176530e-10 
   48       1.852363989608e-10 
   49       1.878916343737e-10 
   50       1.905599791993e-10 
   51       1.932442498643e-10 
   52       1.959493172681e-10 
   53       1.986790471676e-10 
   54       2.014361967166e-10 
   55       2.042225943466e-10 
   56       2.070399687605e-10 
   57       2.098891446584e-10 
   58       2.127696870269e-10 
   59       2.156798087175e-10 
   60       2.186162780243e-10 
   61       2.215757945586e-10 
   62       2.245596868442e-10 
   63       2.275701099415e-10 
   64       2.306086252696e-10 
   65       2.336761547718e-10 
   66       2.367729350815e-10 
   67       2.398984716881e-10 
   68       2.430521439057e-10 
   69       2.462352645786e-10 
   70       2.494493573053e-10 
   71       2.526955138966e-10 
   72       2.559743651859e-10 
   73       2.592860518396e-10 
   74       2.626301951675e-10 
   75       2.660058679335e-10 
   76       2.694120907479e-10 
   77       2.728494902733e-10 
   78       2.763188917740e-10 
   79       2.798208022451e-10 
   80       2.833553920003e-10 
   81       2.869224762600e-10 
   82       2.905214967391e-10 
   83       2.941515032349e-10 
   84       2.978115639103e-10 
   85       3.015021146238e-10 
   86       3.052238005726e-10 
   87       3.089770564433e-10 
   88       3.127620952055e-10 
   89       3.165788969041e-10 
   90       3.204271974527e-10 
   91       3.243064774261e-10 
   92       3.282159508534e-10 
   93       3.321548400725e-10 
   94       3.361232719230e-10 
   95       3.401214962473e-10 
   96       3.441496046558e-10 
   97       3.482075232463e-10 
   98       3.522950053237e-10 
   99       3.564116241197e-10 
  100       3.605567655126e-10 
  101       3.647296207462e-10 
  102       3.689291791503e-10 
  103       3.731542208595e-10 
  104       3.774035742052e-10 
  105       3.816769431682e-10 
  106       3.859741786504e-10 
  107       3.902950194653e-10 
  108       3.946390879659e-10 
  109       3.990058856733e-10 
  110       4.033947889043e-10 
  111       4.078050443996e-10 
  112       4.122357649520e-10 
  113       4.166859250347e-10 
  114       4.211543564286e-10 
  115       4.256397438513e-10 
  116       4.301408086558e-10 
  117       4.346568946137e-10 
  118       4.391874454737e-10 
  119       4.437318205841e-10 
  120       4.482892921831e-10 
  121       4.528590426904e-10 
  122       4.574401619975e-10 
  123       4.620316447593e-10 
  124       4.666323876846e-10 
  125       4.712411868272e-10 
  126       4.758567348770e-10 
  127       4.804776184508e-10 
  128       4.851023153833e-10 
  129       4.897293510840e-10 
  130       4.943577927556e-10 
  131       4.989868045246e-10 
  132       5.036154916803e-10 
  133       5.082428991037e-10 
  134       5.128680096968e-10 
  135       5.174897428118e-10 
  136       5.221069526801e-10 
  137       5.267184268418e-10 
  138       5.313228845745e-10 
  139       5.359189753228e-10 
  140       5.405052771272e-10 
  141       5.450802950537e-10 
  142       5.496424596225e-10 
  143       5.541901252373e-10 
  144       5.587217015699e-10 
  145       5.632360656271e-10 
  146       5.677321875112e-10 
  147       5.722090003125e-10 
  148       5.766653993034e-10 
  149       5.811002411312e-10 
  150       5.855123430114e-10 
  151       5.899004819211e-10 
  152       5.942633937925e-10 
  153       5.985997727057e-10 
  154       6.029082700824e-10 
  155       6.071874938789e-10 
  156       6.114360077799e-10 
  157       6.156523303909e-10 
  158       6.198349344324e-10 
  159       6.239822459327e-10 
  160       6.280926434214e-10 
  161       6.321645702404e-10 
  162       6.361968843342e-10 
  163       6.401885379947e-10 
  164       6.441384672416e-10 
  165       6.480455915358e-10 
  166       6.519088134937e-10 
  167       6.557270186001e-10 
  168       6.594990749226e-10 
  169       6.632238328251e-10 
  170       6.669001246817e-10 
  171       6.705267645898e-10 
  172       6.741025480849e-10 
  173       6.776262518534e-10 
  174       6.810966334466e-10 
  175       6.845124309947e-10 
  176       6.878723629203e-10 
  177       6.911751276521e-10 
  178       6.944194033388e-10 
  179       6.976038475627e-10 
  180       7.007271846215e-10 
  181       7.037884757309e-10 
  182       7.067868697999e-10 
  183       7.097215178296e-10 
  184       7.125915729486e-10 
  185       7.153961904500e-10 
  186       7.181345278270e-10 
  187       7.208057448097e-10 
  188       7.234090034010e-10 
  189       7.259434679134e-10 
  190       7.284083050044e-10 
  191       7.308026837136e-10 
  192       7.331257754985e-10 
  193       7.353767542709e-10 
  194       7.375547964333e-10 
  195       7.396590809147e-10 
  196       7.416887892077e-10 
  197       7.436431054037e-10 
  198       7.455212162303e-10 
  199       7.473223110864e-10 
  200       7.490455820796e-10 
  201       7.506902828002e-10 
  202       7.522559092487e-10 
  203       7.537420319178e-10 
  204       7.551482384232e-10 
  205       7.564741337139e-10 
  206       7.577193402823e-10 
  207       7.588834983734e-10 
  208       7.599662661954e-10 
  209       7.609673201291e-10 
  210       7.618863549377e-10 
  211       7.627230839772e-10 
  212       7.634772394058e-10 
  213       7.641485723938e-10 
  214       7.647368533337e-10 
  215       7.652418720499e-10 
  216       7.656634380087e-10 
  217       7.660013805279e-10 
  218       7.662555489871e-10 
  219       7.664258130372e-10 
  220       7.665120628103e-10 
  221       7.665142091299e-10 
  222       7.664321837202e-10 
  223       7.662659394167e-10 
  224       7.660154704172e-10 
  225       7.656808740492e-10 
  226       7.652622933806e-10 
  227       7.647598977913e-10 
  228       7.641738832306e-10 
  229       7.635044724750e-10 
  230       7.627519153854e-10 
  231       7.619164891650e-10 
  232       7.609984986170e-10 
  233       7.599982764017e-10 
  234       7.589161832945e-10 
  235       7.577526084434e-10 
  236       7.565079696265e-10 
  237       7.551827135099e-10 
  238       7.537773159046e-10 
  239       7.522922820249e-10 
  240       7.507281467455e-10 
  241       7.490854748590e-10 
  242       7.473648613340e-10 
  243       7.455669315723e-10 
  244       7.436923416664e-10 
  245       7.417417786575e-10 
  246       7.397159607926e-10 
  247       7.376156377824e-10 
  248       7.354415910591e-10 
  249       7.331946340332e-10 
  250       7.308755847717e-10 
  251       7.284851817484e-10 
  252       7.260241637305e-10 
  253       7.234932971250e-10 
  254       7.208933761838e-10 
  255       7.182252232081e-10 
  256       7.154896887538e-10 
  257       7.126876518358e-10 
  258       7.098200201334e-10 
  259       7.068877301945e-10 
  260       7.038917476411e-10 
  261       7.008330673737e-10 
  262       6.977127137763e-10 
  263       6.945317409213e-10 
  264       6.912912327741e-10 
  265       6.879923033982e-10 
  266       6.846360971601e-10 
  267       6.812237889339e-10 
  268       6.777565843062e-10 
  269       6.742357197810e-10 
  270       6.706624629848e-10 
  271       6.670381128708e-10 
  272       6.633639999243e-10 
  273       6.596414863676e-10 
  274       6.558719663643e-10 
  275       6.520568662246e-10 
  276       6.481976446100e-10 
  277       6.442957927381e-10 
  278       6.403528345877e-10 
  279       6.363702459832e-10 
  280       6.323492067871e-10 
  281       6.282908362683e-10 
  282       6.241962731454e-10 
  283       6.200666756670e-10 
  284       6.159032216921e-10 
  285       6.117071087700e-10 
  286       6.074795542209e-10 
  287       6.032217952157e-10 
  288       5.989350888568e-10 
  289       5.946207122579e-10 
  290       5.902799626244e-10 
  291       5.859141573336e-10 
  292       5.815246340149e-10 
  293       5.771127506302e-10 
  294       5.726798855539e-10 
  295       5.682274376534e-10 
  296       5.637568263690e-10 
  297       5.592694917944e-10 
  298       5.547668947570e-10 
  299       5.502505168978e-10 
  300       5.457218607521e-10 
  301       5.411824498291e-10 
  302       5.366338286929e-10 
  303       5.320775630421e-10 
  304       5.275152397903e-10 
  305       5.229484671465e-10 
  306       5.183788746949e-10 
  307       5.138081134756e-10 
  308       5.092378560645e-10 
  309       5.046697966539e-10 
  310       5.001056511321e-10 
  311       4.955471571644e-10 
  312       4.909959559983e-10 
  313       4.864532316555e-10 
  314       4.819200551554e-10 
  315       4.773975012153e-10 
  316       4.728866481858e-10 
  317       4.683885779850e-10 
  318       4.639043760339e-10 
  319       4.594351311911e-10 
  320       4.549819356878e-10 
  321       4.505458850627e-10 
  322       4.461280780967e-10 
  323       4.417296167480e-10 
  324       4.373516060871e-10 
  325       4.329951542313e-10 
  326       4.286613722801e-10 
  327       4.243513742497e-10 
  328       4.200662770081e-10 
  329       4.158072002099e-10 
  330       4.115752662313e-10 
  331       4.073716001050e-10 
  332       4.031973294550e-10 
  333       3.990535844314e-10 
  334       3.949414976459e-10 
  335       3.908622041058e-10 
  336       3.868168411495e-10 
  337       3.828065483813e-10 
  338       3.788324676063e-10 
  339       3.748957427652e-10 
  340       3.709975198692e-10 
  341       3.671389469350e-10 
  342       3.633211739197e-10 
  343       3.595453526557e-10 
  344       3.558126367854e-10 
  345       3.521241816963e-10 
  346       3.484811444561e-10 
  347       3.448846837470e-10 
  348       3.413359598011e-10 
  349       3.378360339445e-10 
  350       3.343855627562e-10 
  351       3.309850910779e-10 
  352       3.276351510951e-10 
  353       3.243362621737e-10 
  354       3.210889306960e-10 
  355       3.178936498970e-10 
  356       3.147508997007e-10 
  357       3.116611465567e-10 
  358       3.086248432759e-10 
  359       3.056424288672e-10 
  360       3.027143283737e-10 
  361       2.998409527088e-10 
  362       2.970226984928e-10 
  363       2.942599478887e-10 
  364       2.915530684390e-10 
  365       2.889024129017e-10 
  366       2.863083190865e-10 
  367       2.837711096913e-10 
  368       2.812910921382e-10 
  369       2.788685584102e-10 
  370       2.765037848870e-10 
  371       2.741970321815e-10 
  372       2.719485449762e-10 
  373       2.697585518594e-10 
  374       2.676272651611e-10 
  375       2.655548807899e-10 
  376       2.635415780689e-10 
  377       2.615875195720e-10 
  378       2.596928509603e-10 
  379       2.578577008182e-10 
  380       2.560821804898e-10 
  381       2.543663839154e-10 
  382       2.527103874672e-10 
  383       2.511142497860e-10 
  384       2.495780116176e-10 
  385       2.481016956485e-10 
  386       2.466853063430e-10 
  387       2.453288297786e-10 
  388       2.440322178920e-10 
  389       2.427953409004e-10 
  390       2.416180327787e-10 
  391       2.405001065145e-10 
  392       2.394413539320e-10 
  393       2.384415455158e-10 
  394       2.375004302346e-10 
  395       2.366177353653e-10 
  396       2.357931663169e-10 
  397       2.350264064542e-10 
  398       2.343171169219e-10 
  399       2.336649364681e-10 
  400       2.330694812688e-10 
  401       2.325303447511e-10 
  402       2.320470974177e-10 
  403       2.316192866702e-10 
  404       2.312464366335e-10 
  405       2.309280479793e-10 
  406       2.306635977502e-10 
  407       2.304525391835e-10 
  408       2.302943015350e-10 
  409       2.301882899031e-10 
  410       2.301338850525e-10 
  411       2.301304432382e-10 
  412       2.301772960291e-10 
  413       2.302737501324e-10 
  414       2.304190872168e-10 
  415       2.306125637372e-10 
  416       2.308534107577e-10 
  417       2.311408337763e-10 
  418       2.314740125482e-10 
  419       2.318521009098e-10 
  420       2.322742266028e-10 
  421       2.327394910979e-10 
  422       2.332469694188e-10 
  423       2.337957099659e-10 
  424       2.343847343403e-10 
  425       2.350130371676e-10 
  426       2.356795859221e-10 
  427       2.363834034407e-10 
  428       2.371238189173e-10 
  429       2.379002251016e-10 
  430       2.387119962588e-10 
  431       2.395584880476e-10 
  432       2.404390373986e-10 
  433       2.413529623922e-10 
  434       2.422995621369e-10 
  435       2.432781166477e-10 
  436       2.442878867237e-10 
  437       2.453281138271e-10 
  438       2.463980199605e-10 
  439       2.474968075458e-10 
  440       2.486236593019e-10 
  441       2.497777381231e-10 
  442       2.509581869572e-10 
  443       2.521641286839e-10 
  444       2.533946659924e-10 
  445       2.546488812603e-10 
  446       2.559258364313e-10 
  447       2.572245728935e-10 
  448       2.585441113576e-10 
  449       2.598834517352e-10 
  450       2.612415730165e-10 
  451       2.626174331491e-10 
  452       2.640099689159e-10 
  453       2.654180958132e-10 
  454       2.668407079288e-10 
  455       2.682766778206e-10 
  456       2.697248563943e-10 
  457       2.711840727818e-10 
  458       2.726531342195e-10 
  459       2.741308259261e-10 
  460       2.756159109812e-10 
  461       2.771071302032e-10 
  462       2.786032020275e-10 
  463       2.801028223850e-10 
  464       2.816046645796e-10 
  465       2.831073791672e-10 
  466       2.846097348985e-10 
  467       2.861110466380e-10 
  468       2.876107605560e-10 
  469       2.891083142263e-10 
  470       2.906031365823e-10 
  471       2.920946478729e-10 
  472       2.935822596183e-10 
  473       2.950653745664e-10 
  474       2.965433866481e-10 
  475       2.980156809337e-10 
  476       2.994816335890e-10 
  477       3.009406118308e-10 
  478       3.023919738833e-10 
  479       3.038350689335e-10 
  480       3.052692370881e-10 
  481       3.066938093284e-10 
  482       3.081081074669e-10 
  483       3.095114441033e-10 
  484       3.109031225800e-10 
  485       3.122824369386e-10 
  486       3.136486718753e-10 
  487       3.150011026975e-10 
  488       3.163389952792e-10 
  489       3.176616060172e-10 
  490       3.189681817872e-10 
  491       3.202579598994e-10 
  492       3.215301680549e-10 
  493       3.227840243013e-10 
  494       3.240187369889e-10 
  495       3.252335047263e-10 
  496       3.264275163370e-10 
  497       3.275999508148e-10 
  498       3.287499772798e-10 
  499       3.298767549349e-10 
  500       3.309794330209e-10 
  501       3.320571507733e-10 
  502       3.331090373778e-10 
  503       3.341342119263e-10 
  504       3.351317833730e-10 
  505       3.361009801927e-10 
  506       3.370415435542e-10 
  507       3.379533453871e-10 
  508       3.388362597207e-10 
  509       3.396901627004e-10 
  510       3.405149326050e-10 
  511       3.413104498634e-10 
  512       3.420765970716e-10 
  513       3.428132590094e-10 
  514       3.435203226571e-10 
  515       3.441976772132e-10 
  516       3.448452141100e-10 
  517       3.454628270317e-10 
  518       3.460504119304e-10 
  519       3.466078670435e-10 
  520       3.471350929103e-10 
  521       3.476319923889e-10 
  522       3.480984706732e-10 
  523       3.485344353096e-10 
  524       3.489397962141e-10 
  525       3.493144656889e-10 
  526       3.496583584396e-10 
  527       3.499713915915e-10 
  528       3.502534847074e-10 
  529       3.505045598034e-10 
  530       3.507245413665e-10 
  531       3.509133563715e-10 
  532       3.510709342973e-10 
  533       3.511972071442e-10 
  534       3.512921094508e-10 
  535       3.513555783107e-10 
  536       3.513875533893e-10 
  537       3.513879769411e-10 
  538       3.513567938260e-10 
  539       3.512939515264e-10 
  540       3.511994001645e-10 
  541       3.510730925184e-10 
  542       3.509149840394e-10 
  543       3.507250328692e-10 
  544       3.505032600731e-10 
  545       3.502499320803e-10 
  546       3.499653831591e-10 
  547       3.496499556828e-10 
  548       3.493040001708e-10 
  549       3.489278753300e-10 
  550       3.485219480960e-10 
  551       3.480865936741e-10 
  552       3.476221955809e-10 
  553       3.471291456855e-10 
  554       3.466078442503e-10 
  555       3.460586999730e-10 
  556       3.454821300272e-10 
  557       3.448785601038e-10 
  558       3.442484244524e-10 
  559       3.435921659226e-10 
  560       3.429102360048e-10 
  561       3.422030948722e-10 
  562       3.414712114211e-10 
  563       3.407150633131e-10 
  564       3.399351370154e-10 
  565       3.391319278431e-10 
  566       3.383059399994e-10 
  567       3.374576866175e-10 
  568       3.365876898018e-10 
  569       3.356964806687e-10 
  570       3.347845993886e-10 
  571       3.338525952262e-10 
  572       3.329010265826e-10 
  573       3.319304610361e-10 
  574       3.309414753835e-10 
  575       3.299346556815e-10 
  576       3.289105972876e-10 
  577       3.278699049018e-10 
  578       3.268131926074e-10 
  579       3.257410839128e-10 
  580       3.246542117921e-10 
  581       3.235532187266e-10 
  582       3.224387567465e-10 
  583       3.213114609567e-10 
  584       3.201718693071e-10 
  585       3.190205008998e-10 
  586       3.178578823544e-10 
  587       3.166845478395e-10 
  588       3.155010391053e-10 
  589       3.143079055146e-10 
  590       3.131057040755e-10 
  591       3.118949994728e-10 
  592       3.106763641002e-10 
  593       3.094503780919e-10 
  594       3.082176293549e-10 
  595       3.069787136005e-10 
  596       3.057342343764e-10 
  597       3.044848030986e-10 
  598       3.032310390831e-10 
  599       3.019735695784e-10 
  600       3.007130297964e-10 
  601       2.994500629453e-10 
  602       2.981853202610e-10 
  603       2.969194610388e-10 
  604       2.956531526659e-10 
  605       2.943870706528e-10 
  606       2.931218986653e-10 
  607       2.918583285567e-10 
  608       2.905970603993e-10 
  609       2.893388025165e-10 
  610       2.880842715145e-10 
  611       2.868341923148e-10 
  612       2.855892981852e-10 
  613       2.843503307724e-10 
  614       2.831180401337e-10 
  615       2.818931847687e-10 
  616       2.806765316516e-10 
  617       2.794688562626e-10 
  618       2.782709426202e-10 
  619       2.770835833130e-10 
  620       2.759075795315e-10 
  621       2.747437411002e-10 
  622       2.735928045525e-10 
  623       2.724551851856e-10 
  624       2.713312192605e-10 
  625       2.702212454394e-10 
  626       2.691256047928e-10 
  627       2.680446408049e-10 
  628       2.669786993814e-10 
  629       2.659281288550e-10 
  630       2.648932799925e-10 
  631       2.638745060009e-10 
  632       2.628721625345e-10 
  633       2.618866077007e-10 
  634       2.609182020673e-10 
  635       2.599673086683e-10 
  636       2.590342930109e-10 
  637       2.581195230817e-10 
  638       2.572233693534e-10 
  639       2.563462047916e-10 
  640       2.554884048606e-10 
  641       2.546503475305e-10 
  642       2.538324132837e-10 
  643       2.530349851211e-10 
  644       2.522584485687e-10 
  645       2.515031916846e-10 
  646       2.507696050647e-10 
  647       2.500580818499e-10 
  648       2.493690177324e-10 
  649       2.487028109620e-10 
  650       2.480598623530e-10 
  651       2.474405752905e-10 
  652       2.468453557369e-10 
  653       2.462746122385e-10 
  654       2.457287559321e-10 
  655       2.452082005512e-10 
  656       2.447133624329e-10 
  657       2.442446605243e-10 
  658       2.438025163888e-10 
  659       2.433873542129e-10 
  660       2.429996008126e-10 
  661       2.426396040874e-10 
  662       2.423073863948e-10 
  663       2.420028857500e-10 
  664       2.417260368704e-10 
  665       2.414767711598e-10 
  666       2.412550166923e-10 
  667       2.410606981969e-10 
  668       2.408937370411e-10 
  669       2.407540512155e-10 
  670       2.406415553178e-10 
  671       2.405561605369e-10 
  672       2.404977746370e-10 
  673       2.404663019421e-10 
  674       2.404616433198e-10 
  675       2.404836961655e-10 
  676       2.405323543867e-10 
  677       2.406075083871e-10 
  678       2.407090450508e-10 
  679       2.408368477262e-10 
  680       2.409907962105e-10 
  681       2.411707667337e-10 
  682       2.413766319427e-10 
  683       2.416082608856e-10 
  684       2.418655189957e-10 
  685       2.421482680758e-10 
  686       2.424563662822e-10 
  687       2.427896681090e-10 
  688       2.431480243721e-10 
  689       2.435312821937e-10 
  690       2.439392849859e-10 
  691       2.443718724354e-10 
  692       2.448288804872e-10 
  693       2.453101413292e-10 
  694       2.458154833759e-10 
  695       2.463447312531e-10 
  696       2.468977057814e-10 
  697       2.474742239609e-10 
  698       2.480740989551e-10 
  699       2.486971400750e-10 
  700       2.493431205150e-10 
  701       2.500116798533e-10 
  702       2.507024194890e-10 
  703       2.514149346832e-10 
  704       2.521488145350e-10 
  705       2.529036419579e-10 
  706       2.536789936560e-10 
  707       2.544744401004e-10 
  708       2.552895455054e-10 
  709       2.561238678048e-10 
  710       2.569769586280e-10 
  711       2.578483632766e-10 
  712       2.587376207003e-10 
  713       2.596442634734e-10 
  714       2.605678177711e-10 
  715       2.615078033456e-10 
  716       2.624637335025e-10 
  717       2.634351150769e-10 
  718       2.644214484099e-10 
  719       2.654222273247e-10 
  720       2.664369391031e-10 
  721       2.674650644613e-10 
  722       2.685060775267e-10 
  723       2.695594458140e-10 
  724       2.706246302010e-10 
  725       2.717010849058e-10 
  726       2.727882574622e-10 
  727       2.738855886963e-10 
  728       2.749925127031e-10 
  729       2.761084568221e-10 
  730       2.772328416140e-10 
  731       2.783650808372e-10 
  732       2.795045814232e-10 
  733       2.806507434540e-10 
  734       2.818029601375e-10 
  735       2.829606177839e-10 
  736       2.841230957826e-10 
  737       2.852897665776e-10 
  738       2.864599956444e-10 
  739       2.876331725843e-10 
  740       2.888088051291e-10 
  741       2.899864269452e-10 
  742       2.911655666658e-10 
  743       2.923457478745e-10 
  744       2.935264890881e-10 
  745       2.947073037401e-10 
  746       2.958877001631e-10 
  747       2.970671815726e-10 
  748       2.982452460498e-10 
  749       2.994213865246e-10 
  750       3.005950907588e-10 
  751       3.017658413294e-10 
  752       3.029331156113e-10 
  753       3.040963857607e-10 
  754       3.052551186980e-10 
  755       3.064087760912e-10 
  756       3.075568143385e-10 
  757       3.086986845520e-10 
  758       3.098338325403e-10 
  759       3.109616987917e-10 
  760       3.120817184577e-10 
  761       3.131933213355e-10 
  762       3.142959318516e-10 
  763       3.153889690444e-10 
  764       3.164718465478e-10 
  765       3.175439725739e-10 
  766       3.186047498966e-10 
  767       3.196535758340e-10 
  768       3.206898422321e-10 
  769       3.217129354474e-10 
  770       3.227222363306e-10 
  771       3.237171202092e-10 
  772       3.246969568707e-10 
  773       3.256611105457e-10 
  774       3.266089398914e-10 
  775       3.275397979739e-10 
  776       3.284530322521e-10 
  777       3.293479845602e-10 
  778       3.302240620663e-10 
  779       3.310809516395e-10 
  780       3.319184094695e-10 
  781       3.327361904522e-10 
  782       3.335340481875e-10 
  783       3.343117349758e-10 
  784       3.350690018156e-10 
  785       3.358055984007e-10 
  786       3.365212731170e-10 
  787       3.372157730398e-10 
  788       3.378888439312e-10 
  789       3.385402302368e-10 
  790       3.391696750832e-10 
  791       3.397769202751e-10 
  792       3.403617062923e-10 
  793       3.409237722870e-10 
  794       3.414628560807e-10 
  795       3.419786941617e-10 
  796       3.424710216823e-10 
  797       3.429395724553e-10 
  798       3.433840789518e-10 
  799       3.438042722983e-10 
  800       3.441998822734e-10 
  801       3.445706373056e-10 
  802       3.449162644696e-10 
  803       3.452364894845e-10 
  804       3.455310367099e-10 
  805       3.457996291439e-10 
  806       3.460419884198e-10 
  807       3.462578348032e-10 
  808       3.464468871896e-10 
  809       3.466088631008e-10 
  810       3.467434786831e-10 
  811       3.468504487032e-10 
  812       3.469294865465e-10 
  813       3.469803042136e-10 
  814       3.470026123175e-10 
  815       3.469961200809e-10 
  816       3.469605353335e-10 
  817       3.468956313362e-10 
  818       3.468014485710e-10 
  819       3.466780965499e-10 
  820       3.465256873235e-10 
  821       3.463443354900e-10 
  822       3.461341582041e-10 
  823       3.458952751867e-10 
  824       3.456278087336e-10 
  825       3.453318837247e-10 
  826       3.450076276335e-10 
  827       3.446551705356e-10 
  828       3.442746451186e-10 
  829       3.438661866906e-10 
  830       3.434299331899e-10 
  831       3.429660251937e-10 
  832       3.424746059275e-10 
  833       3.419558212741e-10 
  834       3.414098197830e-10 
  835       3.408367526793e-10 
  836       3.402367738730e-10 
  837       3.396100399678e-10 
  838       3.389567102710e-10 
  839       3.382769468019e-10 
  840       3.375709143012e-10 
  841       3.368387802404e-10 
  842       3.360807148305e-10 
  843       3.352968910316e-10 
  844       3.344874845617e-10 
  845       3.336526739061e-10 
  846       3.327926403263e-10 
  847       3.319075678693e-10 
  848       3.309976433770e-10 
  849       3.300630564947e-10 
  850       3.291039996810e-10 
  851       3.281206682163e-10 
  852       3.271132602124e-10 
  853       3.260819766214e-10 
  854       3.250270212450e-10 
  855       3.239486007437e-10 
  856       3.228469507455e-10 
  857       3.217224146426e-10 
  858       3.205753661569e-10 
  859       3.194061833749e-10 
  860       3.182152487613e-10 
  861       3.170029491727e-10 
  862       3.157696758706e-10 
  863       3.145158245350e-10 
  864       3.132417952778e-10 
  865       3.119479926563e-10 
  866       3.106348256864e-10 
  867       3.093027078563e-10 
  868       3.079520571399e-10 
  869       3.065832960097e-10 
  870       3.051968514510e-10 
  871       3.037931549749e-10 
  872       3.023726426316e-10 
  873       3.009357550241e-10 
  874       2.994829373215e-10 
  875       2.980146392724e-10 
  876       2.965313152183e-10 
  877       2.950334241072e-10 
  878       2.935214295067e-10 
  879       2.919957996177e-10 
  880       2.904570072878e-10 
  881       2.889055300245e-10 
  882       2.873418500087e-10 
  883       2.857664541085e-10 
  884       2.841798338920e-10 
  885       2.825824856411e-10 
  886       2.809749103649e-10 
  887       2.793576138129e-10 
  888       2.777311064888e-10 
  889       2.760959036635e-10 
  890       2.744525253888e-10 
  891       2.728014965109e-10 
  892       2.711433466833e-10 
  893       2.694786103808e-10 
  894       2.678078269127e-10 
  895       2.661315159503e-10 
  896       2.644501036448e-10 
  897       2.627639953307e-10 
  898       2.610735999126e-10 
  899       2.593793298746e-10 
  900       2.576816012900e-10 
  901       2.559808338313e-10 
  902       2.542774507798e-10 
  903       2.525718790356e-10 
  904       2.508645491270e-10 
  905       2.491558952203e-10 
  906       2.474463551300e-10 
  907       2.457363703279e-10 
  908       2.440263859534e-10 
  909       2.423168508230e-10 
  910       2.406082174401e-10 
  911       2.389009420046e-10 
  912       2.371954844231e-10 
  913       2.354923083181e-10 
  914       2.337918810381e-10 
  915       2.320946736674e-10 
  916       2.304011610356e-10 
  917       2.287118217274e-10 
  918       2.270271380927e-10 
  919       2.253475962559e-10 
  920       2.236736861258e-10 
  921       2.220059014056e-10 
  922       2.203447396024e-10 
  923       2.186907020370e-10 
  924       2.170442938536e-10 
  925       2.154060240296e-10 
  926       2.137764053857e-10 
  927       2.121559545950e-10 
  928       2.105451921931e-10 
  929       2.089446425882e-10 
  930       2.073548340701e-10 
  931       2.057762988205e-10 
  932       2.042095729228e-10 
  933       2.026551963714e-10 
  934       2.011136571938e-10 
  935       1.995852228379e-10 
  936       1.980701061680e-10 
  937       1.965685211155e-10 
  938       1.950806826813e-10 
  939       1.936068069378e-10 
  940       1.921471110309e-10 
  941       1.907018131824e-10 
  942       1.892711326915e-10 
  943       1.878552899374e-10 
  944       1.864545063811e-10 
  945       1.850690045675e-10 
  946       1.836990081278e-10 
  947       1.823447417809e-10 
  948       1.810064313362e-10 
  949       1.796843036951e-10 
  950       1.783785868537e-10 
  951       1.770895099041e-10 
  952       1.758173030370e-10 
  953       1.745621975439e-10 
  954       1.733244258187e-10 
  955       1.721042213599e-10 
  956       1.709018187731e-10 
  957       1.697174537726e-10 
  958       1.685513631836e-10 
  959       1.674037849443e-10 
  960       1.662749581081e-10 
  961       1.651651228455e-10 
  962       1.640745204463e-10 
  963       1.630033933215e-10 
  964       1.619519850055e-10 
  965       1.609205401583e-10 
  966       1.599093045673e-10 
  967       1.589185251497e-10 
  968       1.579484499542e-10 
  969       1.569993281633e-10 
  970       1.560714100954e-10 
  971       1.551649472069e-10 
  972       1.542801920940e-10 
  973       1.534173451417e-10 
  974       1.525763935876e-10 
  975       1.517572700465e-10 
  976       1.509599056398e-10 
  977       1.501842299913e-10 
  978       1.494301712219e-10 
  979       1.486976559455e-10 
  980       1.479866092642e-10 
  981       1.472969547632e-10 
  982       1.466286145066e-10 
  983       1.459815090326e-10 
  984       1.453555573487e-10 
  985       1.447506769271e-10 
  986       1.441667837000e-10 
  987       1.436037920549e-10 
  988       1.430616148300e-10 
  989       1.425401633095e-10 
  990       1.420393472189e-10 
  991       1.415590747201e-10 
  992       1.410992524073e-10 
  993       1.406597853015e-10 
  994       1.402405768467e-10 
  995       1.398415289046e-10 
  996       1.394625417500e-10 
  997       1.391035140664e-10 
  998       1.387643429412e-10 
  999       1.384449238607e-10 
 1000       1.381451507059e-10 
 1001       1.378649157477e-10 
 1002       1.376041096418e-10 
 1003       1.373626214247e-10 
 1004       1.371403385085e-10 
 1005       1.369371466763e-10 
 1006       1.367529300779e-10 
 1007       1.365875712246e-10 
 1008       1.364409509847e-10 
 1009       1.363129485791e-10 
 1010       1.362034415762e-10 
 1011       1.361123058875e-10 
 1012       1.360393932061e-10 
 1013       1.359844629758e-10 
 1014       1.359472494304e-10 
 1015       1.359274840546e-10 
 1016       1.359248955767e-10 
 1017       1.359392099607e-10 
 1018       1.359701503997e-10 
 1019       1.360174373079e-10 
 1020       1.360807883139e-10 
 1021       1.361599182529e-10 
 1022       1.362545391597e-10 
 1023       1.363643602612e-10 
 1024       1.364890879691e-10 
 1025       1.366284258727e-10 
 1026       1.367820747314e-10 
 1027       1.369497324675e-10 
 1028       1.371310941588e-10 
 1029       1.373258520314e-10 
 1030       1.375336954524e-10 
 1031       1.377543109223e-10 
 1032       1.379873820679e-10 
 1033       1.382325896351e-10 
 1034       1.384896114813e-10 
 1035       1.387581225681e-10 
 1036       1.390377949545e-10 
 1037       1.393282977886e-10 
 1038       1.396292973013e-10 
 1039       1.399404567983e-10 
 1040       1.402614366531e-10 
 1041       1.405918942995e-10 
 1042       1.409314842245e-10 
 1043       1.412798579606e-10 
 1044       1.416366640791e-10 
 1045       1.420015481821e-10 
 1046       1.423741528956e-10 
 1047       1.427541178620e-10 
 1048       1.431410797328e-10 
 1049       1.435346721616e-10 
 1050       1.439345257962e-10 
 1051       1.443402837705e-10 
 1052       1.447516484296e-10 
 1053       1.451683352396e-10 
 1054       1.455900573420e-10 
 1055       1.460165255481e-10 
 1056       1.464474483332e-10 
 1057       1.468825318313e-10 
 1058       1.473214798292e-10 
 1059       1.477639937609e-10 
 1060       1.482097727020e-10 
 1061       1.486585133641e-10 
 1062       1.491099100891e-10 
 1063       1.495636548435e-10 
 1064       1.500194372129e-10 
 1065       1.504769443963e-10 
 1066       1.509358612005e-10 
 1067       1.513958700344e-10 
 1068       1.518566509032e-10 
 1069       1.523178814033e-10 
 1070       1.527792367160e-10 
 1071       1.532403896024e-10 
 1072       1.537010103973e-10 
 1073       1.541607670041e-10 
 1074       1.546193248885e-10 
 1075       1.550763470734e-10 
 1076       1.555314941332e-10 
 1077       1.559844241879e-10 
 1078       1.564347928976e-10 
 1079       1.568822534568e-10 
 1080       1.573264565890e-10 
 1081       1.577670505408e-10 
 1082       1.582036810763e-10 
 1083       1.586359914716e-10 
 1084       1.590636225091e-10 
 1085       1.594862124717e-10 
 1086       1.599033971373e-10 
 1087       1.603148097735e-10 
 1088       1.607200811311e-10 
 1089       1.611188394393e-10 
 1090       1.615107498724e-10 
 1091       1.618956335416e-10 
 1092       1.622733500871e-10 
 1093       1.626437583483e-10 
 1094       1.630067163627e-10 
 1095       1.633620813634e-10 
 1096       1.637097097782e-10 
 1097       1.640494572275e-10 
 1098       1.643811785228e-10 
 1099       1.647047276649e-10 
 1100       1.650199578427e-10 
 1101       1.653267214308e-10 
 1102       1.656248699886e-10 
 1103       1.659142542581e-10 
 1104       1.661947241625e-10 
 1105       1.664661288046e-10 
 1106       1.667283164648e-10 
 1107       1.669811345999e-10 
 1108       1.672244298411e-10 
 1109       1.674580479926e-10 
 1110       1.676818340297e-10 
 1111       1.678956320972e-10 
 1112       1.680992855081e-10 
 1113       1.682926367414e-10 
 1114       1.684755274407e-10 
 1115       1.686477984126e-10 
 1116       1.688092896250e-10 
 1117       1.689598402054e-10 
 1118       1.690992884394e-10 
 1119       1.692274717688e-10 
 1120       1.693442267900e-10 
 1121       1.694493892525e-10 
 1122       1.695427940572e-10 
 1123       1.696242752547e-10 
 1124       1.696936660435e-10 
 1125       1.697507987687e-10 
 1126       1.697955049200e-10 
 1127       1.698276151301e-10 
 1128       1.698469591734e-10 
 1129       1.698534042790e-10 
 1130       1.698469706182e-10 
 1131       1.698277173086e-10 
 1132       1.697957042367e-10 
 1133       1.697509920598e-10 
 1134       1.696936422082e-10 
 1135       1.696237168864e-10 
 1136       1.695412790758e-10 
 1137       1.694463925366e-10 
 1138       1.693391218091e-10 
 1139       1.692195322164e-10 
 1140       1.690876898659e-10 
 1141       1.689436616515e-10 
 1142       1.687875152552e-10 
 1143       1.686193191495e-10 
 1144       1.684391425991e-10 
 1145       1.682470556627e-10 
 1146       1.680431291954e-10 
 1147       1.678274348502e-10 
 1148       1.676000450801e-10 
 1149       1.673610331403e-10 
 1150       1.671104730895e-10 
 1151       1.668484397927e-10 
 1152       1.665750089226e-10 
 1153       1.662902569615e-10 
 1154       1.659942612035e-10 
 1155       1.656870997565e-10 
 1156       1.653688515440e-10 
 1157       1.650395963068e-10 
 1158       1.646994146054e-10 
 1159       1.643483878220e-10 
 1160       1.639865981617e-10 
 1161       1.636141286554e-10 
 1162       1.632310631611e-10 
 1163       1.628374863660e-10 
 1164       1.624334837888e-10 
 1165       1.620191417810e-10 
 1166       1.615945475295e-10 
 1167       1.611597890580e-10 
 1168       1.607149719073e-10 
 1169       1.602602693988e-10 
 1170       1.597958730037e-10 
 1171       1.593219757255e-10 
 1172       1.588387721033e-10 
 1173       1.583464582155e-10 
 1174       1.578452316829e-10 
 1175       1.573352916723e-10 
 1176       1.568168388998e-10 
 1177       1.562900756344e-10 
 1178       1.557552057012e-10 
 1179       1.552124344849e-10 
 1180       1.546619689334e-10 
 1181       1.541040175608e-10 
 1182       1.535387904512e-10 
 1183       1.529664992618e-10 
 1184       1.523873572269e-10 
 1185       1.518015791603e-10 
 1186       1.512093814598e-10 
 1187       1.506109821100e-10 
 1188       1.500066006856e-10 
 1189       1.493964583554e-10 
 1190       1.487807778852e-10 
 1191       1.481597836414e-10 
 1192       1.475337015944e-10 
 1193       1.469027593221e-10 
 1194       1.462671860130e-10 
 1195       1.456272124701e-10 
 1196       1.449830711140e-10 
 1197       1.443349959863e-10 
 1198       1.436832227531e-10 
 1199       1.430279887085e-10 
 1200       1.423695327777e-10 
 1201       1.417080955210e-10 
 1202       1.410439191364e-10 
 1203       1.403772474638e-10 
 1204       1.397083259881e-10 
 1205       1.390374018422e-10 
 1206       1.383647238112e-10 
 1207       1.376905320630e-10 
 1208       1.370150271986e-10 
 1209       1.363384008340e-10 
 1210       1.356608458408e-10 
 1211       1.349825563491e-10 
 1212       1.343037277498e-10 
 1213       1.336245566974e-10 
 1214       1.329452411123e-10 
 1215       1.322659801837e-10 
 1216       1.315869743718e-10 
 1217       1.309084254107e-10 
 1218       1.302305363107e-10 
 1219       1.295535113612e-10 
 1220       1.288775561328e-10 
 1221       1.282028774803e-10 
 1222       1.275296835451e-10 
 1223       1.268581837576e-10 
 1224       1.261885888402e-10 
 1225       1.255211108095e-10 
 1226       1.248559629790e-10 
 1227       1.241933599615e-10 
 1228       1.235335176719e-10 
 1229       1.228766533299e-10 
 1230       1.222229854620e-10 
 1231       1.215727339048e-10 
 1232       1.209261198068e-10 
 1233       1.202833656317e-10 
 1234       1.196446951605e-10 
 1235       1.190103334941e-10 
 1236       1.183805070561e-10 
 1237       1.177554435953e-10 
 1238       1.171353721880e-10 
 1239       1.165205232411e-10 
 1240       1.159111284939e-10 
 1241       1.153074210216e-10 
 1242       1.147096352371e-10 
 1243       1.141180068938e-10 
 1244       1.135327730884e-10 
 1245       1.129541722634e-10 
 1246       1.123824172483e-10 
 1247       1.118176140339e-10 
 1248       1.112598420505e-10 
 1249       1.107091810427e-10 
 1250       1.101657110701e-10 
 1251       1.096295125077e-10 
 1252       1.091006660464e-10 
 1253       1.085792526935e-10 
 1254       1.080653537731e-10 
 1255       1.075590509268e-10 
 1256       1.070604261138e-10 
 1257       1.065695616120e-10 
 1258       1.060865400177e-10 
 1259       1.056114442468e-10 
 1260       1.051443575348e-10 
 1261       1.046853634377e-10 
 1262       1.042345458322e-10 
 1263       1.037919889160e-10 
 1264       1.033577772088e-10 
 1265       1.029319955526e-10 
 1266       1.025147291118e-10 
 1267       1.021060633743e-10 
 1268       1.017060841515e-10 
 1269       1.013148775792e-10 
 1270       1.009325301175e-10 
 1271       1.005591285519e-10 
 1272       1.001947599936e-10 
 1273       9.983951187969e-11 
 1274       9.949347197409e-11 
 1275       9.915672836770e-11 
 1276       9.882936947902e-11 
 1277       9.851148405464e-11 
 1278       9.820316116969e-11 
 1279       9.790449022836e-11 
 1280       9.761556096436e-11 
 1281       9.733646344143e-11 
 1282       9.706728805382e-11 
 1283       9.680812552676e-11 
 1284       9.655906691697e-11 
 1285       9.632017780447e-11 
 1286       9.609142054572e-11 
 1287       9.587273113690e-11 
 1288       9.566404494092e-11 
 1289       9.546529668606e-11 
 1290       9.527642046457e-11 
 1291       9.509734973129e-11 
 1292       9.492801730224e-11 
 1293       9.476835535327e-11 
 1294       9.461829541864e-11 
 1295       9.447776838965e-11 
 1296       9.434670451325e-11 
 1297       9.422503339065e-11 
 1298       9.411268397594e-11 
 1299       9.400958457467e-11 
 1300       9.391566284253e-11 
 1301       9.383084578390e-11 
 1302       9.375505975049e-11 
 1303       9.368823043995e-11 
 1304       9.363028289448e-11 
 1305       9.358114149944e-11 
 1306       9.354072998197e-11 
 1307       9.350897140962e-11 
 1308       9.348578818890e-11 
 1309       9.347110206398e-11 
 1310       9.346483411524e-11 
 1311       9.346690475788e-11 
 1312       9.347723374060e-11 
 1313       9.349574014414e-11 
 1314       9.352234237991e-11 
 1315       9.355695818863e-11 
 1316       9.359950463894e-11 
 1317       9.364989812595e-11 
 1318       9.370805436996e-11 
 1319       9.377388841498e-11 
 1320       9.384731462738e-11 
 1321       9.392824669450e-11 
 1322       9.401659762328e-11 
 1323       9.411227973884e-11 
 1324       9.421519436594e-11 
 1325       9.432520075136e-11 
 1326       9.444214679557e-11 
 1327       9.456587933665e-11 
 1328       9.469624414821e-11 
 1329       9.483308593731e-11 
 1330       9.497624834235e-11 
 1331       9.512557393097e-11 
 1332       9.528090419798e-11 
 1333       9.544207956324e-11 
 1334       9.560893936961e-11 
 1335       9.578132188081e-11 
 1336       9.595906427935e-11 
 1337       9.614200266443e-11 
 1338       9.632997204986e-11 
 1339       9.652280636195e-11 
 1340       9.672033843745e-11 
 1341       9.692240002139e-11 
 1342       9.712882176506e-11 
 1343       9.733943322389e-11 
 1344       9.755406285533e-11 
 1345       9.777253801681e-11 
 1346       9.799468496359e-11 
 1347       9.822032884672e-11 
 1348       9.844929371090e-11 
 1349       9.868140249244e-11 
 1350       9.891647701710e-11 
 1351       9.915433799806e-11 
 1352       9.939480503379e-11 
 1353       9.963769660598e-11 
 1354       9.988283007742e-11 
 1355       1.001300216899e-10 
 1356       1.003790865623e-10 
 1357       1.006298386880e-10 
 1358       1.008820909335e-10 
 1359       1.011356550357e-10 
 1360       1.013903416002e-10 
 1361       1.016459600990e-10 
 1362       1.019023188684e-10 
 1363       1.021592337949e-10 
 1364       1.024165544787e-10 
 1365       1.026741383464e-10 
 1366       1.029318419876e-10 
 1367       1.031895211529e-10 
 1368       1.034470307526e-10 
 1369       1.037042248554e-10 
 1370       1.039609566862e-10 
 1371       1.042170786252e-10 
 1372       1.044724422063e-10 
 1373       1.047268981152e-10 
 1374       1.049802961882e-10 
 1375       1.052324854103e-10 
 1376       1.054833139143e-10 
 1377       1.057326289786e-10 
 1378       1.059802770262e-10 
 1379       1.062261036227e-10 
 1380       1.064699534750e-10 
 1381       1.067116704299e-10 
 1382       1.069510974725e-10 
 1383       1.071880767243e-10 
 1384       1.074224494421e-10 
 1385       1.076540560165e-10 
 1386       1.078827359699e-10 
 1387       1.081083279556e-10 
 1388       1.083306697556e-10 
 1389       1.085495982796e-10 
 1390       1.087649495633e-10 
 1391       1.089765587667e-10 
 1392       1.091842601727e-10 
 1393       1.093878871859e-10 
 1394       1.095872723303e-10 
 1395       1.097822472484e-10 
 1396       1.099726426996e-10 
 1397       1.101582885583e-10 
 1398       1.103390138129e-10 
 1399       1.105146465637e-10 
 1400       1.106850140218e-10 
 1401       1.108499425074e-10 
 1402       1.110092775986e-10 
 1403       1.111629448115e-10 
 1404       1.113108895497e-10 
 1405       1.114530570116e-10 
 1406       1.115893921898e-10 
 1407       1.117198398710e-10 
 1408       1.118443446356e-10 
 1409       1.119628508571e-10 
 1410       1.120753027025e-10 
 1411       1.121816441313e-10 
 1412       1.122818188955e-10 
 1413       1.123757705395e-10 
 1414       1.124634423992e-10 
 1415       1.125447776023e-10 
 1416       1.126197190679e-10 
 1417       1.126882095057e-10 
 1418       1.127501914164e-10 
 1419       1.128056070908e-10 
 1420       1.128543986100e-10 
 1421       1.128965078446e-10 
 1422       1.129318764548e-10 
 1423       1.129604458899e-10 
 1424       1.129821573881e-10 
 1425       1.129969519761e-10 
 1426       1.130047704688e-10 
 1427       1.130055534691e-10 
 1428       1.129992413675e-10 
 1429       1.129857743418e-10 
 1430       1.129650923569e-10 
 1431       1.129371351644e-10 
 1432       1.129018423022e-10 
 1433       1.128591530945e-10 
 1434       1.128090066513e-10 
 1435       1.127513418680e-10 
 1436       1.126860974252e-10 
 1437       1.126132117885e-10 
 1438       1.125326232081e-10 
 1439       1.124442697185e-10 
 1440       1.123480891381e-10 
 1441       1.122440380098e-10 
 1442       1.121321486334e-10 
 1443       1.120124726110e-10 
 1444       1.118850619603e-10 
 1445       1.117499691147e-10 
 1446       1.116072469248e-10 
 1447       1.114569486584e-10 
 1448       1.112991280021e-10 
 1449       1.111338390614e-10 
 1450       1.109611363620e-10 
 1451       1.107810748501e-10 
 1452       1.105937098938e-10 
 1453       1.103990972832e-10 
 1454       1.101972932319e-10 
 1455       1.099883543773e-10 
 1456       1.097723377814e-10 
 1457       1.095493009319e-10 
 1458       1.093193017428e-10 
 1459       1.090823985551e-10 
 1460       1.088386501377e-10 
 1461       1.085881156883e-10 
 1462       1.083308548341e-10 
 1463       1.080669276323e-10 
 1464       1.077963945715e-10 
 1465       1.075193165719e-10 
 1466       1.072357549865e-10 
 1467       1.069457716016e-10 
 1468       1.066494286379e-10 
 1469       1.063467887510e-10 
 1470       1.060379150322e-10 
 1471       1.057228710096e-10 
 1472       1.054017206485e-10 
 1473       1.050745283527e-10 
 1474       1.047413589646e-10 
 1475       1.044022777665e-10 
 1476       1.040573504813e-10 
 1477       1.037066432732e-10 
 1478       1.033502227485e-10 
 1479       1.029881559566e-10 
 1480       1.026205180754e-10 
 1481       1.022474155508e-10 
 1482       1.018689631877e-10 
 1483       1.014852764867e-10 
 1484       1.010964716459e-10 
 1485       1.007026655615e-10 
 1486       1.003039758293e-10 
 1487       9.990052074591e-11 
 1488       9.949241930985e-11 
 1489       9.907979122293e-11 
 1490       9.866275689130e-11 
 1491       9.824143742675e-11 
 1492       9.781595464791e-11 
 1493       9.738643108143e-11 
 1494       9.695298996322e-11 
 1495       9.651575523967e-11 
 1496       9.607485156882e-11 
 1497       9.563040432162e-11 
 1498       9.518253958311e-11 
 1499       9.473138415364e-11 
 1500       9.427706555010e-11 
 1501       9.381971200709e-11 
 1502       9.335945247818e-11 
 1503       9.289641663708e-11 
 1504       9.243073487890e-11 
 1505       9.196253832129e-11 
 1506       9.149195880573e-11 
 1507       9.101912889870e-11 
 1508       9.054418189288e-11 
 1509       9.006725180840e-11 
 1510       8.958847339401e-11 
 1511       8.910798212835e-11 
 1512       8.862591422108e-11 
 1513       8.814240661417e-11 
 1514       8.765759698306e-11 
 1515       8.717162373790e-11 
 1516       8.668462602475e-11 
 1517       8.619674372680e-11 
 1518       8.570811746556e-11 
 1519       8.521888269351e-11 
 1520       8.472915190736e-11 
 1521       8.423903226588e-11 
 1522       8.374863148392e-11 
 1523       8.325805783324e-11 
 1524       8.276742014350e-11 
 1525       8.227682780307e-11 
 1526       8.178639076001e-11 
 1527       8.129621952295e-11 
 1528       8.080642516197e-11 
 1529       8.031711930954e-11 
 1530       7.982841416141e-11 
 1531       7.934042247752e-11 
 1532       7.885325758288e-11 
 1533       7.836703336853e-11 
 1534       7.788186429237e-11 
 1535       7.739786538013e-11 
 1536       7.691515222624e-11 
 1537       7.643384099475e-11 
 1538       7.595404842022e-11 
 1539       7.547589180863e-11 
 1540       7.499948903831e-11 
 1541       7.452495856080e-11 
 1542       7.405241940177e-11 
 1543       7.358199116197e-11 
 1544       7.311379401805e-11 
 1545       7.264794872355e-11 
 1546       7.218457660974e-11 
 1547       7.172379958655e-11 
 1548       7.126574014350e-11 
 1549       7.081052135056e-11 
 1550       7.035826685908e-11 
 1551       6.990910090268e-11 
 1552       6.946314829818e-11 
 1553       6.902053444648e-11 
 1554       6.858138533346e-11 
 1555       6.814582753093e-11 
 1556       6.771398819748e-11 
 1557       6.728599507941e-11 
 1558       6.686196235391e-11 
 1559       6.644194801145e-11 
 1560       6.602599607506e-11 
 1561       6.561415072192e-11 
 1562       6.520645628360e-11 
 1563       6.480295724623e-11 
 1564       6.440369825072e-11 
 1565       6.400872409299e-11 
 1566       6.361807972412e-11 
 1567       6.323181025061e-11 
 1568       6.284996093456e-11 
 1569       6.247257719386e-11 
 1570       6.209970460244e-11 
 1571       6.173138889042e-11 
 1572       6.136767594437e-11 
 1573       6.100861180746e-11 
 1574       6.065424267972e-11 
 1575       6.030461491820e-11 
 1576       5.995977503720e-11 
 1577       5.961976970848e-11 
 1578       5.928464576144e-11 
 1579       5.895445018334e-11 
 1580       5.862923011952e-11 
 1581       5.830903287357e-11 
 1582       5.799390590758e-11 
 1583       5.768389684229e-11 
 1584       5.737905345736e-11 
 1585       5.707942369150e-11 
 1586       5.678505564277e-11 
 1587       5.649599756868e-11 
 1588       5.621229788647e-11 
 1589       5.593400517330e-11 
 1590       5.566116816643e-11 
 1591       5.539383576345e-11 
 1592       5.513205702249e-11 
 1593       5.487588116239e-11 
 1594       5.462535756295e-11 
 1595       5.438053576509e-11 
 1596       5.414146547110e-11 
 1597       5.390818303314e-11 
 1598       5.368067078310e-11 
 1599       5.345889733060e-11 
 1600       5.324283104042e-11 
 1601       5.303244003210e-11 
 1602       5.282769217947e-11 
 1603       5.262855511025e-11 
 1604       5.243499620561e-11 
 1605       5.224698259971e-11 
 1606       5.206448117934e-11 
 1607       5.188745858342e-11 
 1608       5.171588120261e-11 
 1609       5.154971517885e-11 
 1610       5.138892640497e-11 
 1611       5.123348052423e-11 
 1612       5.108334292989e-11 
 1613       5.093847876479e-11 
 1614       5.079885292093e-11 
 1615       5.066443003900e-11 
 1616       5.053517450800e-11 
 1617       5.041105046478e-11 
 1618       5.029202179361e-11 
 1619       5.017805212578e-11 
 1620       5.006910483911e-11 
 1621       4.996514305758e-11 
 1622       4.986612965088e-11 
 1623       4.977202723396e-11 
 1624       4.968279816662e-11 
 1625       4.959840455309e-11 
 1626       4.951880824156e-11 
 1627       4.944397082379e-11 
 1628       4.937385363469e-11 
 1629       4.930841775181e-11 
 1630       4.924762399502e-11 
 1631       4.919143292598e-11 
 1632       4.913980484780e-11 
 1633       4.909269980452e-11 
 1634       4.905007758076e-11 
 1635       4.901189770123e-11 
 1636       4.897811364950e-11 
 1637       4.894865546846e-11 
 1638       4.892344700339e-11 
 1639       4.890241166801e-11 
 1640       4.888547244374e-11 
 1641       4.887255187908e-11 
 1642       4.886357208885e-11 
 1643       4.885845475357e-11 
 1644       4.885712111872e-11 
 1645       4.885949199406e-11 
 1646       4.886548775296e-11 
 1647       4.887502833170e-11 
 1648       4.888803322877e-11 
 1649       4.890442150421e-11 
 1650       4.892411177887e-11 
 1651       4.894702223378e-11 
 1652       4.897307060943e-11 
 1653       4.900217420508e-11 
 1654       4.903424987807e-11 
 1655       4.906921404315e-11 
 1656       4.910698267176e-11 
 1657       4.914747129137e-11 
 1658       4.919059498478e-11 
 1659       4.923626838942e-11 
 1660       4.928440569667e-11 
 1661       4.933492065119e-11 
 1662       4.938772655018e-11 
 1663       4.944273624277e-11 
 1664       4.949986212924e-11 
 1665       4.955901616038e-11 
 1666       4.962010983683e-11 
 1667       4.968305420832e-11 
 1668       4.974775987304e-11 
 1669       4.981413697691e-11 
 1670       4.988209521292e-11 
 1671       4.995154382043e-11 
 1672       5.002239158447e-11 
 1673       5.009454683509e-11 
 1674       5.016791744661e-11 
 1675       5.024241440816e-11 
 1676       5.031796257059e-11 
 1677       5.039448999207e-11 
 1678       5.047192437483e-11 
 1679       5.055019306469e-11 
 1680       5.062922305049e-11 
 1681       5.070894096355e-11 
 1682       5.078927307714e-11 
 1683       5.087014530596e-11 
 1684       5.095148320557e-11 
 1685       5.103321197190e-11 
 1686       5.111525644066e-11 
 1687       5.119754108684e-11 
 1688       5.127999002416e-11 
 1689       5.136252700454e-11 
 1690       5.144507541755e-11 
 1691       5.152755828991e-11 
 1692       5.160989828490e-11 
 1693       5.169201770186e-11 
 1694       5.177383847564e-11 
 1695       5.185528217608e-11 
 1696       5.193627000744e-11 
 1697       5.201672280791e-11 
 1698       5.209656104904e-11 
 1699       5.217570483519e-11 
 1700       5.225407390305e-11 
 1701       5.233158762104e-11 
 1702       5.240816498882e-11 
 1703       5.248372463673e-11 
 1704       5.255818482526e-11 
 1705       5.263146344450e-11 
 1706       5.270347801364e-11 
 1707       5.277414568040e-11 
 1708       5.284338322050e-11 
 1709       5.291110703711e-11 
 1710       5.297723316038e-11 
 1711       5.304167724679e-11 
 1712       5.310435457874e-11 
 1713       5.316518006390e-11 
 1714       5.322407760536e-11 
 1715       5.328100830039e-11 
 1716       5.333594248128e-11 
 1717       5.338885036648e-11 
 1718       5.343970206038e-11 
 1719       5.348846755324e-11 
 1720       5.353511672096e-11 
 1721       5.357961932496e-11 
 1722       5.362194501202e-11 
 1723       5.366206331413e-11 
 1724       5.369994364835e-11 
 1725       5.373555531662e-11 
 1726       5.376886750562e-11 
 1727       5.379984928664e-11 
 1728       5.382846961540e-11 
 1729       5.385469733191e-11 
 1730       5.387850116030e-11 
 1731       5.389984970868e-11 
 1732       5.391871146899e-11 
 1733       5.393505481683e-11 
 1734       5.394884801131e-11 
 1735       5.396005919491e-11 
 1736       5.396865639331e-11 
 1737       5.397460751526e-11 
 1738       5.397788035237e-11 
 1739       5.397844257904e-11 
 1740       5.397626175223e-11 
 1741       5.397130531134e-11 
 1742       5.396354057807e-11 
 1743       5.395293475622e-11 
 1744       5.393945493161e-11 
 1745       5.392306807182e-11 
 1746       5.390374102616e-11 
 1747       5.388144052540e-11 
 1748       5.385613318171e-11 
 1749       5.382778548843e-11 
 1750       5.379636381998e-11 
 1751       5.376183443166e-11 
 1752       5.372416345952e-11 
 1753       5.368332599858e-11 
 1754       5.363933342069e-11 
 1755       5.359220628437e-11 
 1756       5.354196527736e-11 
 1757       5.348863121680e-11 
 1758       5.343222504945e-11 
 1759       5.337276785184e-11 
 1760       5.331028083055e-11 
 1761       5.324478532233e-11 
 1762       5.317630279434e-11 
 1763       5.310485484438e-11 
 1764       5.303046320103e-11 
 1765       5.295314972387e-11 
 1766       5.287293640371e-11 
 1767       5.278984536275e-11 
 1768       5.270389885481e-11 
 1769       5.261511926553e-11 
 1770       5.252352911252e-11 
 1771       5.242915104565e-11 
 1772       5.233200784716e-11 
 1773       5.223212243193e-11 
 1774       5.212951784762e-11 
 1775       5.202421727492e-11 
 1776       5.191624402774e-11 
 1777       5.180562155339e-11 
 1778       5.169237343279e-11 
 1779       5.157652338068e-11 
 1780       5.145809524580e-11 
 1781       5.133711301113e-11 
 1782       5.121360079403e-11 
 1783       5.108758284649e-11 
 1784       5.095908355533e-11 
 1785       5.082812744236e-11 
 1786       5.069473916461e-11 
 1787       5.055894351455e-11 
 1788       5.042076542022e-11 
 1789       5.028022994552e-11 
 1790       5.013736229035e-11 
 1791       4.999218779082e-11 
 1792       4.984473588684e-11 
 1793       4.969505205993e-11 
 1794       4.954318599325e-11 
 1795       4.938918761348e-11 
 1796       4.923310709114e-11 
 1797       4.907499484095e-11 
 1798       4.891490152214e-11 
 1799       4.875287803888e-11 
 1800       4.858897554053e-11 
 1801       4.842324542205e-11 
 1802       4.825573932436e-11 
 1803       4.808650913462e-11 
 1804       4.791560698666e-11 
 1805       4.774308526127e-11 
 1806       4.756899658657e-11 
 1807       4.739339383837e-11 
 1808       4.721633014049e-11 
 1809       4.703785886514e-11 
 1810       4.685803363323e-11 
 1811       4.667690831477e-11 
 1812       4.649453702918e-11 
 1813       4.631097414562e-11 
 1814       4.612627428342e-11 
 1815       4.594049231234e-11 
 1816       4.575368335295e-11 
 1817       4.556590277700e-11 
 1818       4.537720620775e-11 
 1819       4.518764952032e-11 
 1820       4.499728884202e-11 
 1821       4.480618055275e-11 
 1822       4.461438128527e-11 
 1823       4.442194792565e-11 
 1824       4.422893761351e-11 
 1825       4.403540774244e-11 
 1826       4.384141596036e-11 
 1827       4.364702016979e-11 
 1828       4.345227852826e-11 
 1829       4.325724944868e-11 
 1830       4.306199159960e-11 
 1831       4.286656162456e-11 
 1832       4.267100727913e-11 
 1833       4.247537423969e-11 
 1834       4.227970837979e-11 
 1835       4.208405577043e-11 
 1836       4.188846268029e-11 
 1837       4.169297557605e-11 
 1838       4.149764112263e-11 
 1839       4.130250618344e-11 
 1840       4.110761782069e-11 
 1841       4.091302329562e-11 
 1842       4.071877006878e-11 
 1843       4.052490580029e-11 
 1844       4.033147835013e-11 
 1845       4.013853577837e-11 
 1846       3.994612634549e-11 
 1847       3.975429851257e-11 
 1848       3.956310094163e-11 
 1849       3.937258249586e-11 
 1850       3.918279223990e-11 
 1851       3.899377944009e-11 
 1852       3.880559356477e-11 
 1853       3.861828428451e-11 
 1854       3.843190147239e-11 
 1855       3.824649520427e-11 
 1856       3.806211575906e-11 
 1857       3.787881361900e-11 
 1858       3.769663946989e-11 
 1859       3.751564420137e-11 
 1860       3.733587890722e-11 
 1861       3.715739488557e-11 
 1862       3.698024363924e-11 
 1863       3.680447687592e-11 
 1864       3.663014650851e-11 
 1865       3.645730465535e-11 
 1866       3.628600364050e-11 
 1867       3.611629599400e-11 
 1868       3.594823445213e-11 
 1869       3.578187195770e-11 
 1870       3.561725552320e-11 
 1871       3.545440776720e-11 
 1872       3.529334523402e-11 
 1873       3.513408451770e-11 
 1874       3.497664226213e-11 
 1875       3.482103516105e-11 
 1876       3.466727995813e-11 
 1877       3.451539344704e-11 
 1878       3.436539247149e-11 
 1879       3.421729392526e-11 
 1880       3.407111475232e-11 
 1881       3.392687194684e-11 
 1882       3.378458255325e-11 
 1883       3.364426366630e-11 
 1884       3.350593243114e-11 
 1885       3.336960604333e-11 
 1886       3.323530174896e-11 
 1887       3.310303684463e-11 
 1888       3.297282867757e-11 
 1889       3.284469464566e-11 
 1890       3.271865219752e-11 
 1891       3.259471883251e-11 
 1892       3.247291210086e-11 
 1893       3.235324960367e-11 
 1894       3.223574899297e-11 
 1895       3.212042797182e-11 
 1896       3.200730429432e-11 
 1897       3.189639576569e-11 
 1898       3.178772024231e-11 
 1899       3.168129563180e-11 
 1900       3.157713989307e-11 
 1901       3.147527103634e-11 
 1902       3.137570712325e-11 
 1903       3.127846626690e-11 
 1904       3.118356663186e-11 
 1905       3.109102643432e-11 
 1906       3.100086394205e-11 
 1907       3.091309747450e-11 
 1908       3.082774540289e-11 
 1909       3.074482023721e-11 
 1910       3.066431083785e-11 
 1911       3.058620006771e-11 
 1912       3.051047069275e-11 
 1913       3.043710538175e-11 
 1914       3.036608670628e-11 
 1915       3.029739714047e-11 
 1916       3.023101906092e-11 
 1917       3.016693474655e-11 
 1918       3.010512637847e-11 
 1919       3.004557603983e-11 
 1920       2.998826571567e-11 
 1921       2.993317729283e-11 
 1922       2.988029255976e-11 
 1923       2.982959320640e-11 
 1924       2.978106082405e-11 
 1925       2.973467690523e-11 
 1926       2.969042284353e-11 
 1927       2.964827993349e-11 
 1928       2.960822937042e-11 
 1929       2.957025225034e-11 
 1930       2.953432956977e-11 
 1931       2.950044222560e-11 
 1932       2.946857101500e-11 
 1933       2.943869663523e-11 
 1934       2.941079968353e-11 
 1935       2.938486065697e-11 
 1936       2.936085995233e-11 
 1937       2.933877786592e-11 
 1938       2.931859459350e-11 
 1939       2.930029023008e-11 
 1940       2.928384476985e-11 
 1941       2.926923810597e-11 
 1942       2.925645003049e-11 
 1943       2.924546023418e-11 
 1944       2.923624830640e-11 
 1945       2.922879373496e-11 
 1946       2.922307590599e-11 
 1947       2.921907410379e-11 
 1948       2.921676502176e-11 
 1949       2.921611527496e-11 
 1950       2.921708883101e-11 
 1951       2.921964949371e-11 
 1952       2.922376090284e-11 
 1953       2.922938653391e-11 
 1954       2.923648969799e-11 
 1955       2.924503354144e-11 
 1956       2.925498104573e-11 
 1957       2.926629502723e-11 
 1958       2.927893813694e-11 
 1959       2.929287286035e-11 
 1960       2.930806151715e-11 
 1961       2.932446626106e-11 
 1962       2.934204907960e-11 
 1963       2.936077179387e-11 
 1964       2.938059605832e-11 
 1965       2.940148336058e-11 
 1966       2.942339502118e-11 
 1967       2.944629219339e-11 
 1968       2.947013586296e-11 
 1969       2.949488684792e-11 
 1970       2.952050579838e-11 
 1971       2.954695319629e-11 
 1972       2.957418935522e-11 
 1973       2.960217442016e-11 
 1974       2.963086836731e-11 
 1975       2.966023100383e-11 
 1976       2.969022196766e-11 
 1977       2.972080072728e-11 
 1978       2.975192658148e-11 
 1979       2.978355865920e-11 
 1980       2.981565591924e-11 
 1981       2.984817715011e-11 
 1982       2.988108096975e-11 
 1983       2.991432582538e-11 
 1984       2.994786999322e-11 
 1985       2.998167157832e-11 
 1986       3.001568851431e-11 
 1987       3.004988028799e-11 
 1988       3.008421312737e-11 
 1989       3.011865485138e-11 
 1990       3.015317314843e-11 
 1991       3.018773557623e-11 
 1992       3.022230956164e-11 
 1993       3.025686240048e-11 
 1994       3.029136125738e-11 
 1995       3.032577316561e-11 
 1996       3.036006502693e-11 
 1997       3.039420361142e-11 
 1998       3.042815555729e-11 
 1999       3.046188737075e-11 
 2000       3.049536542584e-11 
 2001       3.052855596424e-11 
 2002       3.056142509513e-11 
 2003       3.059393879503e-11 
 2004       3.062606290761e-11 
 2005       3.065776314354e-11 
 2006       3.068900508034e-11 
 2007       3.071975416219e-11 
 2008       3.074997569977e-11 
 2009       3.077963487012e-11 
 2010       3.080869671644e-11 
 2011       3.083712614796e-11 
 2012       3.086488793974e-11 
 2013       3.089194673255e-11 
 2014       3.091826703266e-11 
 2015       3.094381321169e-11 
 2016       3.096854950647e-11 
 2017       3.099244001885e-11 
 2018       3.101544871553e-11 
 2019       3.103753942793e-11 
 2020       3.105867585200e-11 
 2021       3.107882154803e-11 
 2022       3.109793994054e-11 
 2023       3.111599431810e-11 
 2024       3.113294783313e-11 
 2025       3.114876350178e-11 
 2026       3.116340849120e-11 
 2027       3.117686701567e-11 
 2028       3.118912753335e-11 
 2029       3.120017846716e-11 
 2030       3.121000820484e-11 
 2031       3.121860509882e-11 
 2032       3.122595746625e-11 
 2033       3.123205358890e-11 
 2034       3.123688171318e-11 
 2035       3.124043005006e-11 
 2036       3.124268677504e-11 
 2037       3.124364002812e-11 
 2038       3.124327791377e-11 
 2039       3.124158850084e-11 
 2040       3.123855982258e-11 
 2041       3.123417987659e-11 
 2042       3.122843662474e-11 
 2043       3.122131799318e-11 
 2044       3.121281187227e-11 
 2045       3.120290611656e-11 
 2046       3.119158854474e-11 
 2047       3.117884693959e-11 
 2048       3.116466904797e-11 
 2049       3.114904258075e-11 
 2050       3.113195521280e-11 
 2051       3.111339458294e-11 
 2052       3.109334829387e-11 
 2053       3.107180391218e-11 
 2054       3.104874896829e-11 
 2055       3.102417095640e-11 
 2056       3.099805733446e-11 
 2057       3.097039552413e-11 
 2058       3.094117291076e-11 
 2059       3.091037684332e-11 
 2060       3.087799463437e-11 
 2061       3.084401356002e-11 
 2062       3.080842085992e-11 
 2063       3.077120373717e-11 
 2064       3.073234935833e-11 
 2065       3.069184898530e-11 
 2066       3.064971040332e-11 
 2067       3.060594558096e-11 
 2068       3.056056654633e-11 
 2069       3.051358538708e-11 
 2070       3.046501425051e-11 
 2071       3.041486534363e-11 
 2072       3.036315093327e-11 
 2073       3.030988334612e-11 
 2074       3.025507496882e-11 
 2075       3.019873824804e-11 
 2076       3.014088569057e-11 
 2077       3.008152986335e-11 
 2078       3.002068339363e-11 
 2079       2.995835896894e-11 
 2080       2.989456933727e-11 
 2081       2.982932730708e-11 
 2082       2.976264574740e-11 
 2083       2.969453758790e-11 
 2084       2.962501581900e-11 
 2085       2.955409349188e-11 
 2086       2.948178371862e-11 
 2087       2.940809967226e-11 
 2088       2.933305458684e-11 
 2089       2.925666175755e-11 
 2090       2.917893454072e-11 
 2091       2.909988635399e-11 
 2092       2.901953067629e-11 
 2093       2.893788104800e-11 
 2094       2.885495107098e-11 
 2095       2.877075440866e-11 
 2096       2.868530478613e-11 
 2097       2.859861599018e-11 
 2098       2.851070186943e-11 
 2099       2.842157633435e-11 
 2100       2.833125335738e-11 
 2101       2.823974697301e-11 
 2102       2.814707127780e-11 
 2103       2.805324043053e-11 
 2104       2.795827044713e-11 
 2105       2.786218459911e-11 
 2106       2.776500805286e-11 
 2107       2.766676607829e-11 
 2108       2.756748404894e-11 
 2109       2.746718744210e-11 
 2110       2.736590183897e-11 
 2111       2.726365292476e-11 
 2112       2.716046648880e-11 
 2113       2.705636842470e-11 
 2114       2.695138473047e-11 
 2115       2.684554150863e-11 
 2116       2.673886496633e-11 
 2117       2.663138141550e-11 
 2118       2.652311727297e-11 
 2119       2.641409906057e-11 
 2120       2.630435340531e-11 
 2121       2.619390703943e-11 
 2122       2.608278680058e-11 
 2123       2.597101963196e-11 
 2124       2.585863258239e-11 
 2125       2.574565280646e-11 
 2126       2.563210756467e-11 
 2127       2.551802422356e-11 
 2128       2.540343025579e-11 
 2129       2.528835324033e-11 
 2130       2.517282086252e-11 
 2131       2.505686091425e-11 
 2132       2.494050129406e-11 
 2133       2.482377000726e-11 
 2134       2.470669516608e-11 
 2135       2.458930498977e-11 
 2136       2.447162780474e-11 
 2137       2.435369204468e-11 
 2138       2.423552625069e-11 
 2139       2.411715907140e-11 
 2140       2.399861926311e-11 
 2141       2.387993568990e-11 
 2142       2.376113732375e-11 
 2143       2.364225218709e-11 
 2144       2.352330417218e-11 
 2145       2.340431620024e-11 
 2146       2.328531127717e-11 
 2147       2.316631249366e-11 
 2148       2.304734302530e-11 
 2149       2.292842613262e-11 
 2150       2.280958516126e-11 
 2151       2.269084354203e-11 
 2152       2.257222479102e-11 
 2153       2.245375250966e-11 
 2154       2.233545038490e-11 
 2155       2.221734218922e-11 
 2156       2.209945178080e-11 
 2157       2.198180310354e-11 
 2158       2.186442018725e-11 
 2159       2.174732714767e-11 
 2160       2.163054818662e-11 
 2161       2.151410759206e-11 
 2162       2.139802973822e-11 
 2163       2.128233908567e-11 
 2164       2.116706018143e-11 
 2165       2.105221765910e-11 
 2166       2.093783623889e-11 
 2167       2.082394072777e-11 
 2168       2.071055601955e-11 
 2169       2.059770709501e-11 
 2170       2.048541902193e-11 
 2171       2.037371695524e-11 
 2172       2.026262613712e-11 
 2173       2.015217189708e-11 
 2174       2.004237965205e-11 
 2175       1.993327490651e-11 
 2176       1.982488325254e-11 
 2177       1.971723036997e-11 
 2178       1.961034202645e-11 
 2179       1.950424407755e-11 
 2180       1.939896246686e-11 
 2181       1.929452322610e-11 
 2182       1.919094962654e-11 
 2183       1.908825361231e-11 
 2184       1.898644430984e-11 
 2185       1.888553087130e-11 
 2186       1.878552247463e-11 
 2187       1.868642832355e-11 
 2188       1.858825764765e-11 
 2189       1.849101970233e-11 
 2190       1.839472376888e-11 
 2191       1.829937915450e-11 
 2192       1.820499519232e-11 
 2193       1.811158124141e-11 
 2194       1.801914668685e-11 
 2195       1.792770093970e-11 
 2196       1.783725343707e-11 
 2197       1.774781364214e-11 
 2198       1.765939104415e-11 
 2199       1.757199515849e-11 
 2200       1.748563552666e-11 
 2201       1.740032171635e-11 
 2202       1.731606332143e-11 
 2203       1.723286996198e-11 
 2204       1.715075128435e-11 
 2205       1.706971696114e-11 
 2206       1.698977669126e-11 
 2207       1.691094019995e-11 
 2208       1.683321723879e-11 
 2209       1.675661758574e-11 
 2210       1.668115104517e-11 
 2211       1.660682744786e-11 
 2212       1.653365665107e-11 
 2213       1.646164853853e-11 
 2214       1.639081302048e-11 
 2215       1.632116003371e-11 
 2216       1.625269954154e-11 
 2217       1.618544153391e-11 
 2218       1.611939602736e-11 
 2219       1.605457306506e-11 
 2220       1.599098271687e-11 
 2221       1.592863226655e-11 
 2222       1.586751775329e-11 
 2223       1.580763237448e-11 
 2224       1.574896929341e-11 
 2225       1.569152163920e-11 
 2226       1.563528250680e-11 
 2227       1.558024495690e-11 
 2228       1.552640201590e-11 
 2229       1.547374667591e-11 
 2230       1.542227189464e-11 
 2231       1.537197059541e-11 
 2232       1.532283566709e-11 
 2233       1.527485996406e-11 
 2234       1.522803630616e-11 
 2235       1.518235747865e-11 
 2236       1.513781623218e-11 
 2237       1.509440528275e-11 
 2238       1.505211731164e-11 
 2239       1.501094496538e-11 
 2240       1.497088085575e-11 
 2241       1.493191755966e-11 
 2242       1.489404761917e-11 
 2243       1.485726354143e-11 
 2244       1.482155779862e-11 
 2245       1.478692282795e-11 
 2246       1.475335103157e-11 
 2247       1.472083477654e-11 
 2248       1.468936639483e-11 
 2249       1.465893818322e-11 
 2250       1.462954240329e-11 
 2251       1.460117128137e-11 
 2252       1.457381700849e-11 
 2253       1.454747174037e-11 
 2254       1.452212759733e-11 
 2255       1.449777666429e-11 
 2256       1.447441099071e-11 
 2257       1.445202259052e-11 
 2258       1.443060344215e-11 
 2259       1.441014548841e-11 
 2260       1.439063932364e-11 
 2261       1.437207024579e-11 
 2262       1.435442217865e-11 
 2263       1.433767898233e-11 
 2264       1.432182445322e-11 
 2265       1.430684232383e-11 
 2266       1.429271626281e-11 
 2267       1.427942987483e-11 
 2268       1.426696670050e-11 
 2269       1.425531021632e-11 
 2270       1.424444383460e-11 
 2271       1.423435090340e-11 
 2272       1.422501470641e-11 
 2273       1.421641846294e-11 
 2274       1.420854532780e-11 
 2275       1.420137839125e-11 
 2276       1.419490067892e-11 
 2277       1.418909515174e-11 
 2278       1.418394470586e-11 
 2279       1.417943217259e-11 
 2280       1.417554031831e-11 
 2281       1.417225184442e-11 
 2282       1.416954938725e-11 
 2283       1.416741551798e-11 
 2284       1.416583274258e-11 
 2285       1.416478350175e-11 
 2286       1.416425017082e-11 
 2287       1.416421505969e-11 
 2288       1.416466041275e-11 
 2289       1.416556840884e-11 
 2290       1.416692116110e-11 
 2291       1.416870071701e-11 
 2292       1.417088905821e-11 
 2293       1.417346810048e-11 
 2294       1.417641969367e-11 
 2295       1.417972562161e-11 
 2296       1.418336760204e-11 
 2297       1.418732728654e-11 
 2298       1.419158626046e-11 
 2299       1.419612662402e-11 
 2300       1.420093273976e-11 
 2301       1.420598949609e-11 
 2302       1.421128172704e-11 
 2303       1.421679421218e-11 
 2304       1.422251167664e-11 
 2305       1.422841879095e-11 
 2306       1.423450017107e-11 
 2307       1.424074037825e-11 
 2308       1.424712391905e-11 
 2309       1.425363524521e-11 
 2310       1.426025875362e-11 
 2311       1.426697878629e-11 
 2312       1.427377963022e-11 
 2313       1.428064551742e-11 
 2314       1.428756062478e-11 
 2315       1.429450907406e-11 
 2316       1.430147493180e-11 
 2317       1.430844220929e-11 
 2318       1.431539486247e-11 
 2319       1.432231679191e-11 
 2320       1.432919184273e-11 
 2321       1.433600380452e-11 
 2322       1.434273641134e-11 
 2323       1.434937334161e-11 
 2324       1.435589821805e-11 
 2325       1.436229460764e-11 
 2326       1.436854602157e-11 
 2327       1.437463591516e-11 
 2328       1.438054768778e-11 
 2329       1.438626468285e-11 
 2330       1.439177018773e-11 
 2331       1.439704743367e-11 
 2332       1.440207959577e-11 
 2333       1.440684979289e-11 
 2334       1.441134108762e-11 
 2335       1.441553648621e-11 
 2336       1.441941893849e-11 
 2337       1.442297133784e-11 
 2338       1.442617831772e-11 
 2339       1.442903165373e-11 
 2340       1.443152489523e-11 
 2341       1.443365157185e-11 
 2342       1.443540519343e-11 
 2343       1.443677924999e-11 
 2344       1.443776721176e-11 
 2345       1.443836252910e-11 
 2346       1.443855863252e-11 
 2347       1.443834893264e-11 
 2348       1.443772682019e-11 
 2349       1.443668566596e-11 
 2350       1.443521882082e-11 
 2351       1.443331961564e-11 
 2352       1.443098136134e-11 
 2353       1.442819734882e-11 
 2354       1.442496084894e-11 
 2355       1.442126511255e-11 
 2356       1.441710337041e-11 
 2357       1.441246883319e-11 
 2358       1.440735469147e-11 
 2359       1.440175411570e-11 
 2360       1.439566025617e-11 
 2361       1.438906624301e-11 
 2362       1.438196518618e-11 
 2363       1.437435017541e-11 
 2364       1.436621428020e-11 
 2365       1.435755054983e-11 
 2366       1.434835201327e-11 
 2367       1.433861167923e-11 
 2368       1.432832253611e-11 
 2369       1.431747755198e-11 
 2370       1.430606967454e-11 
 2371       1.429409183113e-11 
 2372       1.428153692873e-11 
 2373       1.426839785385e-11 
 2374       1.425466747263e-11 
 2375       1.424033863072e-11 
 2376       1.422540415330e-11 
 2377       1.420985867915e-11 
 2378       1.419370417513e-11 
 2379       1.417694445559e-11 
 2380       1.415958335145e-11 
 2381       1.414162471016e-11 
 2382       1.412307239576e-11 
 2383       1.410393028888e-11 
 2384       1.408420228675e-11 
 2385       1.406389230326e-11 
 2386       1.404300426891e-11 
 2387       1.402154213091e-11 
 2388       1.399950985312e-11 
 2389       1.397691141614e-11 
 2390       1.395375081727e-11 
 2391       1.393003207056e-11 
 2392       1.390575920681e-11 
 2393       1.388093627364e-11 
 2394       1.385556733541e-11 
 2395       1.382965647335e-11 
 2396       1.380320778550e-11 
 2397       1.377622538675e-11 
 2398       1.374871340888e-11 
 2399       1.372067600056e-11 
 2400       1.369211732735e-11 
 2401       1.366304157177e-11 
 2402       1.363345293327e-11 
 2403       1.360335562826e-11 
 2404       1.357275389015e-11 
 2405       1.354165196936e-11 
 2406       1.351005413330e-11 
 2407       1.347796466645e-11 
 2408       1.344538787035e-11 
 2409       1.341232806360e-11 
 2410       1.337878958192e-11 
 2411       1.334477677811e-11 
 2412       1.331029402215e-11 
 2413       1.327534570114e-11 
 2414       1.323993621937e-11 
 2415       1.320406999829e-11 
 2416       1.316775234845e-11 
 2417       1.313099209073e-11 
 2418       1.309379895099e-11 
 2419       1.305618268971e-11 
 2420       1.301815310201e-11 
 2421       1.297972001771e-11 
 2422       1.294089330134e-11 
 2423       1.290168285217e-11 
 2424       1.286209860430e-11 
 2425       1.282215052663e-11 
 2426       1.278184862294e-11 
 2427       1.274120293192e-11 
 2428       1.270022352718e-11 
 2429       1.265892051732e-11 
 2430       1.261730404597e-11 
 2431       1.257538429177e-11 
 2432       1.253317146849e-11 
 2433       1.249067582498e-11 
 2434       1.244790764529e-11 
 2435       1.240487724863e-11 
 2436       1.236159498948e-11 
 2437       1.231807125755e-11 
 2438       1.227431647789e-11 
 2439       1.223034111086e-11 
 2440       1.218615565223e-11 
 2441       1.214177063317e-11 
 2442       1.209719662030e-11 
 2443       1.205244421573e-11 
 2444       1.200752405710e-11 
 2445       1.196244681761e-11 
 2446       1.191722320605e-11 
 2447       1.187186396686e-11 
 2448       1.182637988014e-11 
 2449       1.178078176169e-11 
 2450       1.173508046307e-11 
 2451       1.168928687163e-11 
 2452       1.164341191050e-11 
 2453       1.159746653871e-11 
 2454       1.155146175114e-11 
 2455       1.150540831895e-11 
 2456       1.145931600889e-11 
 2457       1.141319435938e-11 
 2458       1.136705293979e-11 
 2459       1.132090135049e-11 
 2460       1.127474922285e-11 
 2461       1.122860621928e-11 
 2462       1.118248203329e-11 
 2463       1.113638638949e-11 
 2464       1.109032904361e-11 
 2465       1.104431978259e-11 
 2466       1.099836842455e-11 
 2467       1.095248481884e-11 
 2468       1.090667884609e-11 
 2469       1.086096041823e-11 
 2470       1.081533947851e-11 
 2471       1.076982600154e-11 
 2472       1.072442999333e-11 
 2473       1.067916149130e-11 
 2474       1.063403056434e-11 
 2475       1.058904731281e-11 
 2476       1.054422186861e-11 
 2477       1.049956439517e-11 
 2478       1.045508508749e-11 
 2479       1.041079417222e-11 
 2480       1.036670190763e-11 
 2481       1.032281858364e-11 
 2482       1.027915452192e-11 
 2483       1.023572007585e-11 
 2484       1.019252563060e-11 
 2485       1.014958160310e-11 
 2486       1.010689844216e-11 
 2487       1.006448662841e-11 
 2488       1.002235667441e-11 
 2489       9.980519124626e-12 
 2490       9.938984555479e-12 
 2491       9.897763575385e-12 
 2492       9.856866824778e-12 
 2493       9.816304976143e-12 
 2494       9.776082946341e-12 
 2495       9.736182496389e-12 
 2496       9.696579529587e-12 
 2497       9.657249869862e-12 
 2498       9.618169261689e-12 
 2499       9.579313370013e-12 
 2500       9.540657780166e-12 
