# dimensionless total [l(l+1)/2pi] C_l's
# for l=2 to 2500, i.e. number of multipoles equal to 2499
#
# -> if you prefer output in CAMB/HealPix/LensPix units/order, set 'format' to 'camb' in input file
# -> if you don't want to see such a header, set 'headers' to 'no' in input file
#
# 1:l     2:TT                 
    2       1.383608369128e-10 
    3       1.309291182627e-10 
    4       1.238703502584e-10 
    5       1.185610183929e-10 
    6       1.148938577169e-10 
    7       1.125518923560e-10 
    8       1.111440123235e-10 
    9       1.104606572466e-10 
   10       1.103185791406e-10 
   11       1.105766998182e-10 
   12       1.111995472266e-10 
   13       1.120476086602e-10 
   14       1.130488770318e-10 
   15       1.142348165755e-10 
   16       1.156057770871e-10 
   17       1.170335109905e-10 
   18       1.185671469711e-10 
   19       1.202217374115e-10 
   20       1.219266202706e-10 
   21       1.236943717721e-10 
   22       1.255313059819e-10 
   23       1.274271242643e-10 
   24       1.293485003073e-10 
   25       1.313102598626e-10 
   26       1.333254699221e-10 
   27       1.353895070081e-10 
   28       1.374832760438e-10 
   29       1.396121930760e-10 
   30       1.417773894985e-10 
   31       1.439695165905e-10 
   32       1.461914692648e-10 
   33       1.484415175154e-10 
   34       1.507117680998e-10 
   35       1.530081120441e-10 
   36       1.553356201806e-10 
   37       1.576943508406e-10 
   38       1.600857850940e-10 
   39       1.625073174419e-10 
   40       1.649497002461e-10 
   41       1.674018028309e-10 
   42       1.698683157750e-10 
   43       1.723567150981e-10 
   44       1.748720765917e-10 
   45       1.774172283699e-10 
   46       1.799939207384e-10 
   47       1.826015312150e-10 
   48       1.852364154925e-10 
   49       1.878916531455e-10 
   50       1.905599986265e-10 
   51       1.932442685367e-10 
   52       1.959493343004e-10 
   53       1.986790622997e-10 
   54       2.014362104184e-10 
   55       2.042226077385e-10 
   56       2.070399829143e-10 
   57       2.098891603722e-10 
   58       2.127697047747e-10 
   59       2.156798285956e-10 
   60       2.186162996960e-10 
   61       2.215758173042e-10 
   62       2.245597099609e-10 
   63       2.275701328683e-10 
   64       2.306086476120e-10 
   65       2.336761763273e-10 
   66       2.367729558668e-10 
   67       2.398984919668e-10 
   68       2.430521641592e-10 
   69       2.462352852899e-10 
   70       2.494493788939e-10 
   71       2.526955367072e-10 
   72       2.559743894773e-10 
   73       2.592860777727e-10 
   74       2.626302227931e-10 
   75       2.660058971794e-10 
   76       2.694121214317e-10 
   77       2.728495221976e-10 
   78       2.763189247534e-10 
   79       2.798208361087e-10 
   80       2.833554265947e-10 
   81       2.869225114517e-10 
   82       2.905215324177e-10 
   83       2.941515393160e-10 
   84       2.978116003355e-10 
   85       3.015021513508e-10 
   86       3.052238375735e-10 
   87       3.089770937065e-10 
   88       3.127621327368e-10 
   89       3.165789347287e-10 
   90       3.204272356168e-10 
   91       3.243065159985e-10 
   92       3.282159899272e-10 
   93       3.321548797608e-10 
   94       3.361233123345e-10 
   95       3.401215374787e-10 
   96       3.441496467905e-10 
   97       3.482075663529e-10 
   98       3.522950494546e-10 
   99       3.564116693094e-10 
  100       3.605568117759e-10 
  101       3.647296680771e-10 
  102       3.689292275199e-10 
  103       3.731542702145e-10 
  104       3.774036244715e-10 
  105       3.816769942717e-10 
  106       3.859742305233e-10 
  107       3.902950720464e-10 
  108       3.946391412019e-10 
  109       3.990059395189e-10 
  110       4.033948433234e-10 
  111       4.078050993662e-10 
  112       4.122358204507e-10 
  113       4.166859810616e-10 
  114       4.211544129923e-10 
  115       4.256398009738e-10 
  116       4.301408663703e-10 
  117       4.346569529531e-10 
  118       4.391875044678e-10 
  119       4.437318802586e-10 
  120       4.482893525601e-10 
  121       4.528591037875e-10 
  122       4.574402238276e-10 
  123       4.620317073304e-10 
  124       4.666324509992e-10 
  125       4.712412508821e-10 
  126       4.758567996631e-10 
  127       4.804776839523e-10 
  128       4.851023815776e-10 
  129       4.897294179426e-10 
  130       4.943578602487e-10 
  131       4.989868726225e-10 
  132       5.036155603535e-10 
  133       5.082429683229e-10 
  134       5.128680794330e-10 
  135       5.174898130362e-10 
  136       5.221070233645e-10 
  137       5.267184979584e-10 
  138       5.313229560963e-10 
  139       5.359190472232e-10 
  140       5.405053493805e-10 
  141       5.450803676350e-10 
  142       5.496425325077e-10 
  143       5.541901984035e-10 
  144       5.587217749950e-10 
  145       5.632361392888e-10 
  146       5.677322613867e-10 
  147       5.722090743788e-10 
  148       5.766654735369e-10 
  149       5.811003155079e-10 
  150       5.855124175071e-10 
  151       5.899005565112e-10 
  152       5.942634684518e-10 
  153       5.985998474087e-10 
  154       6.029083448034e-10 
  155       6.071875685917e-10 
  156       6.114360824578e-10 
  157       6.156524050071e-10 
  158       6.198350089597e-10 
  159       6.239823203434e-10 
  160       6.280927176875e-10 
  161       6.321646443337e-10 
  162       6.361969582258e-10 
  163       6.401886116554e-10 
  164       6.441385406415e-10 
  165       6.480456646447e-10 
  166       6.519088862807e-10 
  167       6.557270910339e-10 
  168       6.594991469715e-10 
  169       6.632239044568e-10 
  170       6.669001958631e-10 
  171       6.705268352878e-10 
  172       6.741026182656e-10 
  173       6.776263214822e-10 
  174       6.810967024888e-10 
  175       6.845124994148e-10 
  176       6.878724306823e-10 
  177       6.911751947196e-10 
  178       6.944194696747e-10 
  179       6.976039131294e-10 
  180       7.007272493810e-10 
  181       7.037885396451e-10 
  182       7.067869328310e-10 
  183       7.097215799395e-10 
  184       7.125916340995e-10 
  185       7.153962506040e-10 
  186       7.181345869467e-10 
  187       7.208058028575e-10 
  188       7.234090603399e-10 
  189       7.259435237062e-10 
  190       7.284083596144e-10 
  191       7.308027371042e-10 
  192       7.331258276336e-10 
  193       7.353768051146e-10 
  194       7.375548459499e-10 
  195       7.396591290693e-10 
  196       7.416888359653e-10 
  197       7.436431507302e-10 
  198       7.455212600916e-10 
  199       7.473223534493e-10 
  200       7.490456229112e-10 
  201       7.506903220680e-10 
  202       7.522559469210e-10 
  203       7.537420679631e-10 
  204       7.551482728105e-10 
  205       7.564741664129e-10 
  206       7.577193712629e-10 
  207       7.588835276064e-10 
  208       7.599662936519e-10 
  209       7.609673457808e-10 
  210       7.618863787571e-10 
  211       7.627231059374e-10 
  212       7.634772594804e-10 
  213       7.641485905574e-10 
  214       7.647368695615e-10 
  215       7.652418863179e-10 
  216       7.656634502936e-10 
  217       7.660013908074e-10 
  218       7.662555572395e-10 
  219       7.664258192418e-10 
  220       7.665120669474e-10 
  221       7.665142111805e-10 
  222       7.664321836666e-10 
  223       7.662659372419e-10 
  224       7.660154661053e-10 
  225       7.656808675849e-10 
  226       7.652622847493e-10 
  227       7.647598869792e-10 
  228       7.641738702246e-10 
  229       7.635044572625e-10 
  230       7.627518979547e-10 
  231       7.619164695052e-10 
  232       7.609984767177e-10 
  233       7.599982522534e-10 
  234       7.589161568887e-10 
  235       7.577525797722e-10 
  236       7.565079386829e-10 
  237       7.551826802877e-10 
  238       7.537772803985e-10 
  239       7.522922442305e-10 
  240       7.507281066592e-10 
  241       7.490854324783e-10 
  242       7.473648166573e-10 
  243       7.455668845988e-10 
  244       7.436922923964e-10 
  245       7.417417270922e-10 
  246       7.397159069343e-10 
  247       7.376155816345e-10 
  248       7.354415326259e-10 
  249       7.331945733202e-10 
  250       7.308755217853e-10 
  251       7.284851164959e-10 
  252       7.260240962199e-10 
  253       7.234932273654e-10 
  254       7.208933041847e-10 
  255       7.182251489802e-10 
  256       7.154896123084e-10 
  257       7.126875731852e-10 
  258       7.098199392906e-10 
  259       7.068876471735e-10 
  260       7.038916624566e-10 
  261       7.008329800414e-10 
  262       6.977126243128e-10 
  263       6.945316493439e-10 
  264       6.912911391013e-10 
  265       6.879922076493e-10 
  266       6.846359993553e-10 
  267       6.812236890942e-10 
  268       6.777564824538e-10 
  269       6.742356159390e-10 
  270       6.706623571770e-10 
  271       6.670380051223e-10 
  272       6.633638902612e-10 
  273       6.596413748166e-10 
  274       6.558718529534e-10 
  275       6.520567509828e-10 
  276       6.481975275673e-10 
  277       6.442956739256e-10 
  278       6.403527140373e-10 
  279       6.363701237279e-10 
  280       6.323490828607e-10 
  281       6.282907107050e-10 
  282       6.241961459800e-10 
  283       6.200665469349e-10 
  284       6.159030914292e-10 
  285       6.117069770128e-10 
  286       6.074794210064e-10 
  287       6.032216605816e-10 
  288       5.989349528413e-10 
  289       5.946205748996e-10 
  290       5.902798239625e-10 
  291       5.859140174078e-10 
  292       5.815244928655e-10 
  293       5.771126082979e-10 
  294       5.726797420801e-10 
  295       5.682272930798e-10 
  296       5.637566807379e-10 
  297       5.592693451486e-10 
  298       5.547667471398e-10 
  299       5.502503683530e-10 
  300       5.457217113238e-10 
  301       5.411822995621e-10 
  302       5.366336776323e-10 
  303       5.320774112336e-10 
  304       5.275150872799e-10 
  305       5.229483139807e-10 
  306       5.183787209208e-10 
  307       5.138079591405e-10 
  308       5.092377012163e-10 
  309       5.046696413406e-10 
  310       5.001054954025e-10 
  311       4.955470010675e-10 
  312       4.909957995836e-10 
  313       4.864530749725e-10 
  314       4.819198982536e-10 
  315       4.773973441445e-10 
  316       4.728864909957e-10 
  317       4.683884207253e-10 
  318       4.639042187543e-10 
  319       4.594349739415e-10 
  320       4.549817785179e-10 
  321       4.505457280222e-10 
  322       4.461279212352e-10 
  323       4.417294601152e-10 
  324       4.373514497325e-10 
  325       4.329949982043e-10 
  326       4.286612166300e-10 
  327       4.243512190257e-10 
  328       4.200661222591e-10 
  329       4.158070459848e-10 
  330       4.115751125788e-10 
  331       4.073714470736e-10 
  332       4.031971770928e-10 
  333       3.990534327866e-10 
  334       3.949413467660e-10 
  335       3.908620540384e-10 
  336       3.868166919417e-10 
  337       3.828064000800e-10 
  338       3.788323202580e-10 
  339       3.748955964160e-10 
  340       3.709973745650e-10 
  341       3.671388027212e-10 
  342       3.633210308412e-10 
  343       3.595452107571e-10 
  344       3.558124961108e-10 
  345       3.521240422894e-10 
  346       3.484810063599e-10 
  347       3.448845470043e-10 
  348       3.413358244540e-10 
  349       3.378359000344e-10 
  350       3.343854303242e-10 
  351       3.309849601645e-10 
  352       3.276350217403e-10 
  353       3.243361344167e-10 
  354       3.210888045755e-10 
  355       3.178935254511e-10 
  356       3.147507769669e-10 
  357       3.116610255717e-10 
  358       3.086247240757e-10 
  359       3.056423114872e-10 
  360       3.027142128485e-10 
  361       2.998408390723e-10 
  362       2.970225867780e-10 
  363       2.942598381280e-10 
  364       2.915529606638e-10 
  365       2.889023071426e-10 
  366       2.863082153732e-10 
  367       2.837710080526e-10 
  368       2.812909926022e-10 
  369       2.788684610038e-10 
  370       2.765036896362e-10 
  371       2.741969391115e-10 
  372       2.719484541110e-10 
  373       2.697584632220e-10 
  374       2.676271787735e-10 
  375       2.655547966730e-10 
  376       2.635414962424e-10 
  377       2.615874400547e-10 
  378       2.596927737696e-10 
  379       2.578576259705e-10 
  380       2.560821080004e-10 
  381       2.543663137981e-10 
  382       2.527103197347e-10 
  383       2.511141844497e-10 
  384       2.495779486876e-10 
  385       2.481016351337e-10 
  386       2.466852482508e-10 
  387       2.453287741150e-10 
  388       2.440321646619e-10 
  389       2.427952901077e-10 
  390       2.416179844265e-10 
  391       2.405000606053e-10 
  392       2.394413104674e-10 
  393       2.384415044966e-10 
  394       2.375003916608e-10 
  395       2.366176992362e-10 
  396       2.357931326309e-10 
  397       2.350263752088e-10 
  398       2.343170881137e-10 
  399       2.336649100931e-10 
  400       2.330694573218e-10 
  401       2.325303232263e-10 
  402       2.320470783082e-10 
  403       2.316192699682e-10 
  404       2.312464223303e-10 
  405       2.309280360653e-10 
  406       2.306635882148e-10 
  407       2.304525320150e-10 
  408       2.302942967210e-10 
  409       2.301882874300e-10 
  410       2.301338849058e-10 
  411       2.301304454022e-10 
  412       2.301773004872e-10 
  413       2.302737568669e-10 
  414       2.304190962090e-10 
  415       2.306125749673e-10 
  416       2.308534242048e-10 
  417       2.311408494183e-10 
  418       2.314740303620e-10 
  419       2.318521208711e-10 
  420       2.322742486863e-10 
  421       2.327395152769e-10 
  422       2.332469956656e-10 
  423       2.337957382515e-10 
  424       2.343847646345e-10 
  425       2.350130694392e-10 
  426       2.356796201383e-10 
  427       2.363834395679e-10 
  428       2.371238569211e-10 
  429       2.379002649474e-10 
  430       2.387120379114e-10 
  431       2.395585314715e-10 
  432       2.404390825578e-10 
  433       2.413530092503e-10 
  434       2.422996106572e-10 
  435       2.432781667928e-10 
  436       2.442879384560e-10 
  437       2.453281671085e-10 
  438       2.463980747526e-10 
  439       2.474968638096e-10 
  440       2.486237169981e-10 
  441       2.497777972121e-10 
  442       2.509582473988e-10 
  443       2.521641904375e-10 
  444       2.533947290171e-10 
  445       2.546489455148e-10 
  446       2.559259018738e-10 
  447       2.572246394819e-10 
  448       2.585441790493e-10 
  449       2.598835204871e-10 
  450       2.612416427854e-10 
  451       2.626175038913e-10 
  452       2.640100405872e-10 
  453       2.654181683690e-10 
  454       2.668407813242e-10 
  455       2.682767520102e-10 
  456       2.697249313325e-10 
  457       2.711841484224e-10 
  458       2.726532105161e-10 
  459       2.741309028318e-10 
  460       2.756159884488e-10 
  461       2.771072081850e-10 
  462       2.786032804756e-10 
  463       2.801029012509e-10 
  464       2.816047438146e-10 
  465       2.831074587220e-10 
  466       2.846098147240e-10 
  467       2.861111266847e-10 
  468       2.876108407749e-10 
  469       2.891083945686e-10 
  470       2.906032169995e-10 
  471       2.920947283167e-10 
  472       2.935823400408e-10 
  473       2.950654549198e-10 
  474       2.965434668850e-10 
  475       2.980157610072e-10 
  476       2.994817134522e-10 
  477       3.009406914374e-10 
  478       3.023920531872e-10 
  479       3.038351478892e-10 
  480       3.052693156502e-10 
  481       3.066938874520e-10 
  482       3.081081851077e-10 
  483       3.095115212171e-10 
  484       3.109031991234e-10 
  485       3.122825128682e-10 
  486       3.136487471487e-10 
  487       3.150011772723e-10 
  488       3.163390691137e-10 
  489       3.176616790703e-10 
  490       3.189682540181e-10 
  491       3.202580312681e-10 
  492       3.215302385217e-10 
  493       3.227840938272e-10 
  494       3.240188055354e-10 
  495       3.252335722556e-10 
  496       3.264275828118e-10 
  497       3.276000161984e-10 
  498       3.287500415363e-10 
  499       3.298768180287e-10 
  500       3.309794949175e-10 
  501       3.320572114387e-10 
  502       3.331090967786e-10 
  503       3.341342700298e-10 
  504       3.351318401473e-10 
  505       3.361010356067e-10 
  506       3.370415975774e-10 
  507       3.379533979898e-10 
  508       3.388363108738e-10 
  509       3.396902123755e-10 
  510       3.405149807747e-10 
  511       3.413104965009e-10 
  512       3.420766421509e-10 
  513       3.428133025052e-10 
  514       3.435203645453e-10 
  515       3.441977174699e-10 
  516       3.448452527127e-10 
  517       3.454628639585e-10 
  518       3.460504471604e-10 
  519       3.466079005565e-10 
  520       3.471351246872e-10 
  521       3.476320224113e-10 
  522       3.480984989239e-10 
  523       3.485344617722e-10 
  524       3.489398208732e-10 
  525       3.493144885300e-10 
  526       3.496583794493e-10 
  527       3.499714107574e-10 
  528       3.502535020180e-10 
  529       3.505045752484e-10 
  530       3.507245549367e-10 
  531       3.509133680586e-10 
  532       3.510709440941e-10 
  533       3.511972150448e-10 
  534       3.512921154503e-10 
  535       3.513555824053e-10 
  536       3.513875555765e-10 
  537       3.513879772194e-10 
  538       3.513567921952e-10 
  539       3.512939479876e-10 
  540       3.511993947197e-10 
  541       3.510730851712e-10 
  542       3.509149747946e-10 
  543       3.507250217326e-10 
  544       3.505032470520e-10 
  545       3.502499171826e-10 
  546       3.499653663935e-10 
  547       3.496499370586e-10 
  548       3.493039796981e-10 
  549       3.489278530197e-10 
  550       3.485219239595e-10 
  551       3.480865677238e-10 
  552       3.476221678298e-10 
  553       3.471291161473e-10 
  554       3.466078129397e-10 
  555       3.460586669052e-10 
  556       3.454820952182e-10 
  557       3.448785235705e-10 
  558       3.442483862126e-10 
  559       3.435921259946e-10 
  560       3.429101944081e-10 
  561       3.422030516267e-10 
  562       3.414711665479e-10 
  563       3.407150168339e-10 
  564       3.399350889529e-10 
  565       3.391318782207e-10 
  566       3.383058888415e-10 
  567       3.374576339493e-10 
  568       3.365876356494e-10 
  569       3.356964250592e-10 
  570       3.347845423498e-10 
  571       3.338525367870e-10 
  572       3.329009667727e-10 
  573       3.319303998861e-10 
  574       3.309414129251e-10 
  575       3.299345919472e-10 
  576       3.289105323109e-10 
  577       3.278698387171e-10 
  578       3.268131252503e-10 
  579       3.257410154196e-10 
  580       3.246541422002e-10 
  581       3.235531480745e-10 
  582       3.224386850736e-10 
  583       3.213113883032e-10 
  584       3.201717957137e-10 
  585       3.190204264072e-10 
  586       3.178578070034e-10 
  587       3.166844716712e-10 
  588       3.155009621606e-10 
  589       3.143078278349e-10 
  590       3.131056257021e-10 
  591       3.118949204472e-10 
  592       3.106762844639e-10 
  593       3.094502978867e-10 
  594       3.082175486226e-10 
  595       3.069786323830e-10 
  596       3.057341527157e-10 
  597       3.044847210368e-10 
  598       3.032309566625e-10 
  599       3.019734868411e-10 
  600       3.007129467850e-10 
  601       2.994499797023e-10 
  602       2.981852368288e-10 
  603       2.969193774602e-10 
  604       2.956530689836e-10 
  605       2.943869869096e-10 
  606       2.931218149042e-10 
  607       2.918582448205e-10 
  608       2.905969767310e-10 
  609       2.893387189592e-10 
  610       2.880841881115e-10 
  611       2.868341091091e-10 
  612       2.855892152201e-10 
  613       2.843502480912e-10 
  614       2.831179577798e-10 
  615       2.818931027854e-10 
  616       2.806764500823e-10 
  617       2.794687751508e-10 
  618       2.782708620095e-10 
  619       2.770835032468e-10 
  620       2.759075000534e-10 
  621       2.747436622536e-10 
  622       2.735927263811e-10 
  623       2.724551077324e-10 
  624       2.713311425681e-10 
  625       2.702211695500e-10 
  626       2.691255297479e-10 
  627       2.680445666456e-10 
  628       2.669786261482e-10 
  629       2.659280565879e-10 
  630       2.648932087308e-10 
  631       2.638744357836e-10 
  632       2.628720933998e-10 
  633       2.618865396865e-10 
  634       2.609181352105e-10 
  635       2.599672430054e-10 
  636       2.590342285777e-10 
  637       2.581194599135e-10 
  638       2.572233074849e-10 
  639       2.563461442567e-10 
  640       2.554883456926e-10 
  641       2.546502897620e-10 
  642       2.538323569466e-10 
  643       2.530349302467e-10 
  644       2.522583951876e-10 
  645       2.515031398265e-10 
  646       2.507695547588e-10 
  647       2.500580331245e-10 
  648       2.493689706151e-10 
  649       2.487027654798e-10 
  650       2.480598185319e-10 
  651       2.474405331558e-10 
  652       2.468453153132e-10 
  653       2.462745735495e-10 
  654       2.457287190006e-10 
  655       2.452081653993e-10 
  656       2.447133290819e-10 
  657       2.442446289945e-10 
  658       2.438024866998e-10 
  659       2.433873263833e-10 
  660       2.429995748603e-10 
  661       2.426395800292e-10 
  662       2.423073642467e-10 
  663       2.420028655273e-10 
  664       2.417260185875e-10 
  665       2.414767548303e-10 
  666       2.412550023289e-10 
  667       2.410606858114e-10 
  668       2.408937266444e-10 
  669       2.407540428177e-10 
  670       2.406415489281e-10 
  671       2.405561561634e-10 
  672       2.404977722872e-10 
  673       2.404663016223e-10 
  674       2.404616450354e-10 
  675       2.404836999210e-10 
  676       2.405323601857e-10 
  677       2.406075162321e-10 
  678       2.407090549433e-10 
  679       2.408368596668e-10 
  680       2.409908101987e-10 
  681       2.411707827680e-10 
  682       2.413766500207e-10 
  683       2.416082810036e-10 
  684       2.418655411492e-10 
  685       2.421482922590e-10 
  686       2.424563924884e-10 
  687       2.427896963302e-10 
  688       2.431480545995e-10 
  689       2.435313144171e-10 
  690       2.439393191941e-10 
  691       2.443719086161e-10 
  692       2.448289186268e-10 
  693       2.453101814131e-10 
  694       2.458155253883e-10 
  695       2.463447751769e-10 
  696       2.468977515984e-10 
  697       2.474742716516e-10 
  698       2.480741484989e-10 
  699       2.486971914501e-10 
  700       2.493431736982e-10 
  701       2.500117348210e-10 
  702       2.507024762169e-10 
  703       2.514149931463e-10 
  704       2.521488747078e-10 
  705       2.529037038143e-10 
  706       2.536790571693e-10 
  707       2.544745052433e-10 
  708       2.552896122499e-10 
  709       2.561239361224e-10 
  710       2.569770284895e-10 
  711       2.578484346521e-10 
  712       2.587376935594e-10 
  713       2.596443377851e-10 
  714       2.605678935036e-10 
  715       2.615078804664e-10 
  716       2.624638119786e-10 
  717       2.634351948746e-10 
  718       2.644215294949e-10 
  719       2.654223096620e-10 
  720       2.664370226569e-10 
  721       2.674651491953e-10 
  722       2.685061634039e-10 
  723       2.695595327965e-10 
  724       2.706247182505e-10 
  725       2.717011739830e-10 
  726       2.727883475273e-10 
  727       2.738856797089e-10 
  728       2.749926046218e-10 
  729       2.761085496050e-10 
  730       2.772329352185e-10 
  731       2.783651752197e-10 
  732       2.795046765398e-10 
  733       2.806508392596e-10 
  734       2.818030565865e-10 
  735       2.829607148301e-10 
  736       2.841231933788e-10 
  737       2.852898646759e-10 
  738       2.864600941962e-10 
  739       2.876332715403e-10 
  740       2.888089044401e-10 
  741       2.899865265617e-10 
  742       2.911656665387e-10 
  743       2.923458479547e-10 
  744       2.935265893265e-10 
  745       2.947074040875e-10 
  746       2.958878005706e-10 
  747       2.970672819914e-10 
  748       2.982453464310e-10 
  749       2.994214868196e-10 
  750       3.005951909189e-10 
  751       3.017659413061e-10 
  752       3.029332153561e-10 
  753       3.040964852253e-10 
  754       3.052552178342e-10 
  755       3.064088748507e-10 
  756       3.075569126735e-10 
  757       3.086987824145e-10 
  758       3.098339298825e-10 
  759       3.109617955661e-10 
  760       3.120818146166e-10 
  761       3.131934168317e-10 
  762       3.142960266376e-10 
  763       3.153890630733e-10 
  764       3.164719397726e-10 
  765       3.175440649479e-10 
  766       3.186048413730e-10 
  767       3.196536663663e-10 
  768       3.206899317740e-10 
  769       3.217130239528e-10 
  770       3.227223237535e-10 
  771       3.237172065037e-10 
  772       3.246970419912e-10 
  773       3.256611944469e-10 
  774       3.266090225279e-10 
  775       3.275398793007e-10 
  776       3.284531122243e-10 
  777       3.293480631332e-10 
  778       3.302241391956e-10 
  779       3.310810272815e-10 
  780       3.319184835809e-10 
  781       3.327362629907e-10 
  782       3.335341191112e-10 
  783       3.343118042437e-10 
  784       3.350690693873e-10 
  785       3.358056642366e-10 
  786       3.365213371780e-10 
  787       3.372158352879e-10 
  788       3.378889043288e-10 
  789       3.385402887472e-10 
  790       3.391697316705e-10 
  791       3.397769749040e-10 
  792       3.403617589285e-10 
  793       3.409238228967e-10 
  794       3.414629046312e-10 
  795       3.419787406210e-10 
  796       3.424710660191e-10 
  797       3.429396146392e-10 
  798       3.433841189533e-10 
  799       3.438043100887e-10 
  800       3.441999178248e-10 
  801       3.445706705910e-10 
  802       3.449162954629e-10 
  803       3.452365181604e-10 
  804       3.455310630442e-10 
  805       3.457996531131e-10 
  806       3.460420100013e-10 
  807       3.462578539755e-10 
  808       3.464469039319e-10 
  809       3.466088773935e-10 
  810       3.467434905073e-10 
  811       3.468504580412e-10 
  812       3.469294933814e-10 
  813       3.469803085295e-10 
  814       3.470026140996e-10 
  815       3.469961193153e-10 
  816       3.469605320073e-10 
  817       3.468956254377e-10 
  818       3.468014400891e-10 
  819       3.466780854745e-10 
  820       3.465256736453e-10 
  821       3.463443192006e-10 
  822       3.461341392962e-10 
  823       3.458952536536e-10 
  824       3.456277845696e-10 
  825       3.453318569250e-10 
  826       3.450075981942e-10 
  827       3.446551384539e-10 
  828       3.442746103924e-10 
  829       3.438661493189e-10 
  830       3.434298931726e-10 
  831       3.429659825316e-10 
  832       3.424745606224e-10 
  833       3.419557733290e-10 
  834       3.414097692016e-10 
  835       3.408366994664e-10 
  836       3.402367180344e-10 
  837       3.396099815104e-10 
  838       3.389566492026e-10 
  839       3.382768831314e-10 
  840       3.375708480385e-10 
  841       3.368387113965e-10 
  842       3.360806434175e-10 
  843       3.352968170626e-10 
  844       3.344874080509e-10 
  845       3.336525948688e-10 
  846       3.327925587789e-10 
  847       3.319074838293e-10 
  848       3.309975568630e-10 
  849       3.300629675265e-10 
  850       3.291039082793e-10 
  851       3.281205744033e-10 
  852       3.271131640112e-10 
  853       3.260818780563e-10 
  854       3.250269203417e-10 
  855       3.239484975287e-10 
  856       3.228468452466e-10 
  857       3.217223068883e-10 
  858       3.205752561760e-10 
  859       3.194060711968e-10 
  860       3.182151344161e-10 
  861       3.170028326908e-10 
  862       3.157695572830e-10 
  863       3.145157038732e-10 
  864       3.132416725738e-10 
  865       3.119478679427e-10 
  866       3.106346989964e-10 
  867       3.093025792236e-10 
  868       3.079519265985e-10 
  869       3.065831635945e-10 
  870       3.051967171973e-10 
  871       3.037930189185e-10 
  872       3.023725048090e-10 
  873       3.009356154722e-10 
  874       2.994827960779e-10 
  875       2.980144963751e-10 
  876       2.965311707061e-10 
  877       2.950332780192e-10 
  878       2.935212818828e-10 
  879       2.919956504983e-10 
  880       2.904568567138e-10 
  881       2.889053780375e-10 
  882       2.873416966509e-10 
  883       2.857662994226e-10 
  884       2.841796779213e-10 
  885       2.825823284296e-10 
  886       2.809747519571e-10 
  887       2.793574542539e-10 
  888       2.777309458244e-10 
  889       2.760957419401e-10 
  890       2.744523626533e-10 
  891       2.728013328109e-10 
  892       2.711431820670e-10 
  893       2.694784448971e-10 
  894       2.678076606110e-10 
  895       2.661313488806e-10 
  896       2.644499358570e-10 
  897       2.627638268748e-10 
  898       2.610734308383e-10 
  899       2.593791602315e-10 
  900       2.576814311276e-10 
  901       2.559806631991e-10 
  902       2.542772797270e-10 
  903       2.525717076114e-10 
  904       2.508643773802e-10 
  905       2.491557232000e-10 
  906       2.474461828847e-10 
  907       2.457361979063e-10 
  908       2.440262134039e-10 
  909       2.423166781939e-10 
  910       2.406080447794e-10 
  911       2.389007693604e-10 
  912       2.371953118431e-10 
  913       2.354921358499e-10 
  914       2.337917087293e-10 
  915       2.320945015652e-10 
  916       2.304009891870e-10 
  917       2.287116501795e-10 
  918       2.270269668922e-10 
  919       2.253474254492e-10 
  920       2.236735157595e-10 
  921       2.220057315258e-10 
  922       2.203445702550e-10 
  923       2.186905332677e-10 
  924       2.170441257081e-10 
  925       2.154058565533e-10 
  926       2.137762386236e-10 
  927       2.121557885921e-10 
  928       2.105450269942e-10 
  929       2.089444782376e-10 
  930       2.073546706122e-10 
  931       2.057761362993e-10 
  932       2.042094113821e-10 
  933       2.026550358548e-10 
  934       2.011134977444e-10 
  935       1.995850644985e-10 
  936       1.980699489805e-10 
  937       1.965683651213e-10 
  938       1.950805279211e-10 
  939       1.936066534515e-10 
  940       1.921469588579e-10 
  941       1.907016623612e-10 
  942       1.892709832601e-10 
  943       1.878551419329e-10 
  944       1.864543598400e-10 
  945       1.850688595256e-10 
  946       1.836988646200e-10 
  947       1.823445998415e-10 
  948       1.810062909987e-10 
  949       1.796841649924e-10 
  950       1.783784498177e-10 
  951       1.770893745661e-10 
  952       1.758171694275e-10 
  953       1.745620656925e-10 
  954       1.733242957542e-10 
  955       1.721040931106e-10 
  956       1.709016923662e-10 
  957       1.697173292344e-10 
  958       1.685512405399e-10 
  959       1.674036642199e-10 
  960       1.662748393269e-10 
  961       1.651650060307e-10 
  962       1.640744056201e-10 
  963       1.630032805053e-10 
  964       1.619518742199e-10 
  965       1.609204314229e-10 
  966       1.599091979010e-10 
  967       1.589184205702e-10 
  968       1.579483474786e-10 
  969       1.569992278076e-10 
  970       1.560713118748e-10 
  971       1.551648511356e-10 
  972       1.542800981854e-10 
  973       1.534172534081e-10 
  974       1.525763040407e-10 
  975       1.517571826970e-10 
  976       1.509598204978e-10 
  977       1.501841470659e-10 
  978       1.494300905217e-10 
  979       1.486975774782e-10 
  980       1.479865330366e-10 
  981       1.472968807813e-10 
  982       1.466285427757e-10 
  983       1.459814395571e-10 
  984       1.453554901321e-10 
  985       1.447506119721e-10 
  986       1.441667210085e-10 
  987       1.436037316280e-10 
  988       1.430615566678e-10 
  989       1.425401074113e-10 
  990       1.420392935831e-10 
  991       1.415590233443e-10 
  992       1.410992032880e-10 
  993       1.406597384347e-10 
  994       1.402405322272e-10 
  995       1.398414865262e-10 
  996       1.394625016059e-10 
  997       1.391034761487e-10 
  998       1.387643072410e-10 
  999       1.384448903684e-10 
 1000       1.381451194108e-10 
 1001       1.378648866380e-10 
 1002       1.376040827051e-10 
 1003       1.373625966474e-10 
 1004       1.371403158760e-10 
 1005       1.369371261732e-10 
 1006       1.367529116876e-10 
 1007       1.365875549297e-10 
 1008       1.364409367667e-10 
 1009       1.363129364185e-10 
 1010       1.362034314526e-10 
 1011       1.361122977794e-10 
 1012       1.360393870910e-10 
 1013       1.359844588307e-10 
 1014       1.359472472320e-10 
 1015       1.359274837790e-10 
 1016       1.359248971996e-10 
 1017       1.359392134574e-10 
 1018       1.359701557450e-10 
 1019       1.360174444763e-10 
 1020       1.360807972792e-10 
 1021       1.361599289887e-10 
 1022       1.362545516390e-10 
 1023       1.363643744565e-10 
 1024       1.364891038526e-10 
 1025       1.366284434160e-10 
 1026       1.367820939057e-10 
 1027       1.369497532435e-10 
 1028       1.371311165068e-10 
 1029       1.373258759212e-10 
 1030       1.375337208532e-10 
 1031       1.377543378030e-10 
 1032       1.379874103969e-10 
 1033       1.382326193802e-10 
 1034       1.384896426098e-10 
 1035       1.387581550471e-10 
 1036       1.390378287502e-10 
 1037       1.393283328670e-10 
 1038       1.396293336278e-10 
 1039       1.399404943378e-10 
 1040       1.402614753701e-10 
 1041       1.405919341579e-10 
 1042       1.409315251876e-10 
 1043       1.412798999915e-10 
 1044       1.416367071401e-10 
 1045       1.420015922350e-10 
 1046       1.423741979018e-10 
 1047       1.427541637824e-10 
 1048       1.431411265278e-10 
 1049       1.435347197908e-10 
 1050       1.439345742190e-10 
 1051       1.443403329458e-10 
 1052       1.447516983163e-10 
 1053       1.451683857967e-10 
 1054       1.455901085287e-10 
 1055       1.460165773237e-10 
 1056       1.464475006573e-10 
 1057       1.468825846636e-10 
 1058       1.473215331296e-10 
 1059       1.477640474894e-10 
 1060       1.482098268187e-10 
 1061       1.486585678295e-10 
 1062       1.491099648636e-10 
 1063       1.495637098879e-10 
 1064       1.500194924880e-10 
 1065       1.504769998633e-10 
 1066       1.509359168206e-10 
 1067       1.513959257690e-10 
 1068       1.518567067141e-10 
 1069       1.523179372522e-10 
 1070       1.527792925651e-10 
 1071       1.532404454138e-10 
 1072       1.537010661335e-10 
 1073       1.541608226277e-10 
 1074       1.546193803624e-10 
 1075       1.550764023607e-10 
 1076       1.555315491971e-10 
 1077       1.559844789919e-10 
 1078       1.564348474053e-10 
 1079       1.568823076323e-10 
 1080       1.573265103964e-10 
 1081       1.577671039444e-10 
 1082       1.582037340408e-10 
 1083       1.586360439619e-10 
 1084       1.590636744902e-10 
 1085       1.594862639089e-10 
 1086       1.599034479962e-10 
 1087       1.603148600198e-10 
 1088       1.607201307309e-10 
 1089       1.611188883589e-10 
 1090       1.615107980785e-10 
 1091       1.618956810011e-10 
 1092       1.622733967677e-10 
 1093       1.626438042184e-10 
 1094       1.630067613909e-10 
 1095       1.633621255192e-10 
 1096       1.637097530315e-10 
 1097       1.640494995489e-10 
 1098       1.643812198834e-10 
 1099       1.647047680365e-10 
 1100       1.650199971975e-10 
 1101       1.653267597419e-10 
 1102       1.656249072295e-10 
 1103       1.659142904030e-10 
 1104       1.661947591862e-10 
 1105       1.664661626824e-10 
 1106       1.667283491729e-10 
 1107       1.669811661150e-10 
 1108       1.672244601405e-10 
 1109       1.674580770544e-10 
 1110       1.676818618324e-10 
 1111       1.678956586203e-10 
 1112       1.680993107315e-10 
 1113       1.682926606456e-10 
 1114       1.684755500072e-10 
 1115       1.686478196233e-10 
 1116       1.688093094627e-10 
 1117       1.689598586535e-10 
 1118       1.690993054819e-10 
 1119       1.692274873905e-10 
 1120       1.693442409764e-10 
 1121       1.694494019899e-10 
 1122       1.695428053324e-10 
 1123       1.696242850554e-10 
 1124       1.696936743581e-10 
 1125       1.697508055863e-10 
 1126       1.697955102304e-10 
 1127       1.698276189240e-10 
 1128       1.698469614421e-10 
 1129       1.698534050146e-10 
 1130       1.698469698134e-10 
 1131       1.698277149567e-10 
 1132       1.697957003318e-10 
 1133       1.697509865966e-10 
 1134       1.696936351818e-10 
 1135       1.696237082927e-10 
 1136       1.695412689115e-10 
 1137       1.694463807987e-10 
 1138       1.693391084956e-10 
 1139       1.692195173258e-10 
 1140       1.690876733973e-10 
 1141       1.689436436048e-10 
 1142       1.687874956309e-10 
 1143       1.686192979489e-10 
 1144       1.684391198240e-10 
 1145       1.682470313157e-10 
 1146       1.680431032798e-10 
 1147       1.678274073700e-10 
 1148       1.676000160399e-10 
 1149       1.673610025455e-10 
 1150       1.671104409462e-10 
 1151       1.668484061078e-10 
 1152       1.665749737035e-10 
 1153       1.662902202164e-10 
 1154       1.659942229416e-10 
 1155       1.656870599874e-10 
 1156       1.653688102781e-10 
 1157       1.650395535554e-10 
 1158       1.646993703806e-10 
 1159       1.643483421363e-10 
 1160       1.639865510287e-10 
 1161       1.636140800892e-10 
 1162       1.632310131768e-10 
 1163       1.628374349795e-10 
 1164       1.624334310165e-10 
 1165       1.620190876403e-10 
 1166       1.615944920385e-10 
 1167       1.611597322357e-10 
 1168       1.607149137733e-10 
 1169       1.602602099731e-10 
 1170       1.597958123066e-10 
 1171       1.593219137777e-10 
 1172       1.588387089258e-10 
 1173       1.583463938294e-10 
 1174       1.578451661099e-10 
 1175       1.573352249341e-10 
 1176       1.568167710187e-10 
 1177       1.562900066328e-10 
 1178       1.557551356019e-10 
 1179       1.552123633111e-10 
 1180       1.546618967084e-10 
 1181       1.541039443084e-10 
 1182       1.535387161954e-10 
 1183       1.529664240271e-10 
 1184       1.523872810379e-10 
 1185       1.518015020421e-10 
 1186       1.512093034378e-10 
 1187       1.506109032097e-10 
 1188       1.500065209332e-10 
 1189       1.493963777772e-10 
 1190       1.487806965078e-10 
 1191       1.481597014918e-10 
 1192       1.475336187000e-10 
 1193       1.469026757105e-10 
 1194       1.462671017123e-10 
 1195       1.456271275086e-10 
 1196       1.449829855204e-10 
 1197       1.443349097896e-10 
 1198       1.436831359827e-10 
 1199       1.430279013940e-10 
 1200       1.423694449494e-10 
 1201       1.417080072091e-10 
 1202       1.410438303718e-10 
 1203       1.403771582776e-10 
 1204       1.397082364117e-10 
 1205       1.390373119075e-10 
 1206       1.383646335503e-10 
 1207       1.376904415084e-10 
 1208       1.370149363827e-10 
 1209       1.363383097889e-10 
 1210       1.356607545986e-10 
 1211       1.349824649416e-10 
 1212       1.343036362087e-10 
 1213       1.336244650542e-10 
 1214       1.329451493983e-10 
 1215       1.322658884301e-10 
 1216       1.315868826095e-10 
 1217       1.309083336705e-10 
 1218       1.302304446233e-10 
 1219       1.295534197568e-10 
 1220       1.288774646417e-10 
 1221       1.282027861325e-10 
 1222       1.275295923703e-10 
 1223       1.268580927856e-10 
 1224       1.261884981004e-10 
 1225       1.255210203311e-10 
 1226       1.248558727909e-10 
 1227       1.241932700926e-10 
 1228       1.235334281509e-10 
 1229       1.228765641851e-10 
 1230       1.222228967216e-10 
 1231       1.215726455968e-10 
 1232       1.209260319589e-10 
 1233       1.202832782715e-10 
 1234       1.196446083152e-10 
 1235       1.190102471909e-10 
 1236       1.183804213220e-10 
 1237       1.177553584568e-10 
 1238       1.171352876716e-10 
 1239       1.165204393729e-10 
 1240       1.159110452999e-10 
 1241       1.153073385276e-10 
 1242       1.147095534684e-10 
 1243       1.141179258759e-10 
 1244       1.135326928463e-10 
 1245       1.129540928217e-10 
 1246       1.123823386316e-10 
 1247       1.118175362663e-10 
 1248       1.112597651554e-10 
 1249       1.107091050432e-10 
 1250       1.101656359888e-10 
 1251       1.096294383666e-10 
 1252       1.091005928671e-10 
 1253       1.085791804969e-10 
 1254       1.080652825797e-10 
 1255       1.075589807566e-10 
 1256       1.070603569863e-10 
 1257       1.065694935460e-10 
 1258       1.060864730317e-10 
 1259       1.056113783585e-10 
 1260       1.051442927617e-10 
 1261       1.046852997965e-10 
 1262       1.042344833389e-10 
 1263       1.037919275865e-10 
 1264       1.033577170582e-10 
 1265       1.029319365953e-10 
 1266       1.025146713619e-10 
 1267       1.021060068452e-10 
 1268       1.017060288560e-10 
 1269       1.013148235295e-10 
 1270       1.009324773254e-10 
 1271       1.005590770285e-10 
 1272       1.001947097494e-10 
 1273       9.983946292464e-11 
 1274       9.949342431751e-11 
 1275       9.915668201832e-11 
 1276       9.882932444498e-11 
 1277       9.851144034346e-11 
 1278       9.820311878829e-11 
 1279       9.790444918305e-11 
 1280       9.761552126083e-11 
 1281       9.733642508475e-11 
 1282       9.706725104842e-11 
 1283       9.680808987645e-11 
 1284       9.655903262493e-11 
 1285       9.632014487327e-11 
 1286       9.609138897739e-11 
 1287       9.587270093299e-11 
 1288       9.566401610246e-11 
 1289       9.546526921359e-11 
 1290       9.527639435811e-11 
 1291       9.509732499035e-11 
 1292       9.492799392582e-11 
 1293       9.476833333984e-11 
 1294       9.461827476616e-11 
 1295       9.447774909554e-11 
 1296       9.434668657441e-11 
 1297       9.422501680345e-11 
 1298       9.411266873621e-11 
 1299       9.400957067771e-11 
 1300       9.391565028310e-11 
 1301       9.383083455620e-11 
 1302       9.375504984819e-11 
 1303       9.368822185616e-11 
 1304       9.363027562176e-11 
 1305       9.358113552979e-11 
 1306       9.354072530684e-11 
 1307       9.350896801988e-11 
 1308       9.348578607487e-11 
 1309       9.347110121541e-11 
 1310       9.346483452128e-11 
 1311       9.346690640715e-11 
 1312       9.347723662110e-11 
 1313       9.349574424329e-11 
 1314       9.352234768457e-11 
 1315       9.355696468506e-11 
 1316       9.359951231279e-11 
 1317       9.364990696231e-11 
 1318       9.370806435329e-11 
 1319       9.377389952915e-11 
 1320       9.384732685565e-11 
 1321       9.392826001953e-11 
 1322       9.401661202711e-11 
 1323       9.411229520290e-11 
 1324       9.421521087109e-11 
 1325       9.432521827822e-11 
 1326       9.444216532454e-11 
 1327       9.456589884791e-11 
 1328       9.469626462177e-11 
 1329       9.483310735294e-11 
 1330       9.497627067962e-11 
 1331       9.512559716924e-11 
 1332       9.528092831641e-11 
 1333       9.544210454078e-11 
 1334       9.560896518499e-11 
 1335       9.578134851254e-11 
 1336       9.595909170575e-11 
 1337       9.614203086359e-11 
 1338       9.633000099966e-11 
 1339       9.652283604006e-11 
 1340       9.672036882131e-11 
 1341       9.692243108824e-11 
 1342       9.712885349192e-11 
 1343       9.733946558755e-11 
 1344       9.755409583237e-11 
 1345       9.777257158357e-11 
 1346       9.799471909623e-11 
 1347       9.822036352114e-11 
 1348       9.844932890279e-11 
 1349       9.868143817727e-11 
 1350       9.891651317012e-11 
 1351       9.915437459429e-11 
 1352       9.939484204802e-11 
 1353       9.963773401278e-11 
 1354       9.988286785113e-11 
 1355       1.001300598047e-10 
 1356       1.003791249919e-10 
 1357       1.006298774062e-10 
 1358       1.008821299137e-10 
 1359       1.011356942510e-10 
 1360       1.013903810236e-10 
 1361       1.016459997032e-10 
 1362       1.019023586260e-10 
 1363       1.021592736782e-10 
 1364       1.024165944600e-10 
 1365       1.026741783985e-10 
 1366       1.029318820831e-10 
 1367       1.031895612648e-10 
 1368       1.034470708541e-10 
 1369       1.037042649197e-10 
 1370       1.039609966868e-10 
 1371       1.042171185360e-10 
 1372       1.044724820010e-10 
 1373       1.047269377678e-10 
 1374       1.049803356730e-10 
 1375       1.052325247017e-10 
 1376       1.054833529870e-10 
 1377       1.057326678074e-10 
 1378       1.059803155861e-10 
 1379       1.062261418888e-10 
 1380       1.064699914228e-10 
 1381       1.067117080351e-10 
 1382       1.069511347107e-10 
 1383       1.071881135716e-10 
 1384       1.074224858748e-10 
 1385       1.076540920109e-10 
 1386       1.078827715028e-10 
 1387       1.081083630036e-10 
 1388       1.083307042959e-10 
 1389       1.085496322894e-10 
 1390       1.087649830201e-10 
 1391       1.089765916482e-10 
 1392       1.091842924569e-10 
 1393       1.093879188508e-10 
 1394       1.095873033542e-10 
 1395       1.097822776100e-10 
 1396       1.099726723777e-10 
 1397       1.101583175319e-10 
 1398       1.103390420611e-10 
 1399       1.105146740661e-10 
 1400       1.106850407581e-10 
 1401       1.108499684575e-10 
 1402       1.110093027428e-10 
 1403       1.111629691303e-10 
 1404       1.113109130242e-10 
 1405       1.114530796231e-10 
 1406       1.115894139203e-10 
 1407       1.117198607028e-10 
 1408       1.118443645514e-10 
 1409       1.119628698402e-10 
 1410       1.120753207364e-10 
 1411       1.121816612001e-10 
 1412       1.122818349837e-10 
 1413       1.123757856320e-10 
 1414       1.124634564815e-10 
 1415       1.125447906603e-10 
 1416       1.126197310878e-10 
 1417       1.126882204744e-10 
 1418       1.127502013211e-10 
 1419       1.128056159192e-10 
 1420       1.128544063502e-10 
 1421       1.128965144854e-10 
 1422       1.129318819852e-10 
 1423       1.129604502996e-10 
 1424       1.129821606672e-10 
 1425       1.129969541150e-10 
 1426       1.130047714587e-10 
 1427       1.130055533015e-10 
 1428       1.129992400344e-10 
 1429       1.129857718358e-10 
 1430       1.129650886710e-10 
 1431       1.129371302920e-10 
 1432       1.129018362375e-10 
 1433       1.128591458320e-10 
 1434       1.128089981860e-10 
 1435       1.127513321954e-10 
 1436       1.126860865414e-10 
 1437       1.126131996901e-10 
 1438       1.125326098922e-10 
 1439       1.124442551826e-10 
 1440       1.123480733805e-10 
 1441       1.122440210292e-10 
 1442       1.121321304287e-10 
 1443       1.120124531818e-10 
 1444       1.118850413065e-10 
 1445       1.117499472367e-10 
 1446       1.116072238233e-10 
 1447       1.114569243347e-10 
 1448       1.112991024578e-10 
 1449       1.111338122985e-10 
 1450       1.109611083829e-10 
 1451       1.107810456578e-10 
 1452       1.105936794915e-10 
 1453       1.103990656749e-10 
 1454       1.101972604217e-10 
 1455       1.099883203699e-10 
 1456       1.097723025819e-10 
 1457       1.095492645459e-10 
 1458       1.093192641762e-10 
 1459       1.090823598144e-10 
 1460       1.088386102299e-10 
 1461       1.085880746207e-10 
 1462       1.083308126145e-10 
 1463       1.080668842691e-10 
 1464       1.077963500733e-10 
 1465       1.075192709480e-10 
 1466       1.072357082466e-10 
 1467       1.069457237559e-10 
 1468       1.066493796970e-10 
 1469       1.063467387259e-10 
 1470       1.060378639346e-10 
 1471       1.057228188516e-10 
 1472       1.054016674427e-10 
 1473       1.050744741119e-10 
 1474       1.047413037025e-10 
 1475       1.044022214970e-10 
 1476       1.040572932190e-10 
 1477       1.037065850331e-10 
 1478       1.033501635461e-10 
 1479       1.029880958078e-10 
 1480       1.026204569968e-10 
 1481       1.022473535589e-10 
 1482       1.018689002993e-10 
 1483       1.014852127189e-10 
 1484       1.010964070156e-10 
 1485       1.007026000860e-10 
 1486       1.003039095260e-10 
 1487       9.990045363237e-11 
 1488       9.949235140376e-11 
 1489       9.907972254212e-11 
 1490       9.866268745377e-11 
 1491       9.824136725066e-11 
 1492       9.781588375155e-11 
 1493       9.738635948326e-11 
 1494       9.695291768186e-11 
 1495       9.651568229387e-11 
 1496       9.607477797751e-11 
 1497       9.563033010387e-11 
 1498       9.518246475816e-11 
 1499       9.473130874087e-11 
 1500       9.427698956906e-11 
 1501       9.381963547749e-11 
 1502       9.335937541987e-11 
 1503       9.289633907010e-11 
 1504       9.243065682341e-11 
 1505       9.196245979764e-11 
 1506       9.149187983442e-11 
 1507       9.101904950039e-11 
 1508       9.054410208839e-11 
 1509       9.006717161872e-11 
 1510       8.958839284029e-11 
 1511       8.910790123189e-11 
 1512       8.862583300336e-11 
 1513       8.814232509683e-11 
 1514       8.765751518790e-11 
 1515       8.717154168688e-11 
 1516       8.668454374001e-11 
 1517       8.619666123064e-11 
 1518       8.570803478044e-11 
 1519       8.521879984202e-11 
 1520       8.472906891199e-11 
 1521       8.423894914901e-11 
 1522       8.374854826778e-11 
 1523       8.325797453995e-11 
 1524       8.276733679502e-11 
 1525       8.227674442124e-11 
 1526       8.178630736652e-11 
 1527       8.129613613937e-11 
 1528       8.080634180972e-11 
 1529       8.031703600990e-11 
 1530       7.982833093553e-11 
 1531       7.934033934639e-11 
 1532       7.885317456737e-11 
 1533       7.836695048934e-11 
 1534       7.788178157007e-11 
 1535       7.739778283515e-11 
 1536       7.691506987886e-11 
 1537       7.643375886509e-11 
 1538       7.595396652826e-11 
 1539       7.547581017420e-11 
 1540       7.499940768108e-11 
 1541       7.452487750029e-11 
 1542       7.405233865737e-11 
 1543       7.358191075288e-11 
 1544       7.311371396333e-11 
 1545       7.264786904211e-11 
 1546       7.218449732032e-11 
 1547       7.172372070774e-11 
 1548       7.126566169373e-11 
 1549       7.081044334809e-11 
 1550       7.035818932201e-11 
 1551       6.990902384895e-11 
 1552       6.946307174556e-11 
 1553       6.902045841259e-11 
 1554       6.858130983574e-11 
 1555       6.814575258665e-11 
 1556       6.771391382375e-11 
 1557       6.728592129316e-11 
 1558       6.686188917188e-11 
 1559       6.644187545005e-11 
 1560       6.602592415033e-11 
 1561       6.561407944956e-11 
 1562       6.520638567893e-11 
 1563       6.480288732422e-11 
 1564       6.440362902596e-11 
 1565       6.400865557971e-11 
 1566       6.361801193617e-11 
 1567       6.323174320149e-11 
 1568       6.284989463736e-11 
 1569       6.247251166133e-11 
 1570       6.209963984691e-11 
 1571       6.173132492388e-11 
 1572       6.136761277840e-11 
 1573       6.100854945326e-11 
 1574       6.065418114811e-11 
 1575       6.030455421961e-11 
 1576       5.995971518166e-11 
 1577       5.961971070563e-11 
 1578       5.928458762052e-11 
 1579       5.895439291320e-11 
 1580       5.862917372860e-11 
 1581       5.830897736992e-11 
 1582       5.799385129883e-11 
 1583       5.768384313569e-11 
 1584       5.737900065971e-11 
 1585       5.707937180923e-11 
 1586       5.678500468187e-11 
 1587       5.649594753473e-11 
 1588       5.621224878465e-11 
 1589       5.593395700835e-11 
 1590       5.566112094267e-11 
 1591       5.539378948480e-11 
 1592       5.513201169241e-11 
 1593       5.487583678393e-11 
 1594       5.462531413871e-11 
 1595       5.438049329727e-11 
 1596       5.414142396145e-11 
 1597       5.390814248300e-11 
 1598       5.368063119349e-11 
 1599       5.345885870224e-11 
 1600       5.324279337376e-11 
 1601       5.303240332727e-11 
 1602       5.282765643633e-11 
 1603       5.262852032834e-11 
 1604       5.243496238417e-11 
 1605       5.224694973770e-11 
 1606       5.206444927540e-11 
 1607       5.188742763590e-11 
 1608       5.171585120954e-11 
 1609       5.154968613796e-11 
 1610       5.138889831369e-11 
 1611       5.123345337967e-11 
 1612       5.108331672885e-11 
 1613       5.093845350377e-11 
 1614       5.079882859609e-11 
 1615       5.066440664621e-11 
 1616       5.053515204281e-11 
 1617       5.041102892241e-11 
 1618       5.029200116898e-11 
 1619       5.017803241345e-11 
 1620       5.006908603336e-11 
 1621       4.996512515234e-11 
 1622       4.986611263976e-11 
 1623       4.977201111025e-11 
 1624       4.968278292328e-11 
 1625       4.959839018273e-11 
 1626       4.951879473648e-11 
 1627       4.944395817596e-11 
 1628       4.937384183572e-11 
 1629       4.930840679300e-11 
 1630       4.924761386731e-11 
 1631       4.919142362000e-11 
 1632       4.913979635380e-11 
 1633       4.909269211244e-11 
 1634       4.905007068018e-11 
 1635       4.901189158139e-11 
 1636       4.897810829932e-11 
 1637       4.894865087670e-11 
 1638       4.892344315867e-11 
 1639       4.890240855880e-11 
 1640       4.888547005839e-11 
 1641       4.887255020578e-11 
 1642       4.886357111568e-11 
 1643       4.885845446845e-11 
 1644       4.885712150942e-11 
 1645       4.885949304822e-11 
 1646       4.886548945809e-11 
 1647       4.887503067515e-11 
 1648       4.888803619776e-11 
 1649       4.890442508580e-11 
 1650       4.892411596000e-11 
 1651       4.894702700123e-11 
 1652       4.897307594985e-11 
 1653       4.900218010495e-11 
 1654       4.903425632375e-11 
 1655       4.906922102083e-11 
 1656       4.910699016751e-11 
 1657       4.914747929110e-11 
 1658       4.919060347424e-11 
 1659       4.923627735422e-11 
 1660       4.928441512229e-11 
 1661       4.933493052294e-11 
 1662       4.938773685324e-11 
 1663       4.944274696213e-11 
 1664       4.949987324978e-11 
 1665       4.955902766682e-11 
 1666       4.962012171372e-11 
 1667       4.968306644008e-11 
 1668       4.974777244391e-11 
 1669       4.981414987101e-11 
 1670       4.988210841419e-11 
 1671       4.995155731267e-11 
 1672       5.002240535133e-11 
 1673       5.009456086004e-11 
 1674       5.016793171299e-11 
 1675       5.024242889917e-11 
 1676       5.031797726954e-11 
 1677       5.039450488235e-11 
 1678       5.047193943996e-11 
 1679       5.055020828832e-11 
 1680       5.062923841636e-11 
 1681       5.070895645554e-11 
 1682       5.078928867926e-11 
 1683       5.087016100231e-11 
 1684       5.095149898040e-11 
 1685       5.103322780956e-11 
 1686       5.111527232563e-11 
 1687       5.119755700373e-11 
 1688       5.128000595770e-11 
 1689       5.136254293959e-11 
 1690       5.144509133910e-11 
 1691       5.152757418306e-11 
 1692       5.160991413488e-11 
 1693       5.169203349404e-11 
 1694       5.177385419552e-11 
 1695       5.185529780927e-11 
 1696       5.193628553971e-11 
 1697       5.201673822515e-11 
 1698       5.209657633726e-11 
 1699       5.217571998055e-11 
 1700       5.225408889182e-11 
 1701       5.233160243966e-11 
 1702       5.240817962384e-11 
 1703       5.248373907484e-11 
 1704       5.255819905329e-11 
 1705       5.263147744943e-11 
 1706       5.270349178258e-11 
 1707       5.277415920058e-11 
 1708       5.284339647931e-11 
 1709       5.291112002210e-11 
 1710       5.297724585920e-11 
 1711       5.304168964727e-11 
 1712       5.310436666882e-11 
 1713       5.316519183170e-11 
 1714       5.322408903914e-11 
 1715       5.328101938863e-11 
 1716       5.333595321273e-11 
 1717       5.338886073010e-11 
 1718       5.343971204541e-11 
 1719       5.348847714915e-11 
 1720       5.353512591747e-11 
 1721       5.357962811204e-11 
 1722       5.362195337989e-11 
 1723       5.366207125328e-11 
 1724       5.369995114950e-11 
 1725       5.373556237075e-11 
 1726       5.376887410398e-11 
 1727       5.379985542072e-11 
 1728       5.382847527697e-11 
 1729       5.385470251298e-11 
 1730       5.387850585316e-11 
 1731       5.389985390587e-11 
 1732       5.391871516331e-11 
 1733       5.393505800135e-11 
 1734       5.394885067938e-11 
 1735       5.396006134014e-11 
 1736       5.396865800958e-11 
 1737       5.397460859670e-11 
 1738       5.397788089342e-11 
 1739       5.397844257438e-11 
 1740       5.397626119683e-11 
 1741       5.397130420045e-11 
 1742       5.396353890721e-11 
 1743       5.395293252120e-11 
 1744       5.393945212850e-11 
 1745       5.392306469699e-11 
 1746       5.390373707624e-11 
 1747       5.388143599733e-11 
 1748       5.385612807270e-11 
 1749       5.382777979599e-11 
 1750       5.379635754189e-11 
 1751       5.376182756600e-11 
 1752       5.372415600466e-11 
 1753       5.368331795317e-11 
 1754       5.363932478361e-11 
 1755       5.359219705474e-11 
 1756       5.354195545454e-11 
 1757       5.348862080037e-11 
 1758       5.343221403921e-11 
 1759       5.337275624785e-11 
 1760       5.331026863308e-11 
 1761       5.324477253191e-11 
 1762       5.317628941172e-11 
 1763       5.310484087055e-11 
 1764       5.303044863722e-11 
 1765       5.295313457156e-11 
 1766       5.287292066460e-11 
 1767       5.278982903880e-11 
 1768       5.270388194822e-11 
 1769       5.261510177874e-11 
 1770       5.252351104822e-11 
 1771       5.242913240677e-11 
 1772       5.233198863689e-11 
 1773       5.223210265368e-11 
 1774       5.212949750509e-11 
 1775       5.202419637204e-11 
 1776       5.191622256868e-11 
 1777       5.180559954259e-11 
 1778       5.169235087494e-11 
 1779       5.157650028073e-11 
 1780       5.145807160894e-11 
 1781       5.133708884282e-11 
 1782       5.121357609999e-11 
 1783       5.108755763270e-11 
 1784       5.095905782802e-11 
 1785       5.082810120802e-11 
 1786       5.069471243002e-11 
 1787       5.055891628671e-11 
 1788       5.042073770644e-11 
 1789       5.028020175334e-11 
 1790       5.013733362760e-11 
 1791       4.999215866558e-11 
 1792       4.984470630745e-11 
 1793       4.969502203482e-11 
 1794       4.954315553096e-11 
 1795       4.938915672261e-11 
 1796       4.923307578039e-11 
 1797       4.907496311909e-11 
 1798       4.891486939805e-11 
 1799       4.875284552149e-11 
 1800       4.858894263887e-11 
 1801       4.842321214525e-11 
 1802       4.825570568161e-11 
 1803       4.808647513521e-11 
 1804       4.791557263997e-11 
 1805       4.774305057676e-11 
 1806       4.756896157379e-11 
 1807       4.739335850695e-11 
 1808       4.721629450016e-11 
 1809       4.703782292569e-11 
 1810       4.685799740458e-11 
 1811       4.667687180689e-11 
 1812       4.649450025214e-11 
 1813       4.631093710960e-11 
 1814       4.612623699866e-11 
 1815       4.594045478917e-11 
 1816       4.575364560181e-11 
 1817       4.556586480841e-11 
 1818       4.537716803232e-11 
 1819       4.518761114875e-11 
 1820       4.499725028510e-11 
 1821       4.480614182135e-11 
 1822       4.461434239037e-11 
 1823       4.442190887830e-11 
 1824       4.422889842488e-11 
 1825       4.403536842378e-11 
 1826       4.384137652299e-11 
 1827       4.364698062515e-11 
 1828       4.345223888788e-11 
 1829       4.325720972417e-11 
 1830       4.306195180268e-11 
 1831       4.286652176699e-11 
 1832       4.267096737263e-11 
 1833       4.247533429588e-11 
 1834       4.227966841022e-11 
 1835       4.208401578652e-11 
 1836       4.188842269341e-11 
 1837       4.169293559746e-11 
 1838       4.149760116349e-11 
 1839       4.130246625483e-11 
 1840       4.110757793359e-11 
 1841       4.091298346092e-11 
 1842       4.071873029727e-11 
 1843       4.052486610268e-11 
 1844       4.033143873701e-11 
 1845       4.013849626027e-11 
 1846       3.994608693279e-11 
 1847       3.975425921560e-11 
 1848       3.956306177061e-11 
 1849       3.937254346090e-11 
 1850       3.918275335103e-11 
 1851       3.899374070723e-11 
 1852       3.880555499773e-11 
 1853       3.861824589302e-11 
 1854       3.843186326606e-11 
 1855       3.824645719262e-11 
 1856       3.806207795152e-11 
 1857       3.787877602488e-11 
 1858       3.769660209839e-11 
 1859       3.751560706161e-11 
 1860       3.733584200819e-11 
 1861       3.715735823619e-11 
 1862       3.698020724829e-11 
 1863       3.680444075209e-11 
 1864       3.663011066039e-11 
 1865       3.645726909141e-11 
 1866       3.628596836911e-11 
 1867       3.611626102342e-11 
 1868       3.594819979052e-11 
 1869       3.578183761310e-11 
 1870       3.561722150353e-11 
 1871       3.545437408022e-11 
 1872       3.529331188729e-11 
 1873       3.513405151861e-11 
 1874       3.497660961787e-11 
 1875       3.482100287863e-11 
 1876       3.466724804438e-11 
 1877       3.451536190860e-11 
 1878       3.436536131479e-11 
 1879       3.421726315657e-11 
 1880       3.407108437771e-11 
 1881       3.392684197217e-11 
 1882       3.378455298420e-11 
 1883       3.364423450837e-11 
 1884       3.350590368962e-11 
 1885       3.336957772332e-11 
 1886       3.323527385536e-11 
 1887       3.310300938214e-11 
 1888       3.297280165071e-11 
 1889       3.284466805873e-11 
 1890       3.271862605463e-11 
 1891       3.259469313758e-11 
 1892       3.247288685759e-11 
 1893       3.235322481556e-11 
 1894       3.223572466333e-11 
 1895       3.212040410375e-11 
 1896       3.200728089071e-11 
 1897       3.189637282922e-11 
 1898       3.178769777548e-11 
 1899       3.168127363688e-11 
 1900       3.157711837211e-11 
 1901       3.147524999121e-11 
 1902       3.137568655559e-11 
 1903       3.127844617814e-11 
 1904       3.118354702324e-11 
 1905       3.109100730683e-11 
 1906       3.100084529649e-11 
 1907       3.091307931147e-11 
 1908       3.082772772274e-11 
 1909       3.074480304010e-11 
 1910       3.066429412376e-11 
 1911       3.058618383647e-11 
 1912       3.051045494399e-11 
 1913       3.043709011498e-11 
 1914       3.036607192081e-11 
 1915       3.029738283545e-11 
 1916       3.023100523533e-11 
 1917       3.016692139921e-11 
 1918       3.010511350801e-11 
 1919       3.004556364472e-11 
 1920       2.998825379422e-11 
 1921       2.993316584316e-11 
 1922       2.988028157981e-11 
 1923       2.982958269396e-11 
 1924       2.978105077673e-11 
 1925       2.973466732046e-11 
 1926       2.969041371855e-11 
 1927       2.964827126538e-11 
 1928       2.960822115609e-11 
 1929       2.957024448651e-11 
 1930       2.953432225297e-11 
 1931       2.950043535220e-11 
 1932       2.946856458118e-11 
 1933       2.943869063700e-11 
 1934       2.941079411671e-11 
 1935       2.938485551720e-11 
 1936       2.936085523506e-11 
 1937       2.933877356643e-11 
 1938       2.931859070687e-11 
 1939       2.930028675123e-11 
 1940       2.928384169348e-11 
 1941       2.926923542661e-11 
 1942       2.925644774249e-11 
 1943       2.924545833169e-11 
 1944       2.923624678339e-11 
 1945       2.922879258521e-11 
 1946       2.922307512308e-11 
 1947       2.921907368113e-11 
 1948       2.921676495257e-11 
 1949       2.921611555239e-11 
 1950       2.921708944815e-11 
 1951       2.921965044362e-11 
 1952       2.922376217849e-11 
 1953       2.922938812825e-11 
 1954       2.923649160388e-11 
 1955       2.924503575171e-11 
 1956       2.925498355316e-11 
 1957       2.926629782452e-11 
 1958       2.927894121676e-11 
 1959       2.929287621529e-11 
 1960       2.930806513976e-11 
 1961       2.932447014382e-11 
 1962       2.934205321495e-11 
 1963       2.936077617419e-11 
 1964       2.938060067593e-11 
 1965       2.940148820775e-11 
 1966       2.942340009011e-11 
 1967       2.944629747623e-11 
 1968       2.947014135180e-11 
 1969       2.949489253481e-11 
 1970       2.952051167529e-11 
 1971       2.954695925513e-11 
 1972       2.957419558787e-11 
 1973       2.960218081842e-11 
 1974       2.963087492293e-11 
 1975       2.966023770850e-11 
 1976       2.969022881301e-11 
 1977       2.972080770488e-11 
 1978       2.975193368285e-11 
 1979       2.978356587579e-11 
 1980       2.981566324245e-11 
 1981       2.984818457127e-11 
 1982       2.988108848015e-11 
 1983       2.991433341624e-11 
 1984       2.994787765569e-11 
 1985       2.998167930350e-11 
 1986       3.001569629324e-11 
 1987       3.004988811168e-11 
 1988       3.008422098685e-11 
 1989       3.011866273779e-11 
 1990       3.015318105297e-11 
 1991       3.018774349018e-11 
 1992       3.022231747634e-11 
 1993       3.025687030734e-11 
 1994       3.029136914791e-11 
 1995       3.032578103138e-11 
 1996       3.036007285959e-11 
 1997       3.039421140268e-11 
 1998       3.042816329896e-11 
 1999       3.046189505471e-11 
 2000       3.049537304404e-11 
 2001       3.052856350871e-11 
 2002       3.056143255799e-11 
 2003       3.059394616846e-11 
 2004       3.062607018387e-11 
 2005       3.065777031499e-11 
 2006       3.068901213940e-11 
 2007       3.071976110137e-11 
 2008       3.074998251165e-11 
 2009       3.077964154737e-11 
 2010       3.080870325182e-11 
 2011       3.083713253429e-11 
 2012       3.086489416993e-11 
 2013       3.089195279960e-11 
 2014       3.091827292963e-11 
 2015       3.094381893175e-11 
 2016       3.096855504287e-11 
 2017       3.099244536491e-11 
 2018       3.101545386466e-11 
 2019       3.103754437364e-11 
 2020       3.105868058785e-11 
 2021       3.107882606769e-11 
 2022       3.109794423778e-11 
 2023       3.111599838674e-11 
 2024       3.113295166710e-11 
 2025       3.114876709508e-11 
 2026       3.116341183795e-11 
 2027       3.117687011011e-11 
 2028       3.118913036983e-11 
 2029       3.120018104020e-11 
 2030       3.121001050906e-11 
 2031       3.121860712901e-11 
 2032       3.122595921731e-11 
 2033       3.123205505589e-11 
 2034       3.123688289128e-11 
 2035       3.124043093460e-11 
 2036       3.124268736149e-11 
 2037       3.124364031208e-11 
 2038       3.124327789098e-11 
 2039       3.124158816720e-11 
 2040       3.123855917411e-11 
 2041       3.123417890946e-11 
 2042       3.122843533527e-11 
 2043       3.122131637782e-11 
 2044       3.121280992763e-11 
 2045       3.120290383937e-11 
 2046       3.119158593190e-11 
 2047       3.117884398813e-11 
 2048       3.116466575507e-11 
 2049       3.114903894375e-11 
 2050       3.113195122918e-11 
 2051       3.111339025031e-11 
 2052       3.109334361002e-11 
 2053       3.107179887502e-11 
 2054       3.104874357590e-11 
 2055       3.102416520700e-11 
 2056       3.099805122642e-11 
 2057       3.097038905599e-11 
 2058       3.094116608119e-11 
 2059       3.091036965115e-11 
 2060       3.087798707858e-11 
 2061       3.084400563976e-11 
 2062       3.080841257448e-11 
 2063       3.077119508599e-11 
 2064       3.073234034102e-11 
 2065       3.069183960163e-11 
 2066       3.064970065316e-11 
 2067       3.060593546435e-11 
 2068       3.056055606341e-11 
 2069       3.051357453814e-11 
 2070       3.046500303597e-11 
 2071       3.041485376405e-11 
 2072       3.036313898932e-11 
 2073       3.030987103862e-11 
 2074       3.025506229873e-11 
 2075       3.019872521644e-11 
 2076       3.014087229868e-11 
 2077       3.008151611254e-11 
 2078       3.002066928538e-11 
 2079       2.995834450489e-11 
 2080       2.989455451919e-11 
 2081       2.982931213687e-11 
 2082       2.976263022711e-11 
 2083       2.969452171973e-11 
 2084       2.962499960525e-11 
 2085       2.955407693502e-11 
 2086       2.948176682126e-11 
 2087       2.940808243714e-11 
 2088       2.933303701686e-11 
 2089       2.925664385572e-11 
 2090       2.917891631022e-11 
 2091       2.909986779813e-11 
 2092       2.901951179853e-11 
 2093       2.893786185195e-11 
 2094       2.885493156038e-11 
 2095       2.877073458740e-11 
 2096       2.868528465825e-11 
 2097       2.859859555987e-11 
 2098       2.851068114101e-11 
 2099       2.842155531230e-11 
 2100       2.833123204633e-11 
 2101       2.823972537773e-11 
 2102       2.814704940321e-11 
 2103       2.805321828171e-11 
 2104       2.795824802927e-11 
 2105       2.786216191748e-11 
 2106       2.776498511276e-11 
 2107       2.766674288505e-11 
 2108       2.756746060793e-11 
 2109       2.746716375874e-11 
 2110       2.736587791871e-11 
 2111       2.726362877308e-11 
 2112       2.716044211123e-11 
 2113       2.705634382681e-11 
 2114       2.695135991787e-11 
 2115       2.684551648695e-11 
 2116       2.673883974127e-11 
 2117       2.663135599277e-11 
 2118       2.652309165834e-11 
 2119       2.641407325984e-11 
 2120       2.630432742432e-11 
 2121       2.619388088405e-11 
 2122       2.608276047675e-11 
 2123       2.597099314562e-11 
 2124       2.585860593954e-11 
 2125       2.574562601314e-11 
 2126       2.563208062697e-11 
 2127       2.551799714759e-11 
 2128       2.540340304772e-11 
 2129       2.528832590634e-11 
 2130       2.517279340887e-11 
 2131       2.505683334721e-11 
 2132       2.494047361995e-11 
 2133       2.482374223245e-11 
 2134       2.470666729696e-11 
 2135       2.458927703279e-11 
 2136       2.447159976639e-11 
 2137       2.435366393148e-11 
 2138       2.423549806920e-11 
 2139       2.411713082825e-11 
 2140       2.399859096493e-11 
 2141       2.387990734339e-11 
 2142       2.376110893565e-11 
 2143       2.364222376415e-11 
 2144       2.352327572112e-11 
 2145       2.340428772774e-11 
 2146       2.328528278985e-11 
 2147       2.316628399810e-11 
 2148       2.304731452801e-11 
 2149       2.292839764008e-11 
 2150       2.280955667989e-11 
 2151       2.269081507819e-11 
 2152       2.257219635101e-11 
 2153       2.245372409976e-11 
 2154       2.233542201131e-11 
 2155       2.221731385810e-11 
 2156       2.209942349823e-11 
 2157       2.198177487559e-11 
 2158       2.186439201991e-11 
 2159       2.174729904689e-11 
 2160       2.163052015827e-11 
 2161       2.151407964198e-11 
 2162       2.139800187218e-11 
 2163       2.128231130940e-11 
 2164       2.116703250060e-11 
 2165       2.105219007931e-11 
 2166       2.093780876569e-11 
 2167       2.082391336668e-11 
 2168       2.071052877601e-11 
 2169       2.059767997440e-11 
 2170       2.048539202958e-11 
 2171       2.037369009643e-11 
 2172       2.026259941706e-11 
 2173       2.015214532093e-11 
 2174       2.004235322491e-11 
 2175       1.993324863342e-11 
 2176       1.982485713849e-11 
 2177       1.971720441989e-11 
 2178       1.961031624521e-11 
 2179       1.950421846995e-11 
 2180       1.939893703766e-11 
 2181       1.929449797998e-11 
 2182       1.919092456813e-11 
 2183       1.908822874614e-11 
 2184       1.898641964034e-11 
 2185       1.888550640280e-11 
 2186       1.878549821136e-11 
 2187       1.868640426965e-11 
 2188       1.858823380713e-11 
 2189       1.849099607912e-11 
 2190       1.839470036682e-11 
 2191       1.829935597730e-11 
 2192       1.820497224359e-11 
 2193       1.811155852468e-11 
 2194       1.801912420552e-11 
 2195       1.792767869708e-11 
 2196       1.783723143637e-11 
 2197       1.774779188644e-11 
 2198       1.765936953646e-11 
 2199       1.757197390168e-11 
 2200       1.748561452352e-11 
 2201       1.740030096955e-11 
 2202       1.731604283353e-11 
 2203       1.723284973544e-11 
 2204       1.715073132152e-11 
 2205       1.706969726427e-11 
 2206       1.698975726248e-11 
 2207       1.691092104128e-11 
 2208       1.683319835214e-11 
 2209       1.675659897292e-11 
 2210       1.668113270787e-11 
 2211       1.660680938767e-11 
 2212       1.653363886946e-11 
 2213       1.646163103686e-11 
 2214       1.639079580000e-11 
 2215       1.632114309555e-11 
 2216       1.625268288674e-11 
 2217       1.618542516336e-11 
 2218       1.611937994187e-11 
 2219       1.605455726531e-11 
 2220       1.599096720342e-11 
 2221       1.592861703987e-11 
 2222       1.586750281373e-11 
 2223       1.580761772232e-11 
 2224       1.574895492882e-11 
 2225       1.569150756228e-11 
 2226       1.563526871753e-11 
 2227       1.558023145518e-11 
 2228       1.552638880155e-11 
 2229       1.547373374863e-11 
 2230       1.542225925407e-11 
 2231       1.537195824106e-11 
 2232       1.532282359841e-11 
 2233       1.527484818037e-11 
 2234       1.522802480671e-11 
 2235       1.518234626259e-11 
 2236       1.513780529856e-11 
 2237       1.509439463052e-11 
 2238       1.505210693966e-11 
 2239       1.501093487242e-11 
 2240       1.497087104047e-11 
 2241       1.493190802062e-11 
 2242       1.489403835485e-11 
 2243       1.485725455020e-11 
 2244       1.482154907875e-11 
 2245       1.478691437762e-11 
 2246       1.475334284884e-11 
 2247       1.472082685941e-11 
 2248       1.468935874116e-11 
 2249       1.465893079078e-11 
 2250       1.462953526976e-11 
 2251       1.460116440433e-11 
 2252       1.457381038541e-11 
 2253       1.454746536862e-11 
 2254       1.452212147418e-11 
 2255       1.449777078691e-11 
 2256       1.447440535616e-11 
 2257       1.445201719577e-11 
 2258       1.443059828405e-11 
 2259       1.441014056373e-11 
 2260       1.439063462903e-11 
 2261       1.437206577787e-11 
 2262       1.435441793401e-11 
 2263       1.433767495753e-11 
 2264       1.432182064476e-11 
 2265       1.430683872822e-11 
 2266       1.429271287650e-11 
 2267       1.427942669424e-11 
 2268       1.426696372202e-11 
 2269       1.425530743631e-11 
 2270       1.424444124939e-11 
 2271       1.423434850926e-11 
 2272       1.422501249961e-11 
 2273       1.421641643970e-11 
 2274       1.420854348431e-11 
 2275       1.420137672367e-11 
 2276       1.419489918336e-11 
 2277       1.418909382430e-11 
 2278       1.418394354259e-11 
 2279       1.417943116951e-11 
 2280       1.417553947141e-11 
 2281       1.417225114965e-11 
 2282       1.416954884052e-11 
 2283       1.416741511517e-11 
 2284       1.416583247956e-11 
 2285       1.416478337432e-11 
 2286       1.416425017475e-11 
 2287       1.416421519074e-11 
 2288       1.416466066662e-11 
 2289       1.416556878120e-11 
 2290       1.416692164761e-11 
 2291       1.416870131326e-11 
 2292       1.417088975977e-11 
 2293       1.417346890289e-11 
 2294       1.417642059242e-11 
 2295       1.417972661216e-11 
 2296       1.418336867983e-11 
 2297       1.418732844695e-11 
 2298       1.419158749886e-11 
 2299       1.419612793573e-11 
 2300       1.420093412014e-11 
 2301       1.420599094052e-11 
 2302       1.421128323093e-11 
 2303       1.421679577100e-11 
 2304       1.422251328586e-11 
 2305       1.422842044610e-11 
 2306       1.423450186769e-11 
 2307       1.424074211193e-11 
 2308       1.424712568541e-11 
 2309       1.425363703989e-11 
 2310       1.426026057232e-11 
 2311       1.426698062472e-11 
 2312       1.427378148415e-11 
 2313       1.428064738263e-11 
 2314       1.428756249709e-11 
 2315       1.429451094933e-11 
 2316       1.430147680594e-11 
 2317       1.430844407821e-11 
 2318       1.431539672214e-11 
 2319       1.432231863833e-11 
 2320       1.432919367193e-11 
 2321       1.433600561258e-11 
 2322       1.434273819436e-11 
 2323       1.434937509573e-11 
 2324       1.435589993945e-11 
 2325       1.436229629254e-11 
 2326       1.436854766622e-11 
 2327       1.437463751584e-11 
 2328       1.438054924082e-11 
 2329       1.438626618462e-11 
 2330       1.439177163461e-11 
 2331       1.439704882211e-11 
 2332       1.440208092223e-11 
 2333       1.440685105389e-11 
 2334       1.441134227971e-11 
 2335       1.441553760597e-11 
 2336       1.441941998254e-11 
 2337       1.442297230285e-11 
 2338       1.442617920040e-11 
 2339       1.442903245084e-11 
 2340       1.443152560361e-11 
 2341       1.443365218841e-11 
 2342       1.443540571513e-11 
 2343       1.443677967390e-11 
 2344       1.443776753498e-11 
 2345       1.443836274882e-11 
 2346       1.443855874600e-11 
 2347       1.443834893721e-11 
 2348       1.443772671325e-11 
 2349       1.443668544498e-11 
 2350       1.443521848334e-11 
 2351       1.443331915928e-11 
 2352       1.443098078378e-11 
 2353       1.442819664782e-11 
 2354       1.442496002234e-11 
 2355       1.442126415824e-11 
 2356       1.441710228638e-11 
 2357       1.441246761749e-11 
 2358       1.440735334222e-11 
 2359       1.440175263110e-11 
 2360       1.439565863449e-11 
 2361       1.438906448261e-11 
 2362       1.438196328547e-11 
 2363       1.437434813289e-11 
 2364       1.436621209445e-11 
 2365       1.435754821949e-11 
 2366       1.434834953707e-11 
 2367       1.433860905597e-11 
 2368       1.432831976467e-11 
 2369       1.431747463130e-11 
 2370       1.430606660365e-11 
 2371       1.429408860916e-11 
 2372       1.428153355484e-11 
 2373       1.426839432732e-11 
 2374       1.425466379279e-11 
 2375       1.424033479699e-11 
 2376       1.422540016518e-11 
 2377       1.420985453621e-11 
 2378       1.419369987700e-11 
 2379       1.417694000199e-11 
 2380       1.415957874213e-11 
 2381       1.414161994495e-11 
 2382       1.412306747455e-11 
 2383       1.410392521161e-11 
 2384       1.408419705345e-11 
 2385       1.406388691400e-11 
 2386       1.404299872385e-11 
 2387       1.402153643024e-11 
 2388       1.399950399712e-11 
 2389       1.397690540515e-11 
 2390       1.395374465168e-11 
 2391       1.393002575084e-11 
 2392       1.390575273350e-11 
 2393       1.388092964733e-11 
 2394       1.385556055677e-11 
 2395       1.382964954310e-11 
 2396       1.380320070444e-11 
 2397       1.377621815574e-11 
 2398       1.374870602885e-11 
 2399       1.372066847249e-11 
 2400       1.369210965232e-11 
 2401       1.366303375090e-11 
 2402       1.363344496776e-11 
 2403       1.360334751937e-11 
 2404       1.357274563921e-11 
 2405       1.354164357777e-11 
 2406       1.351004560253e-11 
 2407       1.347795599804e-11 
 2408       1.344537906589e-11 
 2409       1.341231912478e-11 
 2410       1.337878051046e-11 
 2411       1.334476757585e-11 
 2412       1.331028469095e-11 
 2413       1.327533624296e-11 
 2414       1.323992663622e-11 
 2415       1.320406029228e-11 
 2416       1.316774252172e-11 
 2417       1.313098214547e-11 
 2418       1.309378888941e-11 
 2419       1.305617251404e-11 
 2420       1.301814281451e-11 
 2421       1.297970962065e-11 
 2422       1.294088279701e-11 
 2423       1.290167224292e-11 
 2424       1.286208789246e-11 
 2425       1.282213971457e-11 
 2426       1.278183771307e-11 
 2427       1.274119192664e-11 
 2428       1.270021242895e-11 
 2429       1.265890932861e-11 
 2430       1.261729276925e-11 
 2431       1.257537292957e-11 
 2432       1.253316002334e-11 
 2433       1.249066429945e-11 
 2434       1.244789604196e-11 
 2435       1.240486557012e-11 
 2436       1.236158323841e-11 
 2437       1.231805943659e-11 
 2438       1.227430458972e-11 
 2439       1.223032915820e-11 
 2440       1.218614363781e-11 
 2441       1.214175855974e-11 
 2442       1.209718449064e-11 
 2443       1.205243203265e-11 
 2444       1.200751182343e-11 
 2445       1.196243453621e-11 
 2446       1.191721087980e-11 
 2447       1.187185159866e-11 
 2448       1.182636747293e-11 
 2449       1.178076931842e-11 
 2450       1.173506798673e-11 
 2451       1.168927436522e-11 
 2452       1.164339937706e-11 
 2453       1.159745398128e-11 
 2454       1.155144917282e-11 
 2455       1.150539572283e-11 
 2456       1.145930339806e-11 
 2457       1.141318173690e-11 
 2458       1.136704030869e-11 
 2459       1.132088871377e-11 
 2460       1.127473658349e-11 
 2461       1.122859358023e-11 
 2462       1.118246939749e-11 
 2463       1.113637375982e-11 
 2464       1.109031642297e-11 
 2465       1.104430717381e-11 
 2466       1.099835583045e-11 
 2467       1.095247224223e-11 
 2468       1.090666628973e-11 
 2469       1.086094788486e-11 
 2470       1.081532697085e-11 
 2471       1.076981352227e-11 
 2472       1.072441754511e-11 
 2473       1.067914907677e-11 
 2474       1.063401818610e-11 
 2475       1.058903497344e-11 
 2476       1.054420957066e-11 
 2477       1.049955214116e-11 
 2478       1.045507287992e-11 
 2479       1.041078201356e-11 
 2480       1.036668980030e-11 
 2481       1.032280653007e-11 
 2482       1.027914252448e-11 
 2483       1.023570813690e-11 
 2484       1.019251375246e-11 
 2485       1.014956978808e-11 
 2486       1.010688669251e-11 
 2487       1.006447494639e-11 
 2488       1.002234506222e-11 
 2489       9.980507584443e-12 
 2490       9.938973089460e-12 
 2491       9.897752185654e-12 
 2492       9.856855513430e-12 
 2493       9.816293745242e-12 
 2494       9.776071797942e-12 
 2495       9.736171432620e-12 
 2496       9.696568552668e-12 
 2497       9.657238982106e-12 
 2498       9.618158465502e-12 
 2499       9.579302667894e-12 
 2500       9.540647174708e-12 
