# Matter power spectrum P(k) at redshift z=0
# for k=1.04502e-06 to 8.69125 h/Mpc,
# number of wavenumbers equal to 576
#    1:k (h/Mpc)              2:P (Mpc/h)^3        
       1.045023533591e-06       5.245235110405e+00 
       1.391466455725e-05       6.379070590557e+01 
       2.680437193661e-05       1.200933497136e+02 
       3.974870004390e-05       1.756458155155e+02 
       5.278255199913e-05       2.309305202915e+02 
       6.594149027252e-05       2.862525745126e+02 
       7.926205421441e-05       3.418521527265e+02 
       9.278208882737e-05       3.979404235116e+02 
       1.065410891151e-04       4.547153455141e+02 
       1.205805643777e-04       5.123701886236e+02 
       1.349444268529e-04       5.710989187242e+02 
       1.496794090949e-04       6.311000780741e+02 
       1.648355143974e-04       6.925799015950e+02 
       1.804665043442e-04       7.557550413048e+02 
       1.966304271353e-04       8.208551007225e+02 
       2.133901895765e-04       8.881250934499e+02 
       2.308141744060e-04       9.578278895350e+02 
       2.489769027646e-04       1.030246679533e+03 
       2.679597388862e-04       1.105687458873e+03 
       2.878516301772e-04       1.184481509326e+03 
       3.087498704497e-04       1.266987825583e+03 
       3.307608667609e-04       1.353595401511e+03 
       3.540008807077e-04       1.444725249361e+03 
       3.785967027564e-04       1.540831976982e+03 
       4.046862030677e-04       1.642404688909e+03 
       4.324186844382e-04       1.749966913925e+03 
       4.619549431345e-04       1.864075191131e+03 
       4.934669231984e-04       1.985315884944e+03 
       5.271368321868e-04       2.114299749441e+03 
       5.631555758592e-04       2.251653754227e+03 
       6.017203723751e-04       2.398009728343e+03 
       6.430314307843e-04       2.553989515896e+03 
       6.872876317782e-04       2.720186582361e+03 
       7.346812363428e-04       2.897144379895e+03 
       7.853917699661e-04       3.085332268985e+03 
       8.395793768155e-04       3.285120344149e+03 
       8.973780883079e-04       3.496755040263e+03 
       9.588895712759e-04       3.720337792421e+03 
       1.024177975331e-03       3.955809125918e+03 
       1.093266456559e-03       4.202940279424e+03 
       1.166135804741e-03       4.461333786147e+03 
       1.242725362131e-03       4.730433413909e+03 
       1.322936139216e-03       5.009542675192e+03 
       1.406635767738e-03       5.297825714379e+03 
       1.493664739322e-03       5.594392079642e+03 
       1.583843292458e-03       5.898303108051e+03 
       1.676978333761e-03       6.208579976180e+03 
       1.772869887021e-03       6.524244119947e+03 
       1.871316717446e-03       6.844339096321e+03 
       1.972120940143e-03       7.167947795285e+03 
       2.075091562856e-03       7.494205039754e+03 
       2.180047017884e-03       7.822305868216e+03 
       2.286816803927e-03       8.151510090342e+03 
       2.395242390107e-03       8.481143697869e+03 
       2.505177540128e-03       8.810597971592e+03 
       2.616488203653e-03       9.139327016301e+03 
       2.729052102134e-03       9.466844199187e+03 
       2.842758113205e-03       9.792718083285e+03 
       2.957505535031e-03       1.011656792580e+04 
       3.073203291704e-03       1.043805917141e+04 
       3.189769123697e-03       1.075689891518e+04 
       3.307128793736e-03       1.107283165812e+04 
       3.425215327931e-03       1.138563547439e+04 
       3.543968304120e-03       1.169511839733e+04 
       3.663333193730e-03       1.200111524182e+04 
       3.783260759419e-03       1.230348461520e+04 
       3.903706508135e-03       1.260210631527e+04 
       4.024630197414e-03       1.289687900268e+04 
       4.145995391769e-03       1.318771813680e+04 
       4.267769065395e-03       1.347455406393e+04 
       4.389921247232e-03       1.375733035795e+04 
       4.512424704413e-03       1.403600219675e+04 
       4.635254660268e-03       1.431053506102e+04 
       4.758388543270e-03       1.458090369759e+04 
       4.881805763603e-03       1.484709072051e+04 
       5.005487514291e-03       1.510908567343e+04 
       5.129416594155e-03       1.536688400046e+04 
       5.253577250112e-03       1.556427335764e+04 
       5.377955036617e-03       1.581145030728e+04 
       5.502536690283e-03       1.605441980231e+04 
       5.627310017936e-03       1.629319649818e+04 
       5.752263796575e-03       1.652779849820e+04 
       5.877387683865e-03       1.675824680607e+04 
       6.002672137975e-03       1.698456511056e+04 
       6.128108345690e-03       1.720677915690e+04 
       6.253688157884e-03       1.742491687157e+04 
       6.379404031508e-03       1.763900795723e+04 
       6.505248977394e-03       1.784908346625e+04 
       6.631216513214e-03       1.805517586583e+04 
       6.757300621050e-03       1.825731857716e+04 
       6.883495709059e-03       1.845554593952e+04 
       7.009796576814e-03       1.864989320333e+04 
       7.136198383908e-03       1.884039574300e+04 
       7.262696621504e-03       1.902708974551e+04 
       7.389287086502e-03       1.921001199010e+04 
       7.515965858070e-03       1.938919893166e+04 
       7.642729276291e-03       1.956468776518e+04 
       7.769573922711e-03       1.973651604258e+04 
       7.896496602609e-03       1.990472085412e+04 
       8.023494328805e-03       2.006933987271e+04 
       8.150564306870e-03       2.023041102903e+04 
       8.277703921593e-03       2.038797161951e+04 
       8.404910724589e-03       2.054205952014e+04 
       8.532182422943e-03       2.069271239344e+04 
       8.659516868786e-03       2.083996734146e+04 
       8.786912049727e-03       2.098386181765e+04 
       8.914366080054e-03       2.112443322508e+04 
       9.041877192641e-03       2.126171792552e+04 
       9.169443731491e-03       2.139575277543e+04 
       9.297064144871e-03       2.152657411693e+04 
       9.424736978974e-03       2.165421786425e+04 
       9.552460872068e-03       2.177871948745e+04 
       9.680234549097e-03       2.190011472848e+04 
       9.808056816681e-03       2.201843905824e+04 
       9.935926558500e-03       2.213372713112e+04 
       1.006384273101e-02       2.224601348029e+04 
       1.019180435950e-02       2.235533276824e+04 
       1.031981053438e-02       2.246171966453e+04 
       1.044786040782e-02       2.256520772987e+04 
       1.057595319056e-02       2.266583042264e+04 
       1.070408814900e-02       2.276362162158e+04 
       1.083226460245e-02       2.285861441886e+04 
       1.096048192063e-02       2.295084143831e+04 
       1.108873952128e-02       2.304033474019e+04 
       1.121703686802e-02       2.312712689080e+04 
       1.134537346829e-02       2.321124928883e+04 
       1.147374887145e-02       2.329273344113e+04 
       1.160216266705e-02       2.337160999768e+04 
       1.173061448317e-02       2.344791005260e+04 
       1.185910398492e-02       2.352166384475e+04 
       1.198763087300e-02       2.359290144524e+04 
       1.211619488240e-02       2.366165348744e+04 
       1.224479578119e-02       2.372794959566e+04 
       1.237343336936e-02       2.379181955818e+04 
       1.250210747774e-02       2.385329290476e+04 
       1.263081796710e-02       2.391239903077e+04 
       1.275956472714e-02       2.396916736436e+04 
       1.288834767573e-02       2.402362680612e+04 
       1.301716675808e-02       2.407580603654e+04 
       1.314602194602e-02       2.412573279260e+04 
       1.327491323734e-02       2.417343376505e+04 
       1.340384065520e-02       2.421893558608e+04 
       1.353280424750e-02       2.426226479597e+04 
       1.366180408642e-02       2.430344861110e+04 
       1.379084026789e-02       2.434251399932e+04 
       1.391991291122e-02       2.437948761092e+04 
       1.404902215863e-02       2.441439602573e+04 
       1.417816817492e-02       2.444726536616e+04 
       1.430735114716e-02       2.447812155577e+04 
       1.443657128439e-02       2.450699024703e+04 
       1.456582881733e-02       2.453389690136e+04 
       1.469512399820e-02       2.455886667987e+04 
       1.482445710048e-02       2.458192465427e+04 
       1.495382841877e-02       2.460309556535e+04 
       1.508323826859e-02       2.462240398442e+04 
       1.521268698635e-02       2.463987439651e+04 
       1.534217492917e-02       2.465553084384e+04 
       1.547170247485e-02       2.466939745692e+04 
       1.560127002180e-02       2.468149797875e+04 
       1.573087798906e-02       2.469185594739e+04 
       1.586052681624e-02       2.470049490045e+04 
       1.599021696356e-02       2.470743798081e+04 
       1.611994891188e-02       2.471270827283e+04 
       1.624972316280e-02       2.471632862850e+04 
       1.637954023865e-02       2.471832176438e+04 
       1.650940068267e-02       2.471871009446e+04 
       1.663930505907e-02       2.471751609108e+04 
       1.676925395318e-02       2.471476169199e+04 
       1.689924797160e-02       2.471046910378e+04 
       1.702928774237e-02       2.470466001868e+04 
       1.715937391513e-02       2.469735608483e+04 
       1.728950716137e-02       2.468857885098e+04 
       1.741968817458e-02       2.467834939161e+04 
       1.754991767056e-02       2.466668910986e+04 
       1.768019638760e-02       2.465361888844e+04 
       1.781052508681e-02       2.463915946454e+04 
       1.794090455236e-02       2.462333151885e+04 
       1.807133559180e-02       2.460615565810e+04 
       1.820181903640e-02       2.458765191024e+04 
       1.833235574143e-02       2.456784076913e+04 
       1.846294658656e-02       2.454674207977e+04 
       1.859359247622e-02       2.452437575714e+04 
       1.872429433997e-02       2.450076136048e+04 
       1.885505313290e-02       2.447591865431e+04 
       1.898586983607e-02       2.444986678781e+04 
       1.911674545695e-02       2.442262518042e+04 
       1.924768102983e-02       2.439421285200e+04 
       1.937867761634e-02       2.436464881123e+04 
       1.950973630594e-02       2.433395159544e+04 
       1.964085821638e-02       2.430214009834e+04 
       1.977204449430e-02       2.426923275339e+04 
       1.990329631569e-02       2.423524762738e+04 
       2.003461488655e-02       2.420020328457e+04 
       2.016600144340e-02       2.416411751572e+04 
       2.029745725392e-02       2.412700829548e+04 
       2.042898361758e-02       2.408889321303e+04 
       2.056058186627e-02       2.404979009979e+04 
       2.069225336498e-02       2.400971613559e+04 
       2.082399951250e-02       2.396868871451e+04 
       2.095582174211e-02       2.392672509392e+04 
       2.108772152232e-02       2.388384216656e+04 
       2.121970035767e-02       2.384005669483e+04 
       2.135175978945e-02       2.379538547211e+04 
       2.148390139656e-02       2.374984514287e+04 
       2.161612679633e-02       2.370345190226e+04 
       2.174843764539e-02       2.365622214688e+04 
       2.188083564052e-02       2.360817205242e+04 
       2.201332251962e-02       2.355931753055e+04 
       2.214590006263e-02       2.350967432521e+04 
       2.227857009249e-02       2.345925817627e+04 
       2.241133447618e-02       2.340808473327e+04 
       2.254419512574e-02       2.335616911568e+04 
       2.267715399931e-02       2.330352682307e+04 
       2.281021310230e-02       2.325017289365e+04 
       2.294337448846e-02       2.319612217492e+04 
       2.307664026109e-02       2.314138953738e+04 
       2.321001257424e-02       2.308598978877e+04 
       2.334349363396e-02       2.302993702056e+04 
       2.347708569959e-02       2.297324604927e+04 
       2.361079108508e-02       2.291593093755e+04 
       2.374461216036e-02       2.285800575547e+04 
       2.387855135276e-02       2.279948443568e+04 
       2.401261114846e-02       2.274038059347e+04 
       2.414679409402e-02       2.268070819991e+04 
       2.428110279789e-02       2.262048064697e+04 
       2.441553993205e-02       2.255971086873e+04 
       2.455010823366e-02       2.249841268375e+04 
       2.468481050674e-02       2.243659876551e+04 
       2.481964962398e-02       2.237428223166e+04 
       2.495462852853e-02       2.231147557860e+04 
       2.508975023590e-02       2.224819160085e+04 
       2.522501783589e-02       2.218444284660e+04 
       2.536043449461e-02       2.212024141424e+04 
       2.549600345657e-02       2.205559955758e+04 
       2.563172804680e-02       2.199052944216e+04 
       2.576761167309e-02       2.192504278533e+04 
       2.590365782827e-02       2.185915149418e+04 
       2.603987009262e-02       2.179286680448e+04 
       2.617625213627e-02       2.172620049554e+04 
       2.631280772179e-02       2.165916383458e+04 
       2.644954070680e-02       2.159176766459e+04 
       2.658645504667e-02       2.152402330340e+04 
       2.672355479740e-02       2.145594152334e+04 
       2.686084411845e-02       2.138753298578e+04 
       2.699832727586e-02       2.131880831079e+04 
       2.713600864529e-02       2.124977767294e+04 
       2.727389271534e-02       2.118045163564e+04 
       2.741198409085e-02       2.111084008243e+04 
       2.755028749643e-02       2.104095313614e+04 
       2.768880778007e-02       2.097080052552e+04 
       2.782754991686e-02       2.090039194559e+04 
       2.796651901292e-02       2.082973701399e+04 
       2.810572030941e-02       2.075884473031e+04 
       2.824515918673e-02       2.068772481608e+04 
       2.838484116889e-02       2.061638603988e+04 
       2.852477192800e-02       2.054483748228e+04 
       2.866495728898e-02       2.047308768889e+04 
       2.880540323446e-02       2.040114554490e+04 
       2.894611590983e-02       2.032901950449e+04 
       2.908710162851e-02       2.025671779588e+04 
       2.922836687749e-02       2.018424840944e+04 
       2.936991832297e-02       2.011161984575e+04 
       2.951176281636e-02       2.003883981843e+04 
       2.965390740044e-02       1.996591589127e+04 
       2.979635931582e-02       1.989285590686e+04 
       2.993912600764e-02       1.981966705912e+04 
       3.008221513260e-02       1.974635672410e+04 
       3.022563456623e-02       1.967293216338e+04 
       3.036939241050e-02       1.959940038859e+04 
       3.051349700178e-02       1.952576796275e+04 
       3.065795691910e-02       1.945204178008e+04 
       3.080278099285e-02       1.937822853655e+04 
       3.094797831375e-02       1.930433435153e+04 
       3.109355824237e-02       1.923036569352e+04 
       3.123953041890e-02       1.915632847328e+04 
       3.138590477360e-02       1.908222866344e+04 
       3.153269153746e-02       1.900807220731e+04 
       3.167990125360e-02       1.893386471738e+04 
       3.182754478907e-02       1.885961138970e+04 
       3.197563334721e-02       1.878531789983e+04 
       3.212417848066e-02       1.871098943484e+04 
       3.227319210499e-02       1.863663080294e+04 
       3.242268651292e-02       1.856224711413e+04 
       3.257267438935e-02       1.848784286611e+04 
       3.272316882706e-02       1.841342277997e+04 
       3.287418334321e-02       1.833899124306e+04 
       3.302573189672e-02       1.826455252409e+04 
       3.317782890649e-02       1.819011067155e+04 
       3.333048927059e-02       1.811566977790e+04 
       3.348372838645e-02       1.804123355636e+04 
       3.363756217210e-02       1.796680534738e+04 
       3.379200708860e-02       1.789238901431e+04 
       3.394708016361e-02       1.781798783477e+04 
       3.410279901630e-02       1.774360481894e+04 
       3.425918188358e-02       1.766924289796e+04 
       3.441624764786e-02       1.759490509570e+04 
       3.457401586635e-02       1.752059380622e+04 
       3.473250680199e-02       1.744631163337e+04 
       3.489174145622e-02       1.737206101139e+04 
       3.505174160364e-02       1.729784398573e+04 
       3.521252982870e-02       1.722366224445e+04 
       3.537412956462e-02       1.714951805134e+04 
       3.553656513461e-02       1.707541277578e+04 
       3.569986179565e-02       1.700134788209e+04 
       3.586404578498e-02       1.692732467146e+04 
       3.602914436946e-02       1.685334399326e+04 
       3.619518589807e-02       1.677940694141e+04 
       3.636219985787e-02       1.670551421717e+04 
       3.653021693340e-02       1.663166617879e+04 
       3.669926907024e-02       1.655786308626e+04 
       3.686938954258e-02       1.648410521245e+04 
       3.704061302547e-02       1.641039230440e+04 
       3.721297567205e-02       1.633672407321e+04 
       3.738651519599e-02       1.626309997563e+04 
       3.756127095990e-02       1.618951912670e+04 
       3.773728406987e-02       1.611598065986e+04 
       3.791459747699e-02       1.604248328913e+04 
       3.809325608619e-02       1.596902556226e+04 
       3.827330687322e-02       1.589560576184e+04 
       3.845479901047e-02       1.582222185090e+04 
       3.863778400233e-02       1.574887167625e+04 
       3.882231583112e-02       1.567555271449e+04 
       3.900845111451e-02       1.560226205412e+04 
       3.919624927550e-02       1.552899671288e+04 
       3.938577272621e-02       1.545575335656e+04 
       3.957708706682e-02       1.538252816410e+04 
       3.977026130123e-02       1.530931719233e+04 
       3.996536807098e-02       1.523611602089e+04 
       4.016248390951e-02       1.516291990430e+04 
       4.036168951871e-02       1.508972376628e+04 
       4.056307007024e-02       1.501652209002e+04 
       4.076671553427e-02       1.494330898932e+04 
       4.097272103861e-02       1.487007809813e+04 
       4.118118726170e-02       1.479682262281e+04 
       4.139222086323e-02       1.472353528342e+04 
       4.160593495690e-02       1.465020827275e+04 
       4.182244963005e-02       1.457683324422e+04 
       4.204189251605e-02       1.450340129727e+04 
       4.226439942572e-02       1.442990290098e+04 
       4.249011504525e-02       1.435632787700e+04 
       4.271919370901e-02       1.428266534054e+04 
       4.295180025703e-02       1.420890365526e+04 
       4.318811098828e-02       1.413503040285e+04 
       4.342831472274e-02       1.406103227036e+04 
       4.367261398718e-02       1.398689500635e+04 
       4.392122634219e-02       1.391260337504e+04 
       4.417438587055e-02       1.383814101736e+04 
       4.443234485092e-02       1.376349037730e+04 
       4.469537564435e-02       1.368863259214e+04 
       4.496377282655e-02       1.361354737921e+04 
       4.523785560442e-02       1.353821287079e+04 
       4.551797056246e-02       1.346260544946e+04 
       4.580449479344e-02       1.338669962433e+04 
       4.609783947813e-02       1.331046772308e+04 
       4.639845399143e-02       1.323387972851e+04 
       4.670683062823e-02       1.315690294224e+04 
       4.702351006138e-02       1.307950169677e+04 
       4.734908766790e-02       1.300163691314e+04 
       4.768422088927e-02       1.292326571323e+04 
       4.802963782805e-02       1.284434079974e+04 
       4.838614732962e-02       1.276480986556e+04 
       4.875465085492e-02       1.268461478395e+04 
       4.913615652353e-02       1.260369068310e+04 
       4.953179579818e-02       1.252196477229e+04 
       4.994284339900e-02       1.243935494576e+04 
       5.037074118473e-02       1.235576801912e+04 
       5.081712692774e-02       1.227109753290e+04 
       5.128386915178e-02       1.218522097376e+04 
       5.177310950912e-02       1.209799625086e+04 
       5.228731456301e-02       1.200925708939e+04 
       5.282933932943e-02       1.191880715902e+04 
       5.340250553184e-02       1.182641219272e+04 
       5.401069823657e-02       1.173178956961e+04 
       5.465848533603e-02       1.163459430614e+04 
       5.535126513286e-02       1.153439998421e+04 
       5.609544780737e-02       1.143067246169e+04 
       5.689867627984e-02       1.132273357708e+04 
       5.777008979657e-02       1.120971051038e+04 
       5.872062729470e-02       1.109046512408e+04 
       5.976335321355e-02       1.096349626865e+04 
       6.091375903884e-02       1.082680701951e+04 
       6.218993922666e-02       1.067773227303e+04 
       6.361244921739e-02       1.051273441607e+04 
       6.520352691975e-02       1.032720796327e+04 
       6.698524513321e-02       1.011540307768e+04 
       6.897621572668e-02       9.870684228855e+03 
       7.118696856408e-02       9.586428816665e+03 
       7.361525479841e-02       9.257771129062e+03 
       7.624371743434e-02       8.883918329308e+03 
       7.904209910515e-02       8.470063759148e+03 
       8.197359521313e-02       8.027716725496e+03 
       8.500216906625e-02       7.573055168348e+03 
       8.809756281223e-02       7.124040853745e+03 
       9.123701760966e-02       6.697478186250e+03 
       9.440467308154e-02       6.306841872166e+03 
       9.759002601619e-02       5.961129767672e+03 
       1.007863468802e-01       5.664618601666e+03 
       1.039894131073e-01       5.417250034491e+03 
       1.071966093396e-01       5.215368054864e+03 
       1.104063285101e-01       5.052595027578e+03 
       1.136175878321e-01       4.920722942653e+03 
       1.168297879647e-01       4.810574438400e+03 
       1.200425639537e-01       4.712831015966e+03 
       1.232556937061e-01       4.618826514252e+03 
       1.264690420569e-01       4.521273955624e+03 
       1.296825266870e-01       4.414856526790e+03 
       1.328960973904e-01       4.296596713507e+03 
       1.361097234750e-01       4.165936097670e+03 
       1.393233861098e-01       4.024510003840e+03 
       1.425370736785e-01       3.875664536241e+03 
       1.457507789579e-01       3.723813740641e+03 
       1.489644974045e-01       3.573753894248e+03 
       1.521782261132e-01       3.430040627971e+03 
       1.553919631853e-01       3.296501061640e+03 
       1.586057073423e-01       3.175915693263e+03 
       1.618194576927e-01       3.069869987950e+03 
       1.650332135877e-01       2.978752841333e+03 
       1.682469745342e-01       2.901867419768e+03 
       1.714607401404e-01       2.837617981199e+03 
       1.746745100831e-01       2.783741588933e+03 
       1.778882840862e-01       2.737561136090e+03 
       1.811020619081e-01       2.696242759157e+03 
       1.843158433329e-01       2.657359833468e+03 
       1.875296281650e-01       2.618441940789e+03 
       1.907434162256e-01       2.577208582753e+03 
       1.939572073494e-01       2.532294793658e+03 
       1.971710013837e-01       2.483085582296e+03 
       2.003847981861e-01       2.429728839398e+03 
       2.035985976236e-01       2.373036574312e+03 
       2.068123995722e-01       2.314291194683e+03 
       2.100262039153e-01       2.255004413301e+03 
       2.132400105437e-01       2.196686995759e+03 
       2.164538193548e-01       2.140674545607e+03 
       2.196676302521e-01       2.088026127422e+03 
       2.228814431446e-01       2.039485332580e+03 
       2.260952579466e-01       1.995478953405e+03 
       2.293090745773e-01       1.956129995932e+03 
       2.325228929602e-01       1.921274178964e+03 
       2.357367130233e-01       1.890482804041e+03 
       2.389505346983e-01       1.863102153918e+03 
       2.421643579206e-01       1.838317313448e+03 
       2.453781826290e-01       1.815238845830e+03 
       2.485920087654e-01       1.792999819444e+03 
       2.518058362750e-01       1.770844423135e+03 
       2.550196651054e-01       1.748191221828e+03 
       2.582334952070e-01       1.724663181279e+03 
       2.614473265326e-01       1.700087574642e+03 
       2.646611590374e-01       1.674476497773e+03 
       2.678749926788e-01       1.647999040546e+03 
       2.710888274159e-01       1.620950853064e+03 
       2.743026632102e-01       1.593720388040e+03 
       2.775165000246e-01       1.566748218389e+03 
       2.807303378239e-01       1.540478341299e+03 
       2.839441765745e-01       1.515306167795e+03 
       2.871580162443e-01       1.491532910468e+03 
       2.903718568025e-01       1.469336504292e+03 
       2.935856982199e-01       1.448764983290e+03 
       2.967995404684e-01       1.429751030903e+03 
       3.000133835212e-01       1.412140163531e+03 
       3.032272273524e-01       1.395722462221e+03 
       3.064410719376e-01       1.380259684504e+03 
       3.096549172531e-01       1.365504634750e+03 
       3.128687632763e-01       1.351214728047e+03 
       3.160826099854e-01       1.337164276240e+03 
       3.192964573598e-01       1.323158914396e+03 
       3.225103053793e-01       1.309051829719e+03 
       3.257241540248e-01       1.294757769327e+03 
       3.289380032779e-01       1.280259271850e+03 
       3.321518531209e-01       1.265601706087e+03 
       3.353657035366e-01       1.250877735443e+03 
       3.385795545088e-01       1.236206135199e+03 
       3.417934060216e-01       1.221711280672e+03 
       3.450072580599e-01       1.207508334393e+03 
       3.482211106090e-01       1.193695512517e+03 
       3.514349636550e-01       1.180351344197e+03 
       3.546488171841e-01       1.167533390886e+03 
       3.578626711833e-01       1.155275731038e+03 
       3.610765256401e-01       1.143585129571e+03 
       3.642903805422e-01       1.132438109444e+03 
       3.675042358780e-01       1.121781897144e+03 
       3.707180916360e-01       1.111540960563e+03 
       3.739319478054e-01       1.101628320303e+03 
       3.771458043756e-01       1.091958518423e+03 
       3.803596613364e-01       1.082458348697e+03 
       3.835735186780e-01       1.073072611001e+03 
       3.867873763908e-01       1.063764496230e+03 
       3.900012344655e-01       1.054512525636e+03 
       3.932150928934e-01       1.045306930004e+03 
       3.964289516657e-01       1.036147623799e+03 
       3.996428107741e-01       1.027044106626e+03 
       4.028566702105e-01       1.018015900783e+03 
       4.060705299672e-01       1.009091531002e+03 
       4.092843900366e-01       1.000304884858e+03 
       4.124982504112e-01       9.916894194088e+02 
       4.157121110841e-01       9.832721220737e+02 
       4.189259720482e-01       9.750694709694e+02 
       4.221398332970e-01       9.670867269714e+02 
       4.253536948240e-01       9.593202791537e+02 
       4.285675566228e-01       9.517613882083e+02 
       4.317814186875e-01       9.443992803310e+02 
       4.349952810120e-01       9.372222738162e+02 
       4.382091435906e-01       9.302170170577e+02 
       4.414230064178e-01       9.233670907048e+02 
       4.446368694881e-01       9.166525728493e+02 
       4.478507327964e-01       9.100515087724e+02 
       4.510645963374e-01       9.035430138939e+02 
       4.542784601063e-01       8.971107107124e+02 
       4.574923240982e-01       8.907449478721e+02 
       4.607061883085e-01       8.844428485559e+02 
       4.639200527325e-01       8.782064740045e+02 
       4.671339173659e-01       8.720401361642e+02 
       4.703477822043e-01       8.659483340275e+02 
       4.735616472436e-01       8.599351132120e+02 
       4.767755124797e-01       8.540047176070e+02 
       4.799893779086e-01       8.481626028375e+02 
       4.832032435265e-01       8.424157168156e+02 
       4.864171093295e-01       8.367714733019e+02 
       4.896309753142e-01       8.312357191046e+02 
       4.928448414767e-01       8.258106761000e+02 
       4.960587078138e-01       8.204938882205e+02 
       4.992725743221e-01       8.152787716544e+02 
       5.024864409981e-01       8.101564517869e+02 
       5.057003078388e-01       8.051179907105e+02 
       5.089141748410e-01       8.001559768061e+02 
       5.121280420016e-01       7.952649054974e+02 
       5.153419093177e-01       7.904404999820e+02 
       5.185557767863e-01       7.856786932327e+02 
       5.217696444048e-01       7.809750829378e+02 
       5.249835121702e-01       7.763252812304e+02 
       5.281973800798e-01       7.717259548808e+02 
       5.314112481312e-01       7.671758825760e+02 
       5.346251163217e-01       7.626763247840e+02 
       5.378389846487e-01       7.582303762657e+02 
       5.410528531100e-01       7.538415745824e+02 
       5.442667217030e-01       7.495124421637e+02 
       5.474805904255e-01       7.452436673468e+02 
       5.506944592751e-01       7.410342476321e+02 
       5.539083282497e-01       7.368823844810e+02 
       5.571221973471e-01       7.327865291743e+02 
       5.603360665652e-01       7.287459549626e+02 
       5.635499359019e-01       7.247605660804e+02 
       5.667638053551e-01       7.208301293652e+02 
       5.699776749230e-01       7.169534537035e+02 
       5.731915446035e-01       7.131280497265e+02 
       5.764054143948e-01       7.093505011715e+02 
       5.796192842950e-01       7.056173476422e+02 
       5.828331543023e-01       7.019259870371e+02 
       5.860470244150e-01       6.982751115372e+02 
       5.892608946314e-01       6.946644748701e+02 
       5.924747649496e-01       6.910941804021e+02 
       5.956886353682e-01       6.875639381405e+02 
       5.989025058854e-01       6.840727270002e+02 
       6.021163764997e-01       6.806190313412e+02 
       6.053302472095e-01       6.772014720145e+02 
       6.085441180133e-01       6.738194218637e+02 
       6.117579889097e-01       6.704732179209e+02 
       6.149718598971e-01       6.671638333553e+02 
       6.181857309742e-01       6.638921917875e+02 
       6.213996021395e-01       6.606585103521e+02 
       6.246134733917e-01       6.574620300775e+02 
       6.278273447294e-01       6.543012556318e+02 
       6.640284558892e-01       6.208857539798e+02 
       7.073954883479e-01       5.853532344921e+02 
       7.617783035495e-01       5.463647782838e+02 
       8.345942486938e-01       5.016084933357e+02 
       9.412660030056e-01       4.472643825389e+02 
       1.112221892296e+00       3.788842314728e+02 
       1.378626894651e+00       3.006385400556e+02 
       1.734148715291e+00       2.278554731921e+02 
       2.183143617209e+00       1.662721061723e+02 
       2.748414924226e+00       1.168195533547e+02 
       3.460049390244e+00       7.928410052068e+01 
       4.355944103441e+00       5.224857130438e+01 
       5.483808724177e+00       3.361469724970e+01 
       6.903706156285e+00       2.121853684812e+01 
       8.691251115707e+00       1.319751041379e+01 
