# Matter power spectrum P(k) at redshift z=0
# for k=1.04501e-06 to 8.69125 h/Mpc,
# number of wavenumbers equal to 576
#    1:k (h/Mpc)              2:P (Mpc/h)^3        
       1.045005198870e-06       5.245484158308e+00 
       1.391464621850e-05       6.379473369425e+01 
       2.680435354471e-05       1.201010057003e+02 
       3.974868154945e-05       1.756570503968e+02 
       5.278253335202e-05       2.309453162670e+02 
       6.594147142148e-05       2.862709335616e+02 
       7.926203510652e-05       3.418740923442e+02 
       9.278206940764e-05       3.979659748077e+02 
       1.065410693259e-04       4.547445523444e+02 
       1.205805441583e-04       5.124031072771e+02 
       1.349444061389e-04       5.711356179591e+02 
       1.496793878175e-04       6.311406394050e+02 
       1.648354924827e-04       6.926244197813e+02 
       1.804664817128e-04       7.558036250142e+02 
       1.966304037011e-04       8.209078733573e+02 
       2.133901652463e-04       8.881821941311e+02 
       2.308141490780e-04       9.578894742436e+02 
       2.489768763281e-04       1.030312922409e+03 
       2.679597112200e-04       1.105758553673e+03 
       2.878516011488e-04       1.184557671040e+03 
       3.087498399142e-04       1.267069292212e+03 
       3.307608345599e-04       1.353682435981e+03 
       3.540008466683e-04       1.444818141580e+03 
       3.785966666901e-04       1.540931045990e+03 
       4.046861647701e-04       1.642510285094e+03 
       4.324186436884e-04       1.750079421241e+03 
       4.619548996953e-04       1.864195029222e+03 
       4.934668768174e-04       1.985443511079e+03 
       5.271367825977e-04       2.114435660111e+03 
       5.631555227849e-04       2.251798486222e+03 
       6.017203155315e-04       2.398163859115e+03 
       6.430313698862e-04       2.554153662981e+03 
       6.872875665456e-04       2.720361401627e+03 
       7.346811665094e-04       2.897330562395e+03 
       7.853916952882e-04       3.085530536254e+03 
       8.395792970821e-04       3.285331441859e+03 
       8.973780033498e-04       3.496979730270e+03 
       9.588894809739e-04       3.720576843411e+03 
       1.024177879623e-03       3.956063302981e+03 
       1.093266355440e-03       4.203210333096e+03 
       1.166135698271e-03       4.461620441500e+03 
       1.242725250423e-03       4.730737360328e+03 
       1.322936022436e-03       5.009864557398e+03 
       1.406635646097e-03       5.298166123579e+03 
       1.493664613062e-03       5.594751549894e+03 
       1.583843161847e-03       5.898682113300e+03 
       1.676978199080e-03       6.208978927525e+03 
       1.772869748557e-03       6.524663365523e+03 
       1.871316575484e-03       6.844778922621e+03 
       1.972120794961e-03       7.168408429651e+03 
       2.075091414720e-03       7.494686653756e+03 
       2.180046867045e-03       7.822808581580e+03 
       2.286816650619e-03       8.152033975137e+03 
       2.395242234548e-03       8.481688782751e+03 
       2.505177382516e-03       8.811164245959e+03 
       2.616488044171e-03       9.139914434326e+03 
       2.729051940950e-03       9.467452683642e+03 
       2.842757950468e-03       9.793347529125e+03 
       2.957505370877e-03       1.011721820345e+04 
       3.073203126257e-03       1.043873012968e+04 
       3.189768957068e-03       1.075759038401e+04 
       3.307128626026e-03       1.107354345094e+04 
       3.425215159229e-03       1.138636739029e+04 
       3.543968134510e-03       1.169587022303e+04 
       3.663333023284e-03       1.200188675342e+04 
       3.783260588205e-03       1.230427557968e+04 
       3.903706336211e-03       1.260291649177e+04 
       4.024630024836e-03       1.289770814379e+04 
       4.145995218587e-03       1.318856598966e+04 
       4.267768891653e-03       1.347542037114e+04 
       4.389921072971e-03       1.375821485847e+04 
       4.512424529670e-03       1.403690462662e+04 
       4.635254485076e-03       1.431145515406e+04 
       4.758388367661e-03       1.458184118608e+04 
       4.881805587603e-03       1.484804533538e+04 
       5.005487337927e-03       1.511005714502e+04 
       5.129416417450e-03       1.536787205887e+04 
       5.253577073088e-03       1.556527338762e+04 
       5.377954859294e-03       1.581246621110e+04 
       5.502536512678e-03       1.605545130904e+04 
       5.627309840066e-03       1.629424333785e+04 
       5.752263618456e-03       1.652886040204e+04 
       5.877387505511e-03       1.675932350662e+04 
       6.002671959398e-03       1.698565634186e+04 
       6.128108166903e-03       1.720788465462e+04 
       6.253687978898e-03       1.742603637316e+04 
       6.379403852333e-03       1.764014120202e+04 
       6.505248798040e-03       1.785023019554e+04 
       6.631216333690e-03       1.805633582303e+04 
       6.757300441363e-03       1.825849150780e+04 
       6.883495529219e-03       1.845673159139e+04 
       7.009796396826e-03       1.865109132647e+04 
       7.136198203780e-03       1.884160608977e+04 
       7.262696441241e-03       1.902831207062e+04 
       7.389286906111e-03       1.921124605063e+04 
       7.515965677556e-03       1.939044448709e+04 
       7.642729095659e-03       1.956594457739e+04 
       7.769573741966e-03       1.973778387588e+04 
       7.896496421754e-03       1.990599947524e+04 
       8.023494147846e-03       2.007062905083e+04 
       8.150564125810e-03       2.023171053577e+04 
       8.277703740435e-03       2.038928122892e+04 
       8.404910543337e-03       2.054337900870e+04 
       8.532182241600e-03       2.069404154010e+04 
       8.659516687356e-03       2.084130592755e+04 
       8.786911868212e-03       2.098520962692e+04 
       8.914365898456e-03       2.112579004371e+04 
       9.041877010962e-03       2.126308354202e+04 
       9.169443549734e-03       2.139712698071e+04 
       9.297063963039e-03       2.152795670423e+04 
       9.424736797068e-03       2.165560862915e+04 
       9.552460690091e-03       2.178011822779e+04 
       9.680234367049e-03       2.190152124443e+04 
       9.808056634565e-03       2.201985315225e+04 
       9.935926376318e-03       2.213514860789e+04 
       1.006384254877e-02       2.224744214671e+04 
       1.019180417719e-02       2.235676843349e+04 
       1.031981035200e-02       2.246316214001e+04 
       1.044786022538e-02       2.256665682913e+04 
       1.057595300806e-02       2.266728596140e+04 
       1.070408796644e-02       2.276508341777e+04 
       1.083226441983e-02       2.286008229250e+04 
       1.096048173795e-02       2.295231521157e+04 
       1.108873933855e-02       2.304181423728e+04 
       1.121703668524e-02       2.312861193806e+04 
       1.134537328545e-02       2.321273971459e+04 
       1.147374868855e-02       2.329422907578e+04 
       1.160216248410e-02       2.337311067356e+04 
       1.173061430017e-02       2.344941560409e+04 
       1.185910380186e-02       2.352317410818e+04 
       1.198763068988e-02       2.359441625883e+04 
       1.211619469924e-02       2.366317269145e+04 
       1.224479559798e-02       2.372947303221e+04 
       1.237343318609e-02       2.379334707136e+04 
       1.250210729442e-02       2.385482434054e+04 
       1.263081778372e-02       2.391393423702e+04 
       1.275956454372e-02       2.397070619085e+04 
       1.288834749226e-02       2.402516910448e+04 
       1.301716657455e-02       2.407735166027e+04 
       1.314602176244e-02       2.412728159698e+04 
       1.327491305371e-02       2.417498560703e+04 
       1.340384047152e-02       2.422049032439e+04 
       1.353280406377e-02       2.426382229101e+04 
       1.366180390263e-02       2.430500872505e+04 
       1.379084008406e-02       2.434407659610e+04 
       1.391991272733e-02       2.438105255615e+04 
       1.404902197469e-02       2.441596318674e+04 
       1.417816799092e-02       2.444883461200e+04 
       1.430735096312e-02       2.447969275713e+04 
       1.443657110029e-02       2.450856327625e+04 
       1.456582863318e-02       2.453547163245e+04 
       1.469512381399e-02       2.456044298844e+04 
       1.482445691622e-02       2.458350241753e+04 
       1.495382823445e-02       2.460467466213e+04 
       1.508323808422e-02       2.462398429512e+04 
       1.521268680193e-02       2.464145580312e+04 
       1.534217474469e-02       2.465711322988e+04 
       1.547170229031e-02       2.467098070747e+04 
       1.560126983721e-02       2.468308198042e+04 
       1.573087780441e-02       2.469344058833e+04 
       1.586052663153e-02       2.470208007028e+04 
       1.599021677878e-02       2.470902357066e+04 
       1.611994872705e-02       2.471429417532e+04 
       1.624972297790e-02       2.471791473773e+04 
       1.637954005369e-02       2.471990797589e+04 
       1.650940049765e-02       2.472029630524e+04 
       1.663930487399e-02       2.471910219956e+04 
       1.676925376803e-02       2.471634759805e+04 
       1.689924778639e-02       2.471205470867e+04 
       1.702928755709e-02       2.470624522508e+04 
       1.715937372979e-02       2.469894079680e+04 
       1.728950697596e-02       2.469016297398e+04 
       1.741968798911e-02       2.467993283244e+04 
       1.754991748501e-02       2.466827177670e+04 
       1.768019620198e-02       2.465520069082e+04 
       1.781052490112e-02       2.464074031331e+04 
       1.794090436659e-02       2.462491132620e+04 
       1.807133540597e-02       2.460773433755e+04 
       1.820181885049e-02       2.458922937658e+04 
       1.833235555544e-02       2.456941693848e+04 
       1.846294640050e-02       2.454831686951e+04 
       1.859359229008e-02       2.452594908595e+04 
       1.872429415374e-02       2.450233314830e+04 
       1.885505294659e-02       2.447748882232e+04 
       1.898586964968e-02       2.445143525843e+04 
       1.911674527047e-02       2.442419187732e+04 
       1.924768084327e-02       2.439577770010e+04 
       1.937867742969e-02       2.436621173662e+04 
       1.950973611920e-02       2.433551252544e+04 
       1.964085802955e-02       2.430369896147e+04 
       1.977204430737e-02       2.427078947934e+04 
       1.990329612868e-02       2.423680214701e+04 
       2.003461469944e-02       2.420175552995e+04 
       2.016600125619e-02       2.416566742003e+04 
       2.029745706661e-02       2.412855579309e+04 
       2.042898343017e-02       2.409043823938e+04 
       2.056058167876e-02       2.405133259153e+04 
       2.069225317737e-02       2.401125603043e+04 
       2.082399932478e-02       2.397022595130e+04 
       2.095582155427e-02       2.392825961260e+04 
       2.108772133438e-02       2.388537390816e+04 
       2.121970016961e-02       2.384158560147e+04 
       2.135175960127e-02       2.379691148695e+04 
       2.148390120827e-02       2.375136821017e+04 
       2.161612660792e-02       2.370497196731e+04 
       2.174843745685e-02       2.365773915602e+04 
       2.188083545186e-02       2.360968595302e+04 
       2.201332233083e-02       2.356082827102e+04 
       2.214589987371e-02       2.351118185494e+04 
       2.227856990344e-02       2.346076244568e+04 
       2.241133428699e-02       2.340958569378e+04 
       2.254419493641e-02       2.335766671968e+04 
       2.267715380984e-02       2.330502102394e+04 
       2.281021291268e-02       2.325166364573e+04 
       2.294337429870e-02       2.319760943352e+04 
       2.307664007117e-02       2.314287325874e+04 
       2.321001238417e-02       2.308746993007e+04 
       2.334349344374e-02       2.303141353992e+04 
       2.347708550921e-02       2.297471890574e+04 
       2.361079089453e-02       2.291740009108e+04 
       2.374461196965e-02       2.285947116691e+04 
       2.387855116188e-02       2.280094606678e+04 
       2.401261095741e-02       2.274183840683e+04 
       2.414679390279e-02       2.268216215905e+04 
       2.428110260648e-02       2.262193071625e+04 
       2.441553974045e-02       2.256115701336e+04 
       2.455010804187e-02       2.249985486981e+04 
       2.468481031476e-02       2.243803695988e+04 
       2.481964943180e-02       2.237571640210e+04 
       2.495462833615e-02       2.231290569363e+04 
       2.508975004332e-02       2.224961762982e+04 
       2.522501764309e-02       2.218586475966e+04 
       2.536043430160e-02       2.212165918234e+04 
       2.549600326334e-02       2.205701315242e+04 
       2.563172785335e-02       2.199193883624e+04 
       2.576761147941e-02       2.192644795188e+04 
       2.590365763436e-02       2.186055240723e+04 
       2.603986989847e-02       2.179426343874e+04 
       2.617625194188e-02       2.172759282649e+04 
       2.631280752715e-02       2.166055183843e+04 
       2.644954051189e-02       2.159315131822e+04 
       2.658645485151e-02       2.152540258443e+04 
       2.672355460196e-02       2.145731641008e+04 
       2.686084392275e-02       2.138890345723e+04 
       2.699832707987e-02       2.132017434660e+04 
       2.713600844902e-02       2.125113925344e+04 
       2.727389251878e-02       2.118180874184e+04 
       2.741198389399e-02       2.111219269595e+04 
       2.755028729927e-02       2.104230123925e+04 
       2.768880758259e-02       2.097214410111e+04 
       2.782754971906e-02       2.090173097719e+04 
       2.796651881480e-02       2.083107148573e+04 
       2.810572011095e-02       2.076017462690e+04 
       2.824515898793e-02       2.068905012285e+04 
       2.838484096974e-02       2.061770674273e+04 
       2.852477172849e-02       2.054615356767e+04 
       2.866495708910e-02       2.047439914385e+04 
       2.880540303421e-02       2.040245235701e+04 
       2.894611570919e-02       2.033032166188e+04 
       2.908710142748e-02       2.025801528720e+04 
       2.922836667606e-02       2.018554122387e+04 
       2.936991812113e-02       2.011290797297e+04 
       2.951176261409e-02       2.004012324867e+04 
       2.965390719774e-02       1.996719461520e+04 
       2.979635911267e-02       1.989412991567e+04 
       2.993912580404e-02       1.982093634445e+04 
       3.008221492854e-02       1.974762127807e+04 
       3.022563436169e-02       1.967419197857e+04 
       3.036939220547e-02       1.960065545803e+04 
       3.051349679625e-02       1.952701827989e+04 
       3.065795671306e-02       1.945328733881e+04 
       3.080278078628e-02       1.937946933118e+04 
       3.094797810665e-02       1.930557037678e+04 
       3.109355803471e-02       1.923159694449e+04 
       3.123953021068e-02       1.915755494549e+04 
       3.138590456479e-02       1.908345035276e+04 
       3.153269132806e-02       1.900928910999e+04 
       3.167990104360e-02       1.893507683005e+04 
       3.182754457844e-02       1.886081870931e+04 
       3.197563313593e-02       1.878652042367e+04 
       3.212417826873e-02       1.871218716059e+04 
       3.227319189238e-02       1.863782372851e+04 
       3.242268629962e-02       1.856343523782e+04 
       3.257267417534e-02       1.848902618647e+04 
       3.272316861231e-02       1.841460129586e+04 
       3.287418312771e-02       1.834016495363e+04 
       3.302573168046e-02       1.826572142875e+04 
       3.317782868943e-02       1.819127476996e+04 
       3.333048905272e-02       1.811682907001e+04 
       3.348372816774e-02       1.804238804232e+04 
       3.363756195253e-02       1.796795502760e+04 
       3.379200686815e-02       1.789353388940e+04 
       3.394707994226e-02       1.781912790557e+04 
       3.410279879401e-02       1.774474008646e+04 
       3.425918166033e-02       1.767037336343e+04 
       3.441624742363e-02       1.759603076050e+04 
       3.457401564110e-02       1.752171467193e+04 
       3.473250657570e-02       1.744742770170e+04 
       3.489174122885e-02       1.737317228422e+04 
       3.505174137517e-02       1.729895046507e+04 
       3.521252959909e-02       1.722476393240e+04 
       3.537412933383e-02       1.715061495014e+04 
       3.553656490261e-02       1.707650488778e+04 
       3.569986156241e-02       1.700243520972e+04 
       3.586404555046e-02       1.692840721724e+04 
       3.602914413361e-02       1.685442175974e+04 
       3.619518566086e-02       1.678047993122e+04 
       3.636219961925e-02       1.670658243298e+04 
       3.653021669333e-02       1.663272962330e+04 
       3.669926882867e-02       1.655892176217e+04 
       3.686938929946e-02       1.648515912249e+04 
       3.704061278076e-02       1.641144145127e+04 
       3.721297542569e-02       1.633776845959e+04 
       3.738651494793e-02       1.626413960417e+04 
       3.756127071007e-02       1.619055399996e+04 
       3.773728381823e-02       1.611701078039e+04 
       3.791459722346e-02       1.604350865936e+04 
       3.809325583071e-02       1.597004618454e+04 
       3.827330661573e-02       1.589662163838e+04 
       3.845479875089e-02       1.582323298381e+04 
       3.863778374058e-02       1.574987806748e+04 
       3.882231556713e-02       1.567655436583e+04 
       3.900845084819e-02       1.560325896716e+04 
       3.919624900677e-02       1.552998888903e+04 
       3.938577245497e-02       1.545674079700e+04 
       3.957708679299e-02       1.538351086976e+04 
       3.977026102469e-02       1.531029516390e+04 
       3.996536779164e-02       1.523708925874e+04 
       4.016248362725e-02       1.516388840852e+04 
       4.036168923341e-02       1.509068753662e+04 
       4.056306978178e-02       1.501748112589e+04 
       4.076671524252e-02       1.494426328971e+04 
       4.097272074343e-02       1.487102766163e+04 
       4.118118696293e-02       1.479776744760e+04 
       4.139222056073e-02       1.472447536716e+04 
       4.160593465050e-02       1.465114361263e+04 
       4.182244931957e-02       1.457776383688e+04 
       4.204189220131e-02       1.450432713877e+04 
       4.226439910651e-02       1.443082398676e+04 
       4.249011472136e-02       1.435724420184e+04 
       4.271919338021e-02       1.428357689854e+04 
       4.295179992309e-02       1.420981043973e+04 
       4.318811064893e-02       1.413593240633e+04 
       4.342831437771e-02       1.406192948451e+04 
       4.367261363616e-02       1.398778742193e+04 
       4.392122598486e-02       1.391349098181e+04 
       4.417438550657e-02       1.383902380404e+04 
       4.443234447991e-02       1.376436833146e+04 
       4.469537526591e-02       1.368950570015e+04 
       4.496377244025e-02       1.361441562615e+04 
       4.523785520978e-02       1.353907624031e+04 
       4.551797015896e-02       1.346346392371e+04 
       4.580449438053e-02       1.338755318379e+04 
       4.609783905520e-02       1.331131634651e+04 
       4.639845355780e-02       1.323472339271e+04 
       4.670683018317e-02       1.315774162194e+04 
       4.702350960408e-02       1.308033536438e+04 
       4.734908719748e-02       1.300246553862e+04 
       4.768422040473e-02       1.292408926379e+04 
       4.802963732831e-02       1.284515923955e+04 
       4.838614681346e-02       1.276562315548e+04 
       4.875465032098e-02       1.268542288115e+04 
       4.913615597030e-02       1.260449354063e+04 
       4.953179522394e-02       1.252276233857e+04 
       4.994284280183e-02       1.244014716400e+04 
       5.037074056244e-02       1.235655482667e+04 
       5.081712627784e-02       1.227187886035e+04 
       5.128386847143e-02       1.218599674400e+04 
       5.177310879504e-02       1.209876637779e+04 
       5.228731381144e-02       1.201002147647e+04 
       5.282933853599e-02       1.191956569737e+04 
       5.340250469142e-02       1.182716475873e+04 
       5.401069734318e-02       1.173253602194e+04 
       5.465848438260e-02       1.163533448181e+04 
       5.535126411105e-02       1.153513369349e+04 
       5.609544670721e-02       1.143139948134e+04 
       5.689867508945e-02       1.132345364131e+04 
       5.777008850173e-02       1.121042329853e+04 
       5.872062587838e-02       1.109117024384e+04 
       5.976335165548e-02       1.096419323295e+04 
       6.091375731512e-02       1.082749521476e+04 
       6.218993730967e-02       1.067841091597e+04 
       6.361244707636e-02       1.051340249692e+04 
       6.520352452251e-02       1.032786417487e+04 
       6.698524244983e-02       1.011604573768e+04 
       6.897621273520e-02       9.871311215234e+03 
       7.118696525764e-02       9.587037557845e+03 
       7.361525119088e-02       9.258358705185e+03 
       7.624371356077e-02       8.884481727309e+03 
       7.904209501510e-02       8.470600262708e+03 
       8.197359096007e-02       8.028224340631e+03 
       8.500216469818e-02       7.573532951932e+03 
       8.809755836697e-02       7.124489055076e+03 
       9.123701311441e-02       6.697898189750e+03 
       9.440466855467e-02       6.307235988056e+03 
       9.759002146962e-02       5.961500938781e+03 
       1.007863423215e-01       5.664970088509e+03 
       1.039894085412e-01       5.417585122768e+03 
       1.071966047688e-01       5.215689810065e+03 
       1.104063239366e-01       5.052906106280e+03 
       1.136175832569e-01       4.921025461412e+03 
       1.168297833884e-01       4.810869898373e+03 
       1.200425593769e-01       4.713120282019e+03 
       1.232556891288e-01       4.619109848069e+03 
       1.264690374794e-01       4.521551100754e+03 
       1.296825221093e-01       4.415126838618e+03 
       1.328960928127e-01       4.296859320217e+03 
       1.361097188972e-01       4.166190072044e+03 
       1.393233815319e-01       4.024754523142e+03 
       1.425370691006e-01       3.875899009972e+03 
       1.457507743800e-01       3.724037892958e+03 
       1.489644928265e-01       3.573967795279e+03 
       1.521782215353e-01       3.430244680658e+03 
       1.553919586073e-01       3.296695950779e+03 
       1.586057027644e-01       3.176102311088e+03 
       1.618194531148e-01       3.070049349907e+03 
       1.650332090097e-01       2.978925995294e+03 
       1.682469699562e-01       2.902035374814e+03 
       1.714607355624e-01       2.837781635625e+03 
       1.746745055051e-01       2.783901685043e+03 
       1.778882795082e-01       2.737718225471e+03 
       1.811020573301e-01       2.696397191750e+03 
       1.843158387549e-01       2.657511778907e+03 
       1.875296235870e-01       2.618591389742e+03 
       1.907434116475e-01       2.577355354059e+03 
       1.939572027714e-01       2.532438602101e+03 
       1.971709968057e-01       2.483226092129e+03 
       2.003847936080e-01       2.429865723720e+03 
       2.035985930456e-01       2.373169565210e+03 
       2.068123949941e-01       2.314420119337e+03 
       2.100261993372e-01       2.255129212527e+03 
       2.132400059657e-01       2.196807722915e+03 
       2.164538147768e-01       2.140791358179e+03 
       2.196676256741e-01       2.088139262595e+03 
       2.228814385666e-01       2.039595085265e+03 
       2.260952533686e-01       1.995585652111e+03 
       2.293090699992e-01       1.956233980229e+03 
       2.325228883821e-01       1.921375777911e+03 
       2.357367084452e-01       1.890582315990e+03 
       2.389505301202e-01       1.863199829628e+03 
       2.421643533425e-01       1.838413343425e+03 
       2.453781780509e-01       1.815333354227e+03 
       2.485920041874e-01       1.793092865140e+03 
       2.518058316969e-01       1.770936007526e+03 
       2.550196605273e-01       1.748281301969e+03 
       2.582334906289e-01       1.724751685045e+03 
       2.614473219545e-01       1.700174416048e+03 
       2.646611544594e-01       1.674561591904e+03 
       2.678749881007e-01       1.648082313979e+03 
       2.710888228378e-01       1.621032256274e+03 
       2.743026586321e-01       1.593799901036e+03 
       2.775164954465e-01       1.566825855202e+03 
       2.807303332458e-01       1.540554149621e+03 
       2.839441719964e-01       1.515380225562e+03 
       2.871580116662e-01       1.491605321255e+03 
       2.903718522244e-01       1.469407384956e+03 
       2.935856936418e-01       1.448834452713e+03 
       2.967995358903e-01       1.429819206168e+03 
       3.000133789431e-01       1.412207148724e+03 
       3.032272227743e-01       1.395788345987e+03 
       3.064410673595e-01       1.380324537529e+03 
       3.096549126750e-01       1.365568509219e+03 
       3.128687586981e-01       1.351277656443e+03 
       3.160826054073e-01       1.337226275412e+03 
       3.192964527817e-01       1.323219985552e+03 
       3.225103008012e-01       1.309111962121e+03 
       3.257241494467e-01       1.294816946429e+03 
       3.289379986998e-01       1.280317475595e+03 
       3.321518485428e-01       1.265658921527e+03 
       3.353656989585e-01       1.250933955342e+03 
       3.385795499307e-01       1.236261361345e+03 
       3.417934014435e-01       1.221765524402e+03 
       3.450072534818e-01       1.207561616232e+03 
       3.482211060309e-01       1.193747860534e+03 
       3.514349590768e-01       1.180402792810e+03 
       3.546488126060e-01       1.167583978913e+03 
       3.578626666052e-01       1.155325500154e+03 
       3.610765210620e-01       1.143634121966e+03 
       3.642903759641e-01       1.132486365670e+03 
       3.675042312998e-01       1.121829453764e+03 
       3.707180870579e-01       1.111587848404e+03 
       3.739319432273e-01       1.101674563549e+03 
       3.771457997975e-01       1.092004134694e+03 
       3.803596567583e-01       1.082503350030e+03 
       3.835735140999e-01       1.073117005175e+03 
       3.867873718126e-01       1.063808288132e+03 
       3.900012298874e-01       1.054555718529e+03 
       3.932150883152e-01       1.045349526523e+03 
       3.964289470875e-01       1.036189626578e+03 
       3.996428061960e-01       1.027085518979e+03 
       4.028566656324e-01       1.018056727641e+03 
       4.060705253891e-01       1.009131779508e+03 
       4.092843854584e-01       1.000344564708e+03 
       4.124982458331e-01       9.917285430025e+02 
       4.157121065059e-01       9.833107039174e+02 
       4.189259674701e-01       9.751075268883e+02 
       4.221398287189e-01       9.671242731885e+02 
       4.253536902459e-01       9.593573316687e+02 
       4.285675520447e-01       9.517979623670e+02 
       4.317814141093e-01       9.444353906381e+02 
       4.349952764338e-01       9.372579339845e+02 
       4.382091390125e-01       9.302522397038e+02 
       4.414230018397e-01       9.234018872136e+02 
       4.446368649100e-01       9.166869531359e+02 
       4.478507282183e-01       9.100854810136e+02 
       4.510645917593e-01       9.035765847988e+02 
       4.542784555282e-01       8.971438856043e+02 
       4.574923195201e-01       8.907777314150e+02 
       4.607061837304e-01       8.844752451454e+02 
       4.639200481544e-01       8.782384883376e+02 
       4.671339127878e-01       8.720717731718e+02 
       4.703477776262e-01       8.659795989731e+02 
       4.735616426655e-01       8.599660117456e+02 
       4.767755079016e-01       8.540352556747e+02 
       4.799893733305e-01       8.481927868447e+02 
       4.832032389483e-01       8.424455536918e+02 
       4.864171047514e-01       8.368009705413e+02 
       4.896309707360e-01       8.312648846863e+02 
       4.928448368986e-01       8.258395180967e+02 
       4.960587032357e-01       8.205224147140e+02 
       4.992725697439e-01       8.153069899712e+02 
       5.024864364200e-01       8.101843687573e+02 
       5.057003032606e-01       8.051456124252e+02 
       5.089141702628e-01       8.001833088861e+02 
       5.121280374234e-01       7.952919530332e+02 
       5.153419047395e-01       7.904672677787e+02 
       5.185557722082e-01       7.857051857814e+02 
       5.217696398266e-01       7.810013044439e+02 
       5.249835075920e-01       7.763512355533e+02 
       5.281973755017e-01       7.717516456296e+02 
       5.314112435531e-01       7.672013132454e+02 
       5.346251117435e-01       7.627014989924e+02 
       5.378389800706e-01       7.582552978335e+02 
       5.410528485318e-01       7.538662476319e+02 
       5.442667171249e-01       7.495368710102e+02 
       5.474805858473e-01       7.452678563511e+02 
       5.506944546970e-01       7.410582010684e+02 
       5.539083236716e-01       7.369061065249e+02 
       5.571221927690e-01       7.328100238514e+02 
       5.603360619870e-01       7.287692262660e+02 
       5.635499313237e-01       7.247836179605e+02 
       5.667638007770e-01       7.208529658201e+02 
       5.699776703448e-01       7.169760785654e+02 
       5.731915400253e-01       7.131504666965e+02 
       5.764054098166e-01       7.093727136882e+02 
       5.796192797168e-01       7.056393588518e+02 
       5.828331497242e-01       7.019477999255e+02 
       5.860470198369e-01       6.982967289856e+02 
       5.892608900532e-01       6.946858997447e+02 
       5.924747603715e-01       6.911154155386e+02 
       5.956886307900e-01       6.875849864077e+02 
       5.989025013072e-01       6.840935911443e+02 
       6.021163719215e-01       6.806397140326e+02 
       6.053302426313e-01       6.772219758012e+02 
       6.085441134352e-01       6.738397492629e+02 
       6.117579843315e-01       6.704933714512e+02 
       6.149718553189e-01       6.671838156193e+02 
       6.181857263960e-01       6.639120054506e+02 
       6.213995975613e-01       6.606781581006e+02 
       6.246134688135e-01       6.574815145344e+02 
       6.278273401513e-01       6.543205793182e+02 
       6.640284505048e-01       6.209034202231e+02 
       7.073954817713e-01       5.853692249386e+02 
       7.617782950723e-01       5.463790413993e+02 
       8.345942368969e-01       5.016209244533e+02 
       9.412659848907e-01       4.472748092743e+02 
       1.112221862674e+00       3.788924587964e+02 
       1.378626851773e+00       3.006446092664e+02 
       1.734148660621e+00       2.278597697294e+02 
       2.183143548370e+00       1.662750264388e+02 
       2.748414837562e+00       1.168214548674e+02 
       3.460049281141e+00       7.928529661818e+01 
       4.355943966088e+00       5.224930579730e+01 
       5.483808551260e+00       3.361514161521e+01 
       6.903705938595e+00       2.121880358519e+01 
       8.691250841652e+00       1.319767003366e+01 
