# Matter power spectrum P(k) at redshift z=0
# for k=1.04501e-06 to 8.69125 h/Mpc,
# number of wavenumbers equal to 576
#    1:k (h/Mpc)              2:P (Mpc/h)^3        
       1.045012751734e-06       5.245321622403e+00 
       1.391465377303e-05       6.379234545424e+01 
       2.680436112113e-05       1.200964794027e+02 
       3.974868916811e-05       1.756504149240e+02 
       5.278254103357e-05       2.309365820105e+02 
       6.594147918704e-05       2.862600992772e+02 
       7.926204297788e-05       3.418611476508e+02 
       9.278207740747e-05       3.979509013020e+02 
       1.065410774779e-04       4.547273241094e+02 
       1.205805524876e-04       5.123836910645e+02 
       1.349444146719e-04       5.711139731669e+02 
       1.496793965826e-04       6.311167179063e+02 
       1.648355015103e-04       6.925981656352e+02 
       1.804664910357e-04       7.557749740736e+02 
       1.966304133547e-04       8.208767527802e+02 
       2.133901752690e-04       8.881485217990e+02 
       2.308141595117e-04       9.578531580872e+02 
       2.489768872184e-04       1.030273859641e+03 
       2.679597226169e-04       1.105716629926e+03 
       2.878516131069e-04       1.184512759414e+03 
       3.087498524931e-04       1.267021252221e+03 
       3.307608478249e-04       1.353631112427e+03 
       3.540008606906e-04       1.444763363335e+03 
       3.785966815474e-04       1.540872624731e+03 
       4.046861805465e-04       1.642448013995e+03 
       4.324186604750e-04       1.750013073665e+03 
       4.619549175898e-04       1.864124357474e+03 
       4.934668959238e-04       1.985368245267e+03 
       5.271368030256e-04       2.114355507211e+03 
       5.631555446485e-04       2.251713129455e+03 
       6.017203389478e-04       2.398072957742e+03 
       6.430313949728e-04       2.554056852660e+03 
       6.872875934178e-04       2.720258295457e+03 
       7.346811952768e-04       2.897220752787e+03 
       7.853917260512e-04       3.085413597711e+03 
       8.395793299278e-04       3.285206934714e+03 
       8.973780383477e-04       3.496847205368e+03 
       9.588895181732e-04       3.720435847599e+03 
       1.024177919049e-03       3.955913385228e+03 
       1.093266397095e-03       4.203051050929e+03 
       1.166135742130e-03       4.461451367425e+03 
       1.242725296440e-03       4.730558087863e+03 
       1.322936070543e-03       5.009674706403e+03 
       1.406635696206e-03       5.297965345523e+03 
       1.493664665074e-03       5.594539530013e+03 
       1.583843215651e-03       5.898458572380e+03 
       1.676978254561e-03       6.208743623483e+03 
       1.772869805597e-03       6.524416093431e+03 
       1.871316633964e-03       6.844519513872e+03 
       1.972120854768e-03       7.168136750459e+03 
       2.075091475744e-03       7.494402603167e+03 
       2.180046929182e-03       7.822512089175e+03 
       2.286816713773e-03       8.151724998588e+03 
       2.395242298629e-03       8.481367305331e+03 
       2.505177447443e-03       8.810830274090e+03 
       2.616488109869e-03       9.139567995189e+03 
       2.729052007349e-03       9.467093822917e+03 
       2.842758017506e-03       9.792976308877e+03 
       2.957505438499e-03       1.011683470019e+04 
       3.073203194412e-03       1.043833443266e+04 
       3.189769025710e-03       1.075718259358e+04 
       3.307128695113e-03       1.107312367720e+04 
       3.425215228725e-03       1.138593575175e+04 
       3.543968204380e-03       1.169542684550e+04 
       3.663333093498e-03       1.200143176899e+04 
       3.783260658735e-03       1.230380912586e+04 
       3.903706407034e-03       1.260243871067e+04 
       4.024630095928e-03       1.289721918135e+04 
       4.145995289928e-03       1.318806599502e+04 
       4.267768963225e-03       1.347490949607e+04 
       4.389921144756e-03       1.375769325688e+04 
       4.512424601654e-03       1.403637245413e+04 
       4.635254557245e-03       1.431091256758e+04 
       4.758388440002e-03       1.458128834360e+04 
       4.881805660105e-03       1.484748239552e+04 
       5.005487410579e-03       1.510948426652e+04 
       5.129416490243e-03       1.536728940062e+04 
       5.253577146012e-03       1.562089889551e+04 
       5.377954932341e-03       1.587031600253e+04 
       5.502536585841e-03       1.611555308928e+04 
       5.627309913339e-03       1.635662371079e+04 
       5.752263691831e-03       1.659354488814e+04 
       5.877387578983e-03       1.682633656030e+04 
       6.002672032961e-03       1.705502136938e+04 
       6.128108240553e-03       1.727962403053e+04 
       6.253688052630e-03       1.750017145837e+04 
       6.379403926143e-03       1.771669236107e+04 
       6.505248871924e-03       1.792921681287e+04 
       6.631216407644e-03       1.813777632014e+04 
       6.757300515384e-03       1.834240335902e+04 
       6.883495603303e-03       1.854313133987e+04 
       7.009796470971e-03       1.873999460068e+04 
       7.136198277982e-03       1.893302761642e+04 
       7.262696515499e-03       1.912226569128e+04 
       7.389286980422e-03       1.930774473759e+04 
       7.515965751918e-03       1.948950035461e+04 
       7.642729170069e-03       1.966756889866e+04 
       7.769573816423e-03       1.984198709824e+04 
       7.896496496256e-03       2.001279123098e+04 
       8.023494222391e-03       2.018001817376e+04 
       8.150564200396e-03       2.034370507627e+04 
       8.277703815062e-03       2.050388846382e+04 
       8.404910618003e-03       2.066060545819e+04 
       8.532182316303e-03       2.081389298011e+04 
       8.659516762095e-03       2.096378739995e+04 
       8.786911942986e-03       2.111032545518e+04 
       8.914365973264e-03       2.125354384613e+04 
       9.041877085804e-03       2.139347823871e+04 
       9.169443624608e-03       2.153016481005e+04 
       9.297064037943e-03       2.166363923294e+04 
       9.424736872003e-03       2.179393676270e+04 
       9.552460765055e-03       2.192109222057e+04 
       9.680234442042e-03       2.204514071461e+04 
       9.808056709587e-03       2.216611709307e+04 
       9.935926451367e-03       2.228405539489e+04 
       1.006384262384e-02       2.239898954970e+04 
       1.019180425229e-02       2.251095363017e+04 
       1.031981042713e-02       2.261998172889e+04 
       1.044786030054e-02       2.272610683410e+04 
       1.057595308324e-02       2.282936184342e+04 
       1.070408804164e-02       2.292978009044e+04 
       1.083226449506e-02       2.302739412866e+04 
       1.096048181320e-02       2.312223605191e+04 
       1.108873941382e-02       2.321433739807e+04 
       1.121703676053e-02       2.330373022714e+04 
       1.134537336077e-02       2.339044543414e+04 
       1.147374876390e-02       2.347451403492e+04 
       1.160216255946e-02       2.355596619308e+04 
       1.173061437555e-02       2.363483253164e+04 
       1.185910387727e-02       2.371114282274e+04 
       1.198763076532e-02       2.378492668067e+04 
       1.211619477469e-02       2.385621429820e+04 
       1.224479567345e-02       2.392503486171e+04 
       1.237343326158e-02       2.399141773419e+04 
       1.250210736994e-02       2.405539202897e+04 
       1.263081785926e-02       2.411698673500e+04 
       1.275956461928e-02       2.417623088536e+04 
       1.288834756784e-02       2.423315299184e+04 
       1.301716665016e-02       2.428778135502e+04 
       1.314602183806e-02       2.434014333398e+04 
       1.327491312936e-02       2.439026524209e+04 
       1.340384054718e-02       2.443817334385e+04 
       1.353280413945e-02       2.448389382101e+04 
       1.366180397834e-02       2.452745354820e+04 
       1.379084015979e-02       2.456887915939e+04 
       1.391991280308e-02       2.460819697809e+04 
       1.404902205046e-02       2.464543326684e+04 
       1.417816806672e-02       2.468061383624e+04 
       1.430735103893e-02       2.471376430600e+04 
       1.443657117613e-02       2.474491003180e+04 
       1.456582870904e-02       2.477407618617e+04 
       1.469512388988e-02       2.480128764784e+04 
       1.482445699213e-02       2.482656921487e+04 
       1.495382831038e-02       2.484994536048e+04 
       1.508323816017e-02       2.487144039605e+04 
       1.521268687790e-02       2.489107855518e+04 
       1.534217482069e-02       2.490888363319e+04 
       1.547170236633e-02       2.492487952393e+04 
       1.560126991325e-02       2.493908973867e+04 
       1.573087788048e-02       2.495153759060e+04 
       1.586052670762e-02       2.496224640147e+04 
       1.599021685490e-02       2.497123910286e+04 
       1.611994880319e-02       2.497853857610e+04 
       1.624972305407e-02       2.498416747633e+04 
       1.637954012989e-02       2.498814833047e+04 
       1.650940057387e-02       2.499050336806e+04 
       1.663930495023e-02       2.499125488636e+04 
       1.676925384430e-02       2.499042465030e+04 
       1.689924786269e-02       2.498803470532e+04 
       1.702928763342e-02       2.498410658487e+04 
       1.715937380614e-02       2.497866178613e+04 
       1.728950705234e-02       2.497172171403e+04 
       1.741968806551e-02       2.496330730164e+04 
       1.754991756145e-02       2.495343982297e+04 
       1.768019627845e-02       2.494214003332e+04 
       1.781052497761e-02       2.492942854866e+04 
       1.794090444312e-02       2.491532593576e+04 
       1.807133548252e-02       2.489985269451e+04 
       1.820181892707e-02       2.488302874644e+04 
       1.833235563206e-02       2.486487449283e+04 
       1.846294647714e-02       2.484540968548e+04 
       1.859359236676e-02       2.482465415482e+04 
       1.872429423046e-02       2.480262737843e+04 
       1.885505302334e-02       2.477934904952e+04 
       1.898586972647e-02       2.475483824529e+04 
       1.911674534729e-02       2.472911432426e+04 
       1.924768092012e-02       2.470219624744e+04 
       1.937867750658e-02       2.467410297179e+04 
       1.950973619613e-02       2.464485298381e+04 
       1.964085810652e-02       2.461446513847e+04 
       1.977204438438e-02       2.458295783130e+04 
       1.990329620572e-02       2.455034909314e+04 
       2.003461477652e-02       2.451665746635e+04 
       2.016600133331e-02       2.448190071581e+04 
       2.029745714377e-02       2.444609679991e+04 
       2.042898350737e-02       2.440926329281e+04 
       2.056058175600e-02       2.437141802132e+04 
       2.069225325465e-02       2.433257815791e+04 
       2.082399940211e-02       2.429276109908e+04 
       2.095582163165e-02       2.425198410933e+04 
       2.108772141180e-02       2.421026408970e+04 
       2.121970024708e-02       2.416761781541e+04 
       2.135175967879e-02       2.412406209960e+04 
       2.148390128583e-02       2.407961361071e+04 
       2.161612668554e-02       2.403428856735e+04 
       2.174843753452e-02       2.398810339890e+04 
       2.188083552957e-02       2.394107431672e+04 
       2.201332240860e-02       2.389321727023e+04 
       2.214589995153e-02       2.384454804460e+04 
       2.227856998132e-02       2.379508242692e+04 
       2.241133436493e-02       2.374483611850e+04 
       2.254419501440e-02       2.369382428818e+04 
       2.267715388789e-02       2.364206249674e+04 
       2.281021299080e-02       2.358956584209e+04 
       2.294337437687e-02       2.353634923410e+04 
       2.307664014941e-02       2.348242761169e+04 
       2.321001246247e-02       2.342781585563e+04 
       2.334349352210e-02       2.337252812431e+04 
       2.347708558764e-02       2.331657931852e+04 
       2.361079097303e-02       2.325998357827e+04 
       2.374461204821e-02       2.320275505648e+04 
       2.387855124051e-02       2.314490777167e+04 
       2.401261103611e-02       2.308645542493e+04 
       2.414679398156e-02       2.302741208434e+04 
       2.428110268533e-02       2.296779123426e+04 
       2.441553981938e-02       2.290760589844e+04 
       2.455010812088e-02       2.284687000521e+04 
       2.468481039384e-02       2.278559632317e+04 
       2.481964951097e-02       2.272379807767e+04 
       2.495462841540e-02       2.266148786684e+04 
       2.508975012265e-02       2.259867859687e+04 
       2.522501772251e-02       2.253538292816e+04 
       2.536043438111e-02       2.247161306796e+04 
       2.549600334294e-02       2.240738138627e+04 
       2.563172793304e-02       2.234270016787e+04 
       2.576761155919e-02       2.227758124579e+04 
       2.590365771424e-02       2.221203665068e+04 
       2.603986997845e-02       2.214607773404e+04 
       2.617625202196e-02       2.207971640508e+04 
       2.631280760733e-02       2.201296405593e+04 
       2.644954059218e-02       2.194583165081e+04 
       2.658645493190e-02       2.187833064166e+04 
       2.672355468247e-02       2.181047192898e+04 
       2.686084400337e-02       2.174226630418e+04 
       2.699832716061e-02       2.167372452059e+04 
       2.713600852987e-02       2.160485688155e+04 
       2.727389259975e-02       2.153567409042e+04 
       2.741198397508e-02       2.146618616155e+04 
       2.755028738049e-02       2.139640335691e+04 
       2.768880766394e-02       2.132633554047e+04 
       2.782754980055e-02       2.125599254544e+04 
       2.796651889641e-02       2.118538412971e+04 
       2.810572019270e-02       2.111451942455e+04 
       2.824515906983e-02       2.104340830073e+04 
       2.838484105178e-02       2.097205966076e+04 
       2.852477181067e-02       2.090048272858e+04 
       2.866495717144e-02       2.082868618583e+04 
       2.880540311670e-02       2.075667906369e+04 
       2.894611579184e-02       2.068446995688e+04 
       2.908710151030e-02       2.061206723267e+04 
       2.922836675904e-02       2.053947901870e+04 
       2.936991820427e-02       2.046671396609e+04 
       2.951176269742e-02       2.039377992603e+04 
       2.965390728124e-02       2.032068459955e+04 
       2.979635919636e-02       2.024743597501e+04 
       2.993912588791e-02       2.017404138150e+04 
       3.008221501260e-02       2.010050833661e+04 
       3.022563444595e-02       2.002684424373e+04 
       3.036939228993e-02       1.995305625369e+04 
       3.051349688091e-02       1.987915106174e+04 
       3.065795679794e-02       1.980513570373e+04 
       3.080278087138e-02       1.973101701549e+04 
       3.094797819197e-02       1.965680124636e+04 
       3.109355812025e-02       1.958249500441e+04 
       3.123953029646e-02       1.950810433035e+04 
       3.138590465081e-02       1.943363533013e+04 
       3.153269141432e-02       1.935909408189e+04 
       3.167990113011e-02       1.928448632781e+04 
       3.182754466521e-02       1.920981738649e+04 
       3.197563322297e-02       1.913509306842e+04 
       3.212417835603e-02       1.906031868681e+04 
       3.227319197996e-02       1.898549916933e+04 
       3.242268638748e-02       1.891063975396e+04 
       3.257267426350e-02       1.883574505432e+04 
       3.272316870078e-02       1.876081991404e+04 
       3.287418321649e-02       1.868586883711e+04 
       3.302573176955e-02       1.861089620767e+04 
       3.317782877885e-02       1.853590618602e+04 
       3.333048914247e-02       1.846090297888e+04 
       3.348372825783e-02       1.838589040629e+04 
       3.363756204298e-02       1.831087190822e+04 
       3.379200695896e-02       1.823585146069e+04 
       3.394708003344e-02       1.816083244162e+04 
       3.410279888558e-02       1.808581795629e+04 
       3.425918175229e-02       1.801081103005e+04 
       3.441624751600e-02       1.793581478397e+04 
       3.457401573389e-02       1.786083169543e+04 
       3.473250666892e-02       1.778586445717e+04 
       3.489174132252e-02       1.771091558905e+04 
       3.505174146929e-02       1.763598721350e+04 
       3.521252969368e-02       1.756108108743e+04 
       3.537412942890e-02       1.748619955773e+04 
       3.553656499818e-02       1.741134405581e+04 
       3.569986165849e-02       1.733651611046e+04 
       3.586404564707e-02       1.726171708361e+04 
       3.602914423076e-02       1.718694787436e+04 
       3.619518575858e-02       1.711220963237e+04 
       3.636219971754e-02       1.703750310492e+04 
       3.653021679223e-02       1.696282868757e+04 
       3.669926892819e-02       1.688818667482e+04 
       3.686938939961e-02       1.681357737403e+04 
       3.704061288157e-02       1.673900055298e+04 
       3.721297552718e-02       1.666445594199e+04 
       3.738651505012e-02       1.658994300984e+04 
       3.756127081299e-02       1.651546087395e+04 
       3.773728392189e-02       1.644100866967e+04 
       3.791459732790e-02       1.636658510092e+04 
       3.809325593595e-02       1.629218869980e+04 
       3.827330672180e-02       1.621781772487e+04 
       3.845479885782e-02       1.614347010519e+04 
       3.863778384841e-02       1.606914364870e+04 
       3.882231567588e-02       1.599483578140e+04 
       3.900845095790e-02       1.592054352874e+04 
       3.919624911747e-02       1.584626384101e+04 
       3.938577256671e-02       1.577199330454e+04 
       3.957708690579e-02       1.569772800286e+04 
       3.977026113861e-02       1.562346389084e+04 
       3.996536790671e-02       1.554919642978e+04 
       4.016248374352e-02       1.547492074320e+04 
       4.036168935094e-02       1.540063161060e+04 
       4.056306990061e-02       1.532632335432e+04 
       4.076671536271e-02       1.525198991211e+04 
       4.097272086503e-02       1.517762472322e+04 
       4.118118708601e-02       1.510322078150e+04 
       4.139222068535e-02       1.502877057435e+04 
       4.160593477672e-02       1.495426604009e+04 
       4.182244944747e-02       1.487969855469e+04 
       4.204189233096e-02       1.480505891592e+04 
       4.226439923801e-02       1.473033726392e+04 
       4.249011485478e-02       1.465552306270e+04 
       4.271919351566e-02       1.458060503822e+04 
       4.295180006065e-02       1.450557113079e+04 
       4.318811078873e-02       1.443040846237e+04 
       4.342831451984e-02       1.435510321904e+04 
       4.367261378076e-02       1.427964060411e+04 
       4.392122613206e-02       1.420400478891e+04 
       4.417438565651e-02       1.412817876751e+04 
       4.443234463275e-02       1.405214427824e+04 
       4.469537542180e-02       1.397588168776e+04 
       4.496377259939e-02       1.389936987100e+04 
       4.523785537235e-02       1.382258603723e+04 
       4.551797032518e-02       1.374550555596e+04 
       4.580449455063e-02       1.366810182405e+04 
       4.609783922942e-02       1.359034594250e+04 
       4.639845373643e-02       1.351220654068e+04 
       4.670683036651e-02       1.343364942136e+04 
       4.702350979246e-02       1.335463725394e+04 
       4.734908739127e-02       1.327512910675e+04 
       4.768422060433e-02       1.319508003296e+04 
       4.802963753417e-02       1.311444041454e+04 
       4.838614702609e-02       1.303315533253e+04 
       4.875465054094e-02       1.295116370706e+04 
       4.913615619820e-02       1.286839731221e+04 
       4.953179546049e-02       1.278477952774e+04 
       4.994284304783e-02       1.270022385225e+04 
       5.037074081879e-02       1.261463202559e+04 
       5.081712654556e-02       1.252789168949e+04 
       5.128386875169e-02       1.243987342754e+04 
       5.177310908920e-02       1.235042701055e+04 
       5.228731412104e-02       1.225937648984e+04 
       5.282933886284e-02       1.216651393894e+04 
       5.340250503762e-02       1.207159105864e+04 
       5.401069771121e-02       1.197430808007e+04 
       5.465848477536e-02       1.187429884469e+04 
       5.535126453198e-02       1.177111049881e+04 
       5.609544716041e-02       1.166417551758e+04 
       5.689867557982e-02       1.155277309712e+04 
       5.777008903513e-02       1.143597532385e+04 
       5.872062646183e-02       1.131257211763e+04 
       5.976335229731e-02       1.118096753986e+04 
       6.091375802519e-02       1.103903902355e+04 
       6.218993809936e-02       1.088395478779e+04 
       6.361244795834e-02       1.071195777257e+04 
       6.520352551004e-02       1.051815956375e+04 
       6.698524355523e-02       1.029646060841e+04 
       6.897621396752e-02       1.003982476850e+04 
       7.118696661970e-02       9.741228306906e+03 
       7.361525267698e-02       9.395496404363e+03 
       7.624371515646e-02       9.001735210358e+03 
       7.904209669997e-02       8.565333490673e+03 
       8.197359271209e-02       8.098300941680e+03 
       8.500216649757e-02       7.617543506518e+03 
       8.809756019816e-02       7.141858120100e+03 
       9.123701496620e-02       6.688876183344e+03 
       9.440467041948e-02       6.272803154553e+03 
       9.759002334255e-02       5.903211067660e+03 
       1.007863441994e-01       5.584756963879e+03 
       1.039894104222e-01       5.317552825499e+03 
       1.071966066517e-01       5.097908350314e+03 
       1.104063258206e-01       4.919233660125e+03 
       1.136175851417e-01       4.772975979131e+03 
       1.168297852736e-01       4.649539437879e+03 
       1.200425612623e-01       4.539176985873e+03 
       1.232556910144e-01       4.432841815842e+03 
       1.264690393650e-01       4.322955978763e+03 
       1.296825239951e-01       4.204020447640e+03 
       1.328960946984e-01       4.072981049111e+03 
       1.361097207830e-01       3.929289909527e+03 
       1.393233834177e-01       3.774656821808e+03 
       1.425370709864e-01       3.612546290887e+03 
       1.457507762658e-01       3.447520918186e+03 
       1.489644947124e-01       3.284545897526e+03 
       1.521782234212e-01       3.128355881674e+03 
       1.553919604932e-01       2.982953020594e+03 
       1.586057046502e-01       2.851270890768e+03 
       1.618194550006e-01       2.735007148203e+03 
       1.650332108956e-01       2.634606745487e+03 
       1.682469718420e-01       2.549365242638e+03 
       1.714607374483e-01       2.477617917471e+03 
       1.746745073910e-01       2.416983132141e+03 
       1.778882813941e-01       2.364633630705e+03 
       1.811020592160e-01       2.317574812392e+03 
       1.843158406407e-01       2.273244259941e+03 
       1.875296254729e-01       2.229039651988e+03 
       1.907434135334e-01       2.182564358427e+03 
       1.939572046573e-01       2.132385324558e+03 
       1.971709986916e-01       2.077852878734e+03 
       2.003847954939e-01       2.019110695351e+03 
       2.035985949315e-01       1.956992682985e+03 
       2.068123968800e-01       1.892824158834e+03 
       2.100262012231e-01       1.828174980198e+03 
       2.132400078516e-01       1.764622865068e+03 
       2.164538166627e-01       1.703572523590e+03 
       2.196676275600e-01       1.646148006384e+03 
       2.228814404525e-01       1.593148359117e+03 
       2.260952552545e-01       1.545041733157e+03 
       2.293090718851e-01       1.501974545923e+03 
       2.325228902681e-01       1.463785043758e+03 
       2.357367103311e-01       1.430024945175e+03 
       2.389505320061e-01       1.400000311053e+03 
       2.421643552284e-01       1.372840010317e+03 
       2.453781799368e-01       1.347589605436e+03 
       2.485920060733e-01       1.323316541371e+03 
       2.518058335828e-01       1.299205942845e+03 
       2.550196624132e-01       1.274628672010e+03 
       2.582334925148e-01       1.249173430462e+03 
       2.614473238404e-01       1.222646638293e+03 
       2.646611563453e-01       1.195051918843e+03 
       2.678749899866e-01       1.166561168178e+03 
       2.710888247237e-01       1.137483300885e+03 
       2.743026605180e-01       1.108229635653e+03 
       2.775164973324e-01       1.079271606380e+03 
       2.807303351317e-01       1.051089106146e+03 
       2.839441738823e-01       1.024114126832e+03 
       2.871580135521e-01       9.986801419822e+02 
       2.903718541104e-01       9.749885834424e+02 
       2.935856955278e-01       9.530995370455e+02 
       2.967995377763e-01       9.329458762492e+02 
       3.000133808290e-01       9.143630092049e+02 
       3.032272246602e-01       8.971232099809e+02 
       3.064410692454e-01       8.809653841117e+02 
       3.096549145609e-01       8.656165671696e+02 
       3.128687605841e-01       8.508071248091e+02 
       3.160826072932e-01       8.362845762721e+02 
       3.192964546676e-01       8.218298457347e+02 
       3.225103026871e-01       8.072756368249e+02 
       3.257241513327e-01       7.925224952089e+02 
       3.289380005858e-01       7.775463856410e+02 
       3.321518504287e-01       7.623938695232e+02 
       3.353657008445e-01       7.471654058093e+02 
       3.385795518166e-01       7.319921072963e+02 
       3.417934033294e-01       7.170129381828e+02 
       3.450072553677e-01       7.023580255533e+02 
       3.482211079169e-01       6.881397427497e+02 
       3.514349609628e-01       6.744493237985e+02 
       3.546488144919e-01       6.613550538059e+02 
       3.578626684911e-01       6.488989724126e+02 
       3.610765229479e-01       6.370919831273e+02 
       3.642903778500e-01       6.259099460296e+02 
       3.675042331858e-01       6.152942638780e+02 
       3.707180889438e-01       6.051590691154e+02 
       3.739319451132e-01       5.954041616449e+02 
       3.771458016834e-01       5.859301110464e+02 
       3.803596586442e-01       5.766509443152e+02 
       3.835735159858e-01       5.675011298466e+02 
       3.867873736986e-01       5.584362935327e+02 
       3.900012317733e-01       5.494298477929e+02 
       3.932150902012e-01       5.404689065933e+02 
       3.964289489735e-01       5.315520536621e+02 
       3.996428080819e-01       5.226894025765e+02 
       4.028566675183e-01       5.139033201481e+02 
       4.060705272750e-01       5.052274116364e+02 
       4.092843873444e-01       4.967023095577e+02 
       4.124982477190e-01       4.883687484030e+02 
       4.157121083919e-01       4.802601848705e+02 
       4.189259693560e-01       4.723977068221e+02 
       4.221398306048e-01       4.647889359926e+02 
       4.253536921318e-01       4.574306834681e+02 
       4.285675539306e-01       4.503134011174e+02 
       4.317814159953e-01       4.434249205171e+02 
       4.349952783198e-01       4.367518136007e+02 
       4.382091408984e-01       4.302784120755e+02 
       4.414230037256e-01       4.239850050060e+02 
       4.446368667959e-01       4.178472158327e+02 
       4.478507301042e-01       4.118377804492e+02 
       4.510645936452e-01       4.059304425238e+02 
       4.542784574141e-01       4.001043569052e+02 
       4.574923214060e-01       3.943470296260e+02 
       4.607061856163e-01       3.886545308983e+02 
       4.639200500403e-01       3.830292810630e+02 
       4.671339146737e-01       3.774766861873e+02 
       4.703477795121e-01       3.720025088990e+02 
       4.735616445514e-01       3.666120401549e+02 
       4.767755097875e-01       3.613109465262e+02 
       4.799893752164e-01       3.561066155269e+02 
       4.832032408343e-01       3.510085644794e+02 
       4.864171066373e-01       3.460271191891e+02 
       4.896309726219e-01       3.411707154886e+02 
       4.928448387845e-01       3.364430986327e+02 
       4.960587051216e-01       3.318418042920e+02 
       4.992725716298e-01       3.273587704071e+02 
       5.024864383059e-01       3.229827138446e+02 
       5.057003051466e-01       3.187020993260e+02 
       5.089141721488e-01       3.145073095827e+02 
       5.121280393094e-01       3.103912099131e+02 
       5.153419066255e-01       3.063482610672e+02 
       5.185557740941e-01       3.023731403984e+02 
       5.217696417126e-01       2.984599854074e+02 
       5.249835094779e-01       2.946028701704e+02 
       5.281973773876e-01       2.907972651105e+02 
       5.314112454390e-01       2.870415595231e+02 
       5.346251136295e-01       2.833376517532e+02 
       5.378389819565e-01       2.796901061550e+02 
       5.410528504178e-01       2.761042223692e+02 
       5.442667190108e-01       2.725839554837e+02 
       5.474805877333e-01       2.691307009867e+02 
       5.506944565829e-01       2.657434422565e+02 
       5.539083255575e-01       2.624199985575e+02 
       5.571221946549e-01       2.591585297096e+02 
       5.603360638730e-01       2.559583861943e+02 
       5.635499332096e-01       2.528198544698e+02 
       5.667638026629e-01       2.497430367665e+02 
       5.699776722307e-01       2.467266196461e+02 
       5.731915419113e-01       2.437673287262e+02 
       5.764054117026e-01       2.408604405072e+02 
       5.796192816028e-01       2.380010846316e+02 
       5.828331516101e-01       2.351856146605e+02 
       5.860470217228e-01       2.324123050839e+02 
       5.892608919391e-01       2.296810409583e+02 
       5.924747622574e-01       2.269922566406e+02 
       5.956886326760e-01       2.243457950461e+02 
       5.989025031932e-01       2.217403644799e+02 
       6.021163738074e-01       2.191738807461e+02 
       6.053302445173e-01       2.166444423475e+02 
       6.085441153211e-01       2.141513112043e+02 
       6.117579862174e-01       2.116952808654e+02 
       6.149718572049e-01       2.092781905217e+02 
       6.181857282819e-01       2.069018473784e+02 
       6.213995994473e-01       2.045669613068e+02 
       6.246134706995e-01       2.022726762752e+02 
       6.278273420372e-01       2.000169208332e+02 
       6.640284527229e-01       1.769042752674e+02 
       7.073954844805e-01       1.538183630892e+02 
       7.617782985644e-01       1.304358343773e+02 
       8.345942417565e-01       1.062465796089e+02 
       9.412659923530e-01       8.083998887069e+01 
       1.112221874877e+00       5.503618891434e+01 
       1.378626869436e+00       3.327699029882e+01 
       1.734148683142e+00       1.925534397195e+01 
       2.183143576728e+00       1.102102089585e+01 
       2.748414873263e+00       6.256999884131e+00 
       3.460049326085e+00       3.526337586771e+00 
       4.355944022670e+00       1.974177453127e+00 
       5.483808622492e+00       1.098522208553e+00 
       6.903706028271e+00       6.078826185689e-01 
       8.691250954547e+00       3.346694835193e-01 
