# Matter power spectrum P(k) at redshift z=0
# for k=1.045e-06 to 8.69125 h/Mpc,
# number of wavenumbers equal to 576
#    1:k (h/Mpc)              2:P (Mpc/h)^3        
       1.045004358465e-06       5.245502188722e+00 
       1.391464537791e-05       6.379499876715e+01 
       2.680435270169e-05       1.201015080867e+02 
       3.974868070173e-05       1.756577868907e+02 
       5.278253249730e-05       2.309462857150e+02 
       6.594147055741e-05       2.862721361018e+02 
       7.926203423068e-05       3.418755291288e+02 
       9.278206851751e-05       3.979676478792e+02 
       1.065410684188e-04       4.547464645796e+02 
       1.205805432315e-04       5.124052623662e+02 
       1.349444051894e-04       5.711380204087e+02 
       1.496793868422e-04       6.311432945570e+02 
       1.648354914783e-04       6.926273338446e+02 
       1.804664806755e-04       7.558068051089e+02 
       1.966304026270e-04       8.209113275682e+02 
       2.133901641311e-04       8.881859315731e+02 
       2.308141479171e-04       9.578935051356e+02 
       2.489768751163e-04       1.030317258160e+03 
       2.679597099518e-04       1.105763206977e+03 
       2.878515998183e-04       1.184562655983e+03 
       3.087498385146e-04       1.267074624385e+03 
       3.307608330839e-04       1.353688132612e+03 
       3.540008451081e-04       1.444824221662e+03 
       3.785966650370e-04       1.540937530426e+03 
       4.046861630147e-04       1.642517196841e+03 
       4.324186418206e-04       1.750086785453e+03 
       4.619548977042e-04       1.864202873392e+03 
       4.934668746915e-04       1.985451865165e+03 
       5.271367803247e-04       2.114444556635e+03 
       5.631555203521e-04       2.251807960345e+03 
       6.017203129260e-04       2.398173948657e+03 
       6.430313670949e-04       2.554164408384e+03 
       6.872875635556e-04       2.720372845832e+03 
       7.346811633085e-04       2.897342750643e+03 
       7.853916918653e-04       3.085543515773e+03 
       8.395792934275e-04       3.285345261448e+03 
       8.973779994556e-04       3.496994439785e+03 
       9.588894768348e-04       3.720592493148e+03 
       1.024177875236e-03       3.956079943003e+03 
       1.093266350806e-03       4.203228012515e+03 
       1.166135693390e-03       4.461639207765e+03 
       1.242725245303e-03       4.730757258557e+03 
       1.322936017084e-03       5.009885629784e+03 
       1.406635640521e-03       5.298188408806e+03 
       1.493664607275e-03       5.594775082901e+03 
       1.583843155860e-03       5.898706925079e+03 
       1.676978192906e-03       6.209005044944e+03 
       1.772869742211e-03       6.524690811330e+03 
       1.871316568977e-03       6.844807715529e+03 
       1.972120788307e-03       7.168438584510e+03 
       2.075091407930e-03       7.494718181772e+03 
       2.180046860131e-03       7.822841490568e+03 
       2.286816643592e-03       8.152068269797e+03 
       2.395242227418e-03       8.481724464939e+03 
       2.505177375292e-03       8.811201314963e+03 
       2.616488036861e-03       9.139952887127e+03 
       2.729051933562e-03       9.467492515172e+03 
       2.842757943009e-03       9.793388732494e+03 
       2.957505363353e-03       1.011726077016e+04 
       3.073203118674e-03       1.043877404984e+04 
       3.189768949431e-03       1.075763564647e+04 
       3.307128618339e-03       1.107359004348e+04 
       3.425215151497e-03       1.138641529976e+04 
       3.543968126736e-03       1.169591943547e+04 
       3.663333015471e-03       1.200193725416e+04 
       3.783260580357e-03       1.230432735345e+04 
       3.903706328331e-03       1.260296952282e+04 
       4.024630016926e-03       1.289776241591e+04 
       4.145995210649e-03       1.318862148629e+04 
       4.267768883690e-03       1.347547707543e+04 
       4.389921064983e-03       1.375827275335e+04 
       4.512424521660e-03       1.403696369482e+04 
       4.635254477046e-03       1.431151537815e+04 
       4.758388359611e-03       1.458190254853e+04 
       4.881805579536e-03       1.484810781858e+04 
       5.005487329843e-03       1.511012073136e+04 
       5.129416409351e-03       1.536793673071e+04 
       5.253577064974e-03       1.562155691429e+04 
       5.377954851167e-03       1.587098453350e+04 
       5.502536504538e-03       1.611623195631e+04 
       5.627309831914e-03       1.635731273820e+04 
       5.752263610292e-03       1.659424390090e+04 
       5.877387497336e-03       1.682704538418e+04 
       6.002671951213e-03       1.705573983109e+04 
       6.128108158709e-03       1.728035195788e+04 
       6.253687970694e-03       1.750090868033e+04 
       6.379403844121e-03       1.771743870792e+04 
       6.505248789819e-03       1.792997211616e+04 
       6.631216325461e-03       1.813854041281e+04 
       6.757300433128e-03       1.834317607542e+04 
       6.883495520976e-03       1.854391251576e+04 
       7.009796388576e-03       1.874078407327e+04 
       7.136198195524e-03       1.893382522439e+04 
       7.262696432979e-03       1.912307127478e+04 
       7.389286897843e-03       1.930855813827e+04 
       7.515965669282e-03       1.949032141561e+04 
       7.642729087380e-03       1.966839746466e+04 
       7.769573733681e-03       1.984282301545e+04 
       7.896496413465e-03       2.001363434711e+04 
       8.023494139551e-03       2.018086833810e+04 
       8.150564117511e-03       2.034456213965e+04 
       8.277703732132e-03       2.050475227861e+04 
       8.404910535030e-03       2.066147587833e+04 
       8.532182233289e-03       2.081476986108e+04 
       8.659516679040e-03       2.096467059877e+04 
       8.786911859892e-03       2.111121483041e+04 
       8.914365890133e-03       2.125443925788e+04 
       9.041877002635e-03       2.139437954859e+04 
       9.169443541404e-03       2.153107188121e+04 
       9.297063954705e-03       2.166455193000e+04 
       9.424736788730e-03       2.179485495179e+04 
       9.552460681750e-03       2.192201576929e+04 
       9.680234358705e-03       2.204606949203e+04 
       9.808056626218e-03       2.216705096971e+04 
       9.935926367967e-03       2.228499424274e+04 
       1.006384254041e-02       2.239993324215e+04 
       1.019180416883e-02       2.251190204207e+04 
       1.031981034365e-02       2.262093473650e+04 
       1.044786021702e-02       2.272706431510e+04 
       1.057595299970e-02       2.283032367685e+04 
       1.070408795807e-02       2.293074615676e+04 
       1.083226441146e-02       2.302836430969e+04 
       1.096048172958e-02       2.312321023084e+04 
       1.108873933017e-02       2.321531545940e+04 
       1.121703667686e-02       2.330471205674e+04 
       1.134537327707e-02       2.339143091916e+04 
       1.147374868017e-02       2.347550306384e+04 
       1.160216247571e-02       2.355695865563e+04 
       1.173061429178e-02       2.363582831885e+04 
       1.185910379347e-02       2.371214182690e+04 
       1.198763068149e-02       2.378592879531e+04 
       1.211619469084e-02       2.385721941813e+04 
       1.224479558958e-02       2.392604288296e+04 
       1.237343317769e-02       2.399242855402e+04 
       1.250210728602e-02       2.405640554589e+04 
       1.263081777532e-02       2.411800284873e+04 
       1.275956453531e-02       2.417724949682e+04 
       1.288834748385e-02       2.423417400320e+04 
       1.301716656614e-02       2.428880466962e+04 
       1.314602175403e-02       2.434116885630e+04 
       1.327491304530e-02       2.439129287774e+04 
       1.340384046310e-02       2.443920299953e+04 
       1.353280405535e-02       2.448492540454e+04 
       1.366180389421e-02       2.452848696851e+04 
       1.379084007563e-02       2.456991432654e+04 
       1.391991271890e-02       2.460923380327e+04 
       1.404902196625e-02       2.464647166232e+04 
       1.417816798249e-02       2.468165371540e+04 
       1.430735095468e-02       2.471480558327e+04 
       1.443657109185e-02       2.474595262270e+04 
       1.456582862474e-02       2.477512000728e+04 
       1.469512380555e-02       2.480233261678e+04 
       1.482445690778e-02       2.482761525031e+04 
       1.495382822600e-02       2.485099238211e+04 
       1.508323807577e-02       2.487248832462e+04 
       1.521268679347e-02       2.489212731242e+04 
       1.534217473623e-02       2.490993314186e+04 
       1.547170228185e-02       2.492592970778e+04 
       1.560126982875e-02       2.494014052245e+04 
       1.573087779595e-02       2.495258890004e+04 
       1.586052662306e-02       2.496329816327e+04 
       1.599021677031e-02       2.497229124471e+04 
       1.611994871858e-02       2.497959102664e+04 
       1.624972296943e-02       2.498522016516e+04 
       1.637954004522e-02       2.498920118813e+04 
       1.650940048917e-02       2.499155632604e+04 
       1.663930486550e-02       2.499230787708e+04 
       1.676925375955e-02       2.499147760711e+04 
       1.689924777790e-02       2.498908756247e+04 
       1.702928754860e-02       2.498515927755e+04 
       1.715937372130e-02       2.497971425042e+04 
       1.728950696746e-02       2.497277388691e+04 
       1.741968798061e-02       2.496435912098e+04 
       1.754991747651e-02       2.495449122753e+04 
       1.768019619348e-02       2.494319096274e+04 
       1.781052489261e-02       2.493047894343e+04 
       1.794090435808e-02       2.491637573728e+04 
       1.807133539745e-02       2.490090184500e+04 
       1.820181884196e-02       2.488407718898e+04 
       1.833235554691e-02       2.486592217136e+04 
       1.846294639197e-02       2.484645654477e+04 
       1.859359228155e-02       2.482570014045e+04 
       1.872429414521e-02       2.480367243685e+04 
       1.885505293805e-02       2.478039312797e+04 
       1.898586964114e-02       2.475588129183e+04 
       1.911674526193e-02       2.473015628777e+04 
       1.924768083471e-02       2.470323707759e+04 
       1.937867742114e-02       2.467514261905e+04 
       1.950973611064e-02       2.464589139944e+04 
       1.964085802099e-02       2.461550227450e+04 
       1.977204429881e-02       2.458399364056e+04 
       1.990329612010e-02       2.455138352921e+04 
       2.003461469086e-02       2.451769048358e+04 
       2.016600124761e-02       2.448293226933e+04 
       2.029745705802e-02       2.444712684557e+04 
       2.042898342158e-02       2.441029178723e+04 
       2.056058167016e-02       2.437244492185e+04 
       2.069225316877e-02       2.433360342263e+04 
       2.082399931617e-02       2.429378468682e+04 
       2.095582154567e-02       2.425300597962e+04 
       2.108772132576e-02       2.421128420279e+04 
       2.121970016099e-02       2.416863613227e+04 
       2.135175959265e-02       2.412507858190e+04 
       2.148390119964e-02       2.408062822082e+04 
       2.161612659928e-02       2.403530126833e+04 
       2.174843744821e-02       2.398911415449e+04 
       2.188083544321e-02       2.394208309136e+04 
       2.201332232218e-02       2.389422402903e+04 
       2.214589986505e-02       2.384555275332e+04 
       2.227856989477e-02       2.379608505200e+04 
       2.241133427832e-02       2.374583662703e+04 
       2.254419492773e-02       2.369482264790e+04 
       2.267715380116e-02       2.364305867603e+04 
       2.281021290399e-02       2.359055980998e+04 
       2.294337429000e-02       2.353734096026e+04 
       2.307664006247e-02       2.348341706639e+04 
       2.321001237546e-02       2.342880300978e+04 
       2.334349343502e-02       2.337351294942e+04 
       2.347708550048e-02       2.331756178673e+04 
       2.361079088580e-02       2.326096366232e+04 
       2.374461196091e-02       2.320373272969e+04 
       2.387855115313e-02       2.314588300796e+04 
       2.401261094865e-02       2.308742819880e+04 
       2.414679389402e-02       2.302838237088e+04 
       2.428110259770e-02       2.296875900913e+04 
       2.441553973167e-02       2.290857113785e+04 
       2.455010803308e-02       2.284783268593e+04 
       2.468481030596e-02       2.278655642255e+04 
       2.481964942300e-02       2.272475557360e+04 
       2.495462832734e-02       2.266244273773e+04 
       2.508975003449e-02       2.259963082171e+04 
       2.522501763426e-02       2.253633248642e+04 
       2.536043429276e-02       2.247255993966e+04 
       2.549600325449e-02       2.240832555195e+04 
       2.563172784448e-02       2.234364160857e+04 
       2.576761147053e-02       2.227851994307e+04 
       2.590365762547e-02       2.221297258659e+04 
       2.603986988957e-02       2.214701089111e+04 
       2.617625193297e-02       2.208064676636e+04 
       2.631280751822e-02       2.201389160493e+04 
       2.644954050296e-02       2.194675637150e+04 
       2.658645484256e-02       2.187925251851e+04 
       2.672355459301e-02       2.181139094691e+04 
       2.686084391378e-02       2.174318244857e+04 
       2.699832707089e-02       2.167463777726e+04 
       2.713600844003e-02       2.160576723678e+04 
       2.727389250977e-02       2.153658153091e+04 
       2.741198388496e-02       2.146709067443e+04 
       2.755028729023e-02       2.139730492976e+04 
       2.768880757354e-02       2.132723416127e+04 
       2.782754971000e-02       2.125688820259e+04 
       2.796651880572e-02       2.118627681202e+04 
       2.810572010185e-02       2.111540912122e+04 
       2.824515897882e-02       2.104429500136e+04 
       2.838484096061e-02       2.097294335534e+04 
       2.852477171934e-02       2.090136340748e+04 
       2.866495707994e-02       2.082956383981e+04 
       2.880540302503e-02       2.075755368386e+04 
       2.894611569999e-02       2.068534153471e+04 
       2.908710141827e-02       2.061293576001e+04 
       2.922836666682e-02       2.054034448772e+04 
       2.936991811187e-02       2.046757636935e+04 
       2.951176260482e-02       2.039463925639e+04 
       2.965390718845e-02       2.032154085021e+04 
       2.979635910336e-02       2.024828913951e+04 
       2.993912579471e-02       2.017489145369e+04 
       3.008221491919e-02       2.010135531063e+04 
       3.022563435232e-02       2.002768811407e+04 
       3.036939219607e-02       1.995389701512e+04 
       3.051349678683e-02       1.987998870932e+04 
       3.065795670362e-02       1.980597023280e+04 
       3.080278077682e-02       1.973184842171e+04 
       3.094797809716e-02       1.965762952562e+04 
       3.109355802519e-02       1.958332015291e+04 
       3.123953020114e-02       1.950892634452e+04 
       3.138590455522e-02       1.943445420666e+04 
       3.153269131846e-02       1.935990981772e+04 
       3.167990103397e-02       1.928529892016e+04 
       3.182754456878e-02       1.921062683277e+04 
       3.197563312625e-02       1.913589936629e+04 
       3.212417825901e-02       1.906112183415e+04 
       3.227319188263e-02       1.898629916425e+04 
       3.242268628984e-02       1.891143659475e+04 
       3.257267416553e-02       1.883653873950e+04 
       3.272316860247e-02       1.876161044234e+04 
       3.287418311784e-02       1.868665620743e+04 
       3.302573167054e-02       1.861168041908e+04 
       3.317782867949e-02       1.853668723779e+04 
       3.333048904273e-02       1.846168087045e+04 
       3.348372815771e-02       1.838666513727e+04 
       3.363756194247e-02       1.831164347836e+04 
       3.379200685805e-02       1.823661986990e+04 
       3.394707993211e-02       1.816159768995e+04 
       3.410279878382e-02       1.808658004395e+04 
       3.425918165009e-02       1.801156995733e+04 
       3.441624741335e-02       1.793657055133e+04 
       3.457401563078e-02       1.786158430342e+04 
       3.473250656533e-02       1.778661390646e+04 
       3.489174121843e-02       1.771166188041e+04 
       3.505174136469e-02       1.763673034779e+04 
       3.521252958856e-02       1.756182106558e+04 
       3.537412932325e-02       1.748693638078e+04 
       3.553656489198e-02       1.741207772486e+04 
       3.569986155172e-02       1.733724662666e+04 
       3.586404553971e-02       1.726244444818e+04 
       3.602914412280e-02       1.718767208855e+04 
       3.619518564999e-02       1.711293069749e+04 
       3.636219960831e-02       1.703822102231e+04 
       3.653021668233e-02       1.696354345857e+04 
       3.669926881760e-02       1.688889830081e+04 
       3.686938928832e-02       1.681428585637e+04 
       3.704061276955e-02       1.673970589305e+04 
       3.721297541440e-02       1.666515814115e+04 
       3.738651493656e-02       1.659064206941e+04 
       3.756127069862e-02       1.651615679524e+04 
       3.773728380669e-02       1.644170145393e+04 
       3.791459721184e-02       1.636727474937e+04 
       3.809325581900e-02       1.629287521358e+04 
       3.827330660393e-02       1.621850110504e+04 
       3.845479873899e-02       1.614415035275e+04 
       3.863778372858e-02       1.606982076453e+04 
       3.882231555503e-02       1.599550976630e+04 
       3.900845083599e-02       1.592121438336e+04 
       3.919624899445e-02       1.584693156587e+04 
       3.938577244254e-02       1.577265790004e+04 
       3.957708678044e-02       1.569838946922e+04 
       3.977026101202e-02       1.562412222811e+04 
       3.996536777884e-02       1.554985163782e+04 
       4.016248361431e-02       1.547557282168e+04 
       4.036168922034e-02       1.540128055893e+04 
       4.056306976856e-02       1.532696917172e+04 
       4.076671522915e-02       1.525263259751e+04 
       4.097272072990e-02       1.517826427530e+04 
       4.118118694924e-02       1.510385719861e+04 
       4.139222054687e-02       1.502940385455e+04 
       4.160593463646e-02       1.495489618111e+04 
       4.182244930534e-02       1.488032555386e+04 
       4.204189218688e-02       1.480568277022e+04 
       4.226439909188e-02       1.473095796990e+04 
       4.249011470651e-02       1.465614061646e+04 
       4.271919336514e-02       1.458121943541e+04 
       4.295179990778e-02       1.450618236651e+04 
       4.318811063338e-02       1.443101653121e+04 
       4.342831436189e-02       1.435570811500e+04 
       4.367261362007e-02       1.428024232058e+04 
       4.392122596848e-02       1.420460331859e+04 
       4.417438548989e-02       1.412877410240e+04 
       4.443234446291e-02       1.405273640956e+04 
       4.469537524857e-02       1.397647060591e+04 
       4.496377242255e-02       1.389995556550e+04 
       4.523785519170e-02       1.382316849663e+04 
       4.551797014047e-02       1.374608476777e+04 
       4.580449436161e-02       1.366867777467e+04 
       4.609783903582e-02       1.359091861712e+04 
       4.639845353793e-02       1.351277592315e+04 
       4.670683016277e-02       1.343421549410e+04 
       4.702350958312e-02       1.335519999781e+04 
       4.734908717592e-02       1.327568850086e+04 
       4.768422038252e-02       1.319563605456e+04 
       4.802963730540e-02       1.311499303877e+04 
       4.838614678980e-02       1.303370453224e+04 
       4.875465029651e-02       1.295170945251e+04 
       4.913615594494e-02       1.286893957081e+04 
       4.953179519762e-02       1.278531826366e+04 
       4.994284277446e-02       1.270075902602e+04 
       5.037074053392e-02       1.261516359363e+04 
       5.081712624805e-02       1.252841960348e+04 
       5.128386844024e-02       1.244039763372e+04 
       5.177310876232e-02       1.235094744884e+04 
       5.228731377699e-02       1.225989309280e+04 
       5.282933849962e-02       1.216702663034e+04 
       5.340250465290e-02       1.207209975184e+04 
       5.401069730223e-02       1.197481267584e+04 
       5.465848433890e-02       1.187479922843e+04 
       5.535126406421e-02       1.177160653689e+04 
       5.609544665679e-02       1.166466705254e+04 
       5.689867503489e-02       1.155325994127e+04 
       5.777008844238e-02       1.143645725052e+04 
       5.872062581347e-02       1.131304884942e+04 
       5.976335158407e-02       1.118143873238e+04 
       6.091375723611e-02       1.103950424341e+04 
       6.218993722181e-02       1.088441348281e+04 
       6.361244697822e-02       1.071240923295e+04 
       6.520352441263e-02       1.051860287451e+04 
       6.698524232683e-02       1.029689459834e+04 
       6.897621259809e-02       1.004024797034e+04 
       7.118696510608e-02       9.741638956942e+03 
       7.361525102553e-02       9.395892518892e+03 
       7.624371338323e-02       9.002114764451e+03 
       7.904209482763e-02       8.565694682008e+03 
       8.197359076513e-02       8.098642469970e+03 
       8.500216449796e-02       7.617864781493e+03 
       8.809755816322e-02       7.142159343267e+03 
       9.123701290836e-02       6.689158300681e+03 
       9.440466834718e-02       6.273067713310e+03 
       9.759002126123e-02       5.903460021578e+03 
       1.007863421125e-01       5.584992466070e+03 
       1.039894083319e-01       5.317777036549e+03 
       1.071966045593e-01       5.098123277522e+03 
       1.104063237269e-01       4.919441034737e+03 
       1.136175830472e-01       4.773177173013e+03 
       1.168297831787e-01       4.649735418986e+03 
       1.200425591671e-01       4.539368311307e+03 
       1.232556889190e-01       4.433028660816e+03 
       1.264690372696e-01       4.323138198027e+03 
       1.296825218995e-01       4.204197662743e+03 
       1.328960926029e-01       4.073152751272e+03 
       1.361097186874e-01       3.929455565288e+03 
       1.393233813221e-01       3.774815968417e+03 
       1.425370688908e-01       3.612698610610e+03 
       1.457507741702e-01       3.447666285037e+03 
       1.489644926167e-01       3.284684396744e+03 
       1.521782213255e-01       3.128487791558e+03 
       1.553919583975e-01       2.983078798010e+03 
       1.586057025546e-01       2.851391109100e+03 
       1.618194529049e-01       2.735122456201e+03 
       1.650332087999e-01       2.634717813606e+03 
       1.682469697463e-01       2.549472709780e+03 
       1.714607353526e-01       2.477722353534e+03 
       1.746745052953e-01       2.417085006409e+03 
       1.778882792984e-01       2.364733295174e+03 
       1.811020571202e-01       2.317672491620e+03 
       1.843158385450e-01       2.273340070387e+03 
       1.875296233772e-01       2.229133600713e+03 
       1.907434114377e-01       2.182656350958e+03 
       1.939572025616e-01       2.132475205367e+03 
       1.971709965959e-01       2.077940465279e+03 
       2.003847933982e-01       2.019195808951e+03 
       2.035985928357e-01       1.957075180547e+03 
       2.068123947843e-01       1.892903954228e+03 
       2.100261991274e-01       1.828252051212e+03 
       2.132400057558e-01       1.764697257405e+03 
       2.164538145670e-01       1.703644341105e+03 
       2.196676254642e-01       1.646217401996e+03 
       2.228814383567e-01       1.593215518679e+03 
       2.260952531587e-01       1.545106862497e+03 
       2.293090697894e-01       1.502037857267e+03 
       2.325228881723e-01       1.463846743066e+03 
       2.357367082354e-01       1.430085219268e+03 
       2.389505299104e-01       1.400059317899e+03 
       2.421643531327e-01       1.372897871198e+03 
       2.453781778411e-01       1.347646401458e+03 
       2.485920039775e-01       1.323372314298e+03 
       2.518058314871e-01       1.299260700059e+03 
       2.550196603175e-01       1.274682394179e+03 
       2.582334904191e-01       1.249226080594e+03 
       2.614473217447e-01       1.222698171412e+03 
       2.646611542495e-01       1.195102290208e+03 
       2.678749878908e-01       1.166610339453e+03 
       2.710888226280e-01       1.137531247537e+03 
       2.743026584222e-01       1.108276349626e+03 
       2.775164952366e-01       1.079317099533e+03 
       2.807303330360e-01       1.051133411227e+03 
       2.839441717866e-01       1.024157294717e+03 
       2.871580114563e-01       9.987222364866e+02 
       2.903718520146e-01       9.750296789556e+02 
       2.935856934320e-01       9.531397085299e+02 
       2.967995356805e-01       9.329851978472e+02 
       3.000133787332e-01       9.144015466995e+02 
       3.032272225645e-01       8.971610206603e+02 
       3.064410671497e-01       8.810025133752e+02 
       3.096549124651e-01       8.656530495333e+02 
       3.128687584883e-01       8.508429825577e+02 
       3.160826051975e-01       8.363198221135e+02 
       3.192964525718e-01       8.218644825795e+02 
       3.225103005914e-01       8.073096605715e+02 
       3.257241492369e-01       7.925558974407e+02 
       3.289379984900e-01       7.775791569656e+02 
       3.321518483330e-01       7.624260024735e+02 
       3.353656987487e-01       7.471968972074e+02 
       3.385795497209e-01       7.320229591301e+02 
       3.417934012337e-01       7.170431588637e+02 
       3.450072532720e-01       7.023876284581e+02 
       3.482211058211e-01       6.881687462646e+02 
       3.514349588670e-01       6.744777500591e+02 
       3.546488123961e-01       6.613829279548e+02 
       3.578626663954e-01       6.489263213537e+02 
       3.610765208521e-01       6.371188341519e+02 
       3.642903757543e-01       6.259363255113e+02 
       3.675042310900e-01       6.153201957299e+02 
       3.707180868481e-01       6.051845736520e+02 
       3.739319430175e-01       5.954292549304e+02 
       3.771457995877e-01       5.859548050238e+02 
       3.803596565485e-01       5.766752472650e+02 
       3.835735138900e-01       5.675250471756e+02 
       3.867873716028e-01       5.584598287979e+02 
       3.900012296776e-01       5.494530035727e+02 
       3.932150881054e-01       5.404916847903e+02 
       3.964289468777e-01       5.315744561209e+02 
       3.996428059861e-01       5.227114315644e+02 
       4.028566654226e-01       5.139249789048e+02 
       4.060705251793e-01       5.052487047942e+02 
       4.092843852486e-01       4.967232433081e+02 
       4.124982456232e-01       4.883893309261e+02 
       4.157121062961e-01       4.802804255487e+02 
       4.189259672603e-01       4.724176161154e+02 
       4.221398285091e-01       4.648085244854e+02 
       4.253536900360e-01       4.574499617955e+02 
       4.285675518349e-01       4.503323793785e+02 
       4.317814138995e-01       4.434436083750e+02 
       4.349952762240e-01       4.367702201977e+02 
       4.382091388026e-01       4.302965457860e+02 
       4.414230016298e-01       4.240028734503e+02 
       4.446368647002e-01       4.178648255260e+02 
       4.478507280084e-01       4.118551369046e+02 
       4.510645915495e-01       4.059475499567e+02 
       4.542784553184e-01       4.001212188003e+02 
       4.574923193103e-01       3.943636489691e+02 
       4.607061835205e-01       3.886709102900e+02 
       4.639200479446e-01       3.830454234323e+02 
       4.671339125779e-01       3.774925944952e+02 
       4.703477774164e-01       3.720181865846e+02 
       4.735616424557e-01       3.666274907113e+02 
       4.767755076918e-01       3.613261735542e+02 
       4.799893731207e-01       3.561216232822e+02 
       4.832032387385e-01       3.510233573067e+02 
       4.864171045416e-01       3.460417020102e+02 
       4.896309705262e-01       3.411850936882e+02 
       4.928448366888e-01       3.364572775954e+02 
       4.960587030259e-01       3.318557892160e+02 
       4.992725695341e-01       3.273725663376e+02 
       5.024864362101e-01       3.229963254606e+02 
       5.057003030508e-01       3.187155303644e+02 
       5.089141700530e-01       3.145205638340e+02 
       5.121280372136e-01       3.104042907261e+02 
       5.153419045297e-01       3.063611715385e+02 
       5.185557719984e-01       3.023858832806e+02 
       5.217696396168e-01       2.984725633952e+02 
       5.249835073822e-01       2.946152856422e+02 
       5.281973752919e-01       2.908095201813e+02 
       5.314112433432e-01       2.870536562963e+02 
       5.346251115337e-01       2.833495924272e+02 
       5.378389798608e-01       2.797018930979e+02 
       5.410528483220e-01       2.761158581954e+02 
       5.442667169150e-01       2.725954429494e+02 
       5.474805856375e-01       2.691420428984e+02 
       5.506944544871e-01       2.657546414137e+02 
       5.539083234617e-01       2.624310576375e+02 
       5.571221925591e-01       2.591694513152e+02 
       5.603360617772e-01       2.559691729336e+02 
       5.635499311139e-01       2.528305089688e+02 
       5.667638005671e-01       2.497535615350e+02 
       5.699776701350e-01       2.467370172791e+02 
       5.731915398155e-01       2.437776016364e+02 
       5.764054096068e-01       2.408705909035e+02 
       5.796192795070e-01       2.380111145175e+02 
       5.828331495144e-01       2.351955259104e+02 
       5.860470196271e-01       2.324220994630e+02 
       5.892608898434e-01       2.296907201997e+02 
       5.924747601616e-01       2.270018225755e+02 
       5.956886305802e-01       2.243552494449e+02 
       5.989025010974e-01       2.217497090745e+02 
       6.021163717117e-01       2.191831171653e+02 
       6.053302424215e-01       2.166535721792e+02 
       6.085441132253e-01       2.141603359687e+02 
       6.117579841217e-01       2.117042021153e+02 
       6.149718551091e-01       2.092870099099e+02 
       6.181857261862e-01       2.069105666188e+02 
       6.213995973515e-01       2.045755821268e+02 
       6.246134686037e-01       2.022812004108e+02 
       6.278273399415e-01       2.000253499010e+02 
       6.640284502580e-01       1.769117304846e+02 
       7.073954814699e-01       1.538248456047e+02 
       7.617782946838e-01       1.304413317053e+02 
       8.345942363562e-01       1.062510577982e+02 
       9.412659840604e-01       8.084339664793e+01 
       1.112221861316e+00       5.503850939108e+01 
       1.378626849808e+00       3.327839352809e+01 
       1.734148658116e+00       1.925615595410e+01 
       2.183143545215e+00       1.102148564842e+01 
       2.748414833590e+00       6.257263741658e+00 
       3.460049276140e+00       3.526486294315e+00 
       4.355943959793e+00       1.974260705880e+00 
       5.483808543334e+00       1.098568534562e+00 
       6.903705928618e+00       6.079082538296e-01 
       8.691250829091e+00       3.346835970409e-01 
