# Matter power spectrum P(k) at redshift z=0
# for k=1.04502e-06 to 8.69125 h/Mpc,
# number of wavenumbers equal to 576
#    1:k (h/Mpc)              2:P (Mpc/h)^3        
       1.045022383693e-06       5.245247454149e+00 
       1.391466340710e-05       6.379091867352e+01 
       2.680437078313e-05       1.200937548653e+02 
       3.974869888398e-05       1.756464104278e+02 
       5.278255082964e-05       2.309313040159e+02 
       6.594148909025e-05       2.862535471507e+02 
       7.926205301602e-05       3.418533152034e+02 
       9.278208760943e-05       3.979417774747e+02 
       1.065410878740e-04       4.547168932866e+02 
       1.205805631096e-04       5.123719331883e+02 
       1.349444255538e-04       5.711008637251e+02 
       1.496794077605e-04       6.311022278316e+02 
       1.648355130230e-04       6.925822611319e+02 
       1.804665029249e-04       7.557576163816e+02 
       1.966304256655e-04       8.208578978808e+02 
       2.133901880506e-04       8.881281200651e+02 
       2.308141728175e-04       9.578311538765e+02 
       2.489769011066e-04       1.030250190834e+03 
       2.679597371510e-04       1.105691227406e+03 
       2.878516283567e-04       1.184485546489e+03 
       3.087498685346e-04       1.266992143997e+03 
       3.307608647413e-04       1.353600015118e+03 
       3.540008785729e-04       1.444730173534e+03 
       3.785967004944e-04       1.540837228641e+03 
       4.046862006658e-04       1.642410286635e+03 
       4.324186818825e-04       1.749972878083e+03 
       4.619549404101e-04       1.864081543979e+03 
       4.934669202896e-04       1.985322650736e+03 
       5.271368290768e-04       2.114306954515e+03 
       5.631555725306e-04       2.251661427059e+03 
       6.017203688100e-04       2.398017899566e+03 
       6.430314269650e-04       2.553998218271e+03 
       6.872876276871e-04       2.720195850682e+03 
       7.346812319631e-04       2.897154250821e+03 
       7.853917652825e-04       3.085342780788e+03 
       8.395793718149e-04       3.285131536374e+03 
       8.973780829796e-04       3.496766953304e+03 
       9.588895656125e-04       3.720350467024e+03 
       1.024177969329e-03       3.955822602625e+03 
       1.093266450217e-03       4.202954597993e+03 
       1.166135798064e-03       4.461348984979e+03 
       1.242725355125e-03       4.730449529513e+03 
       1.322936131892e-03       5.009559741717e+03 
       1.406635760109e-03       5.297843763153e+03 
       1.493664731403e-03       5.594411138983e+03 
       1.583843284267e-03       5.898323203111e+03 
       1.676978325314e-03       6.208601128791e+03 
       1.772869878337e-03       6.524266348606e+03 
       1.871316708543e-03       6.844362416254e+03 
       1.972120931038e-03       7.167972218569e+03 
       2.075091553566e-03       7.494230575499e+03 
       2.180047008424e-03       7.822332522779e+03 
       2.286816794312e-03       8.151537867549e+03 
       2.395242380351e-03       8.481172599248e+03 
       2.505177530243e-03       8.810627996592e+03 
       2.616488193650e-03       9.139358162503e+03 
       2.729052092025e-03       9.466876462508e+03 
       2.842758102999e-03       9.792751458164e+03 
       2.957505524736e-03       1.011660240538e+04 
       3.073203281328e-03       1.043809474767e+04 
       3.189769113247e-03       1.075693557911e+04 
       3.307128783218e-03       1.107286939983e+04 
       3.425215317350e-03       1.138567428323e+04 
       3.543968293483e-03       1.169515826199e+04 
       3.663333183040e-03       1.200115615044e+04 
       3.783260748681e-03       1.230352655543e+04 
       3.903706497352e-03       1.260214927435e+04 
       4.024630186590e-03       1.289692296751e+04 
       4.145995380908e-03       1.318776309398e+04 
       4.267769054499e-03       1.347459999980e+04 
       4.389921236303e-03       1.375737725867e+04 
       4.512424693453e-03       1.403605004831e+04 
       4.635254649280e-03       1.431058384929e+04 
       4.758388532257e-03       1.458095340839e+04 
       4.881805752565e-03       1.484714133956e+04 
       5.005487503230e-03       1.510913718639e+04 
       5.129416583072e-03       1.536693639298e+04 
       5.253577239010e-03       1.562054005690e+04 
       5.377955025496e-03       1.586995142932e+04 
       5.502536679144e-03       1.611518287744e+04 
       5.627310006781e-03       1.635624795589e+04 
       5.752263785404e-03       1.659316368529e+04 
       5.877387672679e-03       1.682595000415e+04 
       6.002672126775e-03       1.705462955411e+04 
       6.128108334477e-03       1.727922704984e+04 
       6.253688146659e-03       1.749976940537e+04 
       6.379404020271e-03       1.771628532832e+04 
       6.505248966145e-03       1.792880489228e+04 
       6.631216501955e-03       1.813735960295e+04 
       6.757300609780e-03       1.834198193576e+04 
       6.883495697780e-03       1.854270530030e+04 
       7.009796565526e-03       1.873956403376e+04 
       7.136198372611e-03       1.893259261032e+04 
       7.262696610198e-03       1.912182633335e+04 
       7.389287075188e-03       1.930730111432e+04 
       7.515965846749e-03       1.948905255166e+04 
       7.642729264963e-03       1.966711700085e+04 
       7.769573911376e-03       1.984153118952e+04 
       7.896496591266e-03       2.001233139446e+04 
       8.023494317456e-03       2.017955449170e+04 
       8.150564295515e-03       2.034323763006e+04 
       8.277703910231e-03       2.050341733400e+04 
       8.404910713222e-03       2.066013072445e+04 
       8.532182411570e-03       2.081341472129e+04 
       8.659516857408e-03       2.096330569404e+04 
       8.786912038343e-03       2.110984037932e+04 
       8.914366068665e-03       2.125305547664e+04 
       9.041877181247e-03       2.139298665106e+04 
       9.169443720092e-03       2.152967007890e+04 
       9.297064133467e-03       2.166314143213e+04 
       9.424736967565e-03       2.179343596524e+04 
       9.552460860655e-03       2.192058849871e+04 
       9.680234537679e-03       2.204463413976e+04 
       9.808056805260e-03       2.216560773585e+04 
       9.935926547075e-03       2.228354332515e+04 
       1.006384271958e-02       2.239847483648e+04 
       1.019180434807e-02       2.251043634176e+04 
       1.031981052294e-02       2.261946193278e+04 
       1.044786039638e-02       2.272558459703e+04 
       1.057595317911e-02       2.282883723136e+04 
       1.070408813755e-02       2.292925316861e+04 
       1.083226459100e-02       2.302686496152e+04 
       1.096048190917e-02       2.312170470318e+04 
       1.108873950982e-02       2.321380393077e+04 
       1.121703685656e-02       2.330319470352e+04 
       1.134537345682e-02       2.338990791577e+04 
       1.147374885998e-02       2.347397458264e+04 
       1.160216265558e-02       2.355542486704e+04 
       1.173061447169e-02       2.363428939131e+04 
       1.185910397344e-02       2.371059792687e+04 
       1.198763086151e-02       2.378438008735e+04 
       1.211619487092e-02       2.385566606483e+04 
       1.224479576970e-02       2.392448504499e+04 
       1.237343335786e-02       2.399086639017e+04 
       1.250210746624e-02       2.405483921304e+04 
       1.263081795560e-02       2.411643250183e+04 
       1.275956471564e-02       2.417567528899e+04 
       1.288834766423e-02       2.423259608566e+04 
       1.301716674657e-02       2.428722319176e+04 
       1.314602193451e-02       2.433958396575e+04 
       1.327491322583e-02       2.438970472042e+04 
       1.340384064368e-02       2.443761171962e+04 
       1.353280423598e-02       2.448333114453e+04 
       1.366180407489e-02       2.452688986913e+04 
       1.379084025637e-02       2.456831452681e+04 
       1.391991289969e-02       2.460763144046e+04 
       1.404902214709e-02       2.464486687202e+04 
       1.417816816338e-02       2.468004663149e+04 
       1.430735113562e-02       2.471319633800e+04 
       1.443657127284e-02       2.474434134665e+04 
       1.456582880578e-02       2.477350682937e+04 
       1.469512398665e-02       2.480071766433e+04 
       1.482445708893e-02       2.482599864902e+04 
       1.495382840721e-02       2.484937425611e+04 
       1.508323825703e-02       2.487086879642e+04 
       1.521268697479e-02       2.489050650296e+04 
       1.534217491760e-02       2.490831117054e+04 
       1.547170246327e-02       2.492430669245e+04 
       1.560127001023e-02       2.493851657942e+04 
       1.573087797748e-02       2.495096414408e+04 
       1.586052680465e-02       2.496167270768e+04 
       1.599021695197e-02       2.497066520126e+04 
       1.611994890029e-02       2.497796450562e+04 
       1.624972315120e-02       2.498359327539e+04 
       1.637954022705e-02       2.498757403694e+04 
       1.650940067106e-02       2.498992901934e+04 
       1.663930504746e-02       2.499068051932e+04 
       1.676925394156e-02       2.498985030130e+04 
       1.689924795998e-02       2.498746041023e+04 
       1.702928773075e-02       2.498353237905e+04 
       1.715937390351e-02       2.497808770446e+04 
       1.728950714974e-02       2.497114779089e+04 
       1.741968816295e-02       2.496273357093e+04 
       1.754991765892e-02       2.495286631810e+04 
       1.768019637596e-02       2.494156678721e+04 
       1.781052507516e-02       2.492885559378e+04 
       1.794090454071e-02       2.491475330411e+04 
       1.807133558015e-02       2.489928041759e+04 
       1.820181902474e-02       2.488245685532e+04 
       1.833235572976e-02       2.486430301809e+04 
       1.846294657489e-02       2.484483865727e+04 
       1.859359246455e-02       2.482408360279e+04 
       1.872429432829e-02       2.480205733183e+04 
       1.885505312121e-02       2.477877953713e+04 
       1.898586982438e-02       2.475426929544e+04 
       1.911674544525e-02       2.472854596485e+04 
       1.924768101813e-02       2.470162850593e+04 
       1.937867760464e-02       2.467353587520e+04 
       1.950973629423e-02       2.464428655875e+04 
       1.964085820467e-02       2.461389941108e+04 
       1.977204448257e-02       2.458239282735e+04 
       1.990329630396e-02       2.454978483794e+04 
       2.003461487481e-02       2.451609398479e+04 
       2.016600143165e-02       2.448133803240e+04 
       2.029745724217e-02       2.444553493872e+04 
       2.042898360582e-02       2.440870227753e+04 
       2.056058185451e-02       2.437085787521e+04 
       2.069225335322e-02       2.433201890383e+04 
       2.082399950073e-02       2.429220275952e+04 
       2.095582173033e-02       2.425142670636e+04 
       2.108772151054e-02       2.420970764499e+04 
       2.121970034587e-02       2.416706235027e+04 
       2.135175977765e-02       2.412350763495e+04 
       2.148390138475e-02       2.407906016706e+04 
       2.161612678452e-02       2.403373616488e+04 
       2.174843763356e-02       2.398755205737e+04 
       2.188083562869e-02       2.394052405554e+04 
       2.201332250778e-02       2.389266810845e+04 
       2.214590005078e-02       2.384400000090e+04 
       2.227857008063e-02       2.379453551960e+04 
       2.241133446432e-02       2.374429036553e+04 
       2.254419511386e-02       2.369327970716e+04 
       2.267715398743e-02       2.364151910490e+04 
       2.281021309041e-02       2.358902365634e+04 
       2.294337447656e-02       2.353580827100e+04 
       2.307664024918e-02       2.348188788746e+04 
       2.321001256232e-02       2.342727738612e+04 
       2.334349362203e-02       2.337199092508e+04 
       2.347708568765e-02       2.331604340478e+04 
       2.361079107313e-02       2.325944896489e+04 
       2.374461214840e-02       2.320222175802e+04 
       2.387855134079e-02       2.314437580234e+04 
       2.401261113648e-02       2.308592479866e+04 
       2.414679408203e-02       2.302688281472e+04 
       2.428110278589e-02       2.296726333458e+04 
       2.441553992004e-02       2.290707938169e+04 
       2.455010822163e-02       2.284634488402e+04 
       2.468481049470e-02       2.278507260993e+04 
       2.481964961193e-02       2.272327578444e+04 
       2.495462851647e-02       2.266096700539e+04 
       2.508975022382e-02       2.259815917870e+04 
       2.522501782380e-02       2.253486496443e+04 
       2.536043448251e-02       2.247109656959e+04 
       2.549600344445e-02       2.240686636388e+04 
       2.563172803467e-02       2.234218663181e+04 
       2.576761166094e-02       2.227706920611e+04 
       2.590365781611e-02       2.221152611718e+04 
       2.603987008045e-02       2.214556871623e+04 
       2.617625212408e-02       2.207920891224e+04 
       2.631280770959e-02       2.201245809705e+04 
       2.644954069458e-02       2.194532723462e+04 
       2.658645503443e-02       2.187782777666e+04 
       2.672355478514e-02       2.180997062338e+04 
       2.686084410618e-02       2.174176656597e+04 
       2.699832726357e-02       2.167322635750e+04 
       2.713600863298e-02       2.160436030107e+04 
       2.727389270301e-02       2.153517909980e+04 
       2.741198407850e-02       2.146569276782e+04 
       2.755028748407e-02       2.139591156684e+04 
       2.768880776769e-02       2.132584536062e+04 
       2.782754990446e-02       2.125550398214e+04 
       2.796651900050e-02       2.118489718907e+04 
       2.810572029696e-02       2.111403411247e+04 
       2.824515917427e-02       2.104292462287e+04 
       2.838484115640e-02       2.097157762259e+04 
       2.852477191549e-02       2.090000233534e+04 
       2.866495727644e-02       2.082820744260e+04 
       2.880540322190e-02       2.075620197530e+04 
       2.894611589724e-02       2.068399452796e+04 
       2.908710161591e-02       2.061159346769e+04 
       2.922836686486e-02       2.053900692193e+04 
       2.936991831031e-02       2.046624354160e+04 
       2.951176280368e-02       2.039331117769e+04 
       2.965390738773e-02       2.032021753109e+04 
       2.979635930308e-02       2.024697058996e+04 
       2.993912599487e-02       2.017357768321e+04 
       3.008221511981e-02       2.010004632827e+04 
       3.022563455340e-02       2.002638392835e+04 
       3.036939239764e-02       1.995259763412e+04 
       3.051349698889e-02       1.987869414068e+04 
       3.065795690618e-02       1.980468048373e+04 
       3.080278097989e-02       1.973056349891e+04 
       3.094797830077e-02       1.965634943543e+04 
       3.109355822934e-02       1.958204490123e+04 
       3.123953040585e-02       1.950765593686e+04 
       3.138590476050e-02       1.943318864813e+04 
       3.153269152433e-02       1.935864911303e+04 
       3.167990124043e-02       1.928404307365e+04 
       3.182754477586e-02       1.920937584842e+04 
       3.197563333396e-02       1.913465324771e+04 
       3.212417846737e-02       1.905988058462e+04 
       3.227319209165e-02       1.898506278671e+04 
       3.242268649954e-02       1.891020509182e+04 
       3.257267437593e-02       1.883531211347e+04 
       3.272316881359e-02       1.876038869519e+04 
       3.287418332970e-02       1.868543934085e+04 
       3.302573188316e-02       1.861046843449e+04 
       3.317782889288e-02       1.853548013633e+04 
       3.333048925693e-02       1.846047865298e+04 
       3.348372837273e-02       1.838546780440e+04 
       3.363756215833e-02       1.831045103049e+04 
       3.379200707478e-02       1.823543230715e+04 
       3.394708014973e-02       1.816041501224e+04 
       3.410279900236e-02       1.808540225097e+04 
       3.425918186957e-02       1.801039704861e+04 
       3.441624763380e-02       1.793540252617e+04 
       3.457401585223e-02       1.786042116097e+04 
       3.473250678780e-02       1.778545564568e+04 
       3.489174144196e-02       1.771050850012e+04 
       3.505174158931e-02       1.763558184664e+04 
       3.521252981430e-02       1.756067744213e+04 
       3.537412955014e-02       1.748579763344e+04 
       3.553656512006e-02       1.741094385193e+04 
       3.569986178102e-02       1.733611762634e+04 
       3.586404577027e-02       1.726132031859e+04 
       3.602914435466e-02       1.718655282776e+04 
       3.619518588320e-02       1.711181630348e+04 
       3.636219984290e-02       1.703711149300e+04 
       3.653021691835e-02       1.696243879189e+04 
       3.669926905509e-02       1.688779849463e+04 
       3.686938952733e-02       1.681319090857e+04 
       3.704061301013e-02       1.673861580151e+04 
       3.721297565660e-02       1.666407290376e+04 
       3.738651518044e-02       1.658956168412e+04 
       3.756127094423e-02       1.651508126004e+04 
       3.773728405409e-02       1.644063076686e+04 
       3.791459746109e-02       1.636620890857e+04 
       3.809325607017e-02       1.629181421727e+04 
       3.827330685708e-02       1.621744495157e+04 
       3.845479899419e-02       1.614309904059e+04 
       3.863778398591e-02       1.606877429230e+04 
       3.882231581456e-02       1.599446813278e+04 
       3.900845109781e-02       1.592017758753e+04 
       3.919624925865e-02       1.584589960691e+04 
       3.938577270920e-02       1.577163077733e+04 
       3.957708704965e-02       1.569736718243e+04 
       3.977026128389e-02       1.562310477715e+04 
       3.996536805346e-02       1.554883902290e+04 
       4.016248389181e-02       1.547456504333e+04 
       4.036168950082e-02       1.540027761801e+04 
       4.056307005215e-02       1.532597106947e+04 
       4.076671551597e-02       1.525163933555e+04 
       4.097272102010e-02       1.517727585570e+04 
       4.118118724296e-02       1.510287362387e+04 
       4.139222084426e-02       1.502842512769e+04 
       4.160593493768e-02       1.495392230563e+04 
       4.182244961058e-02       1.487935653387e+04 
       4.204189249631e-02       1.480471861038e+04 
       4.226439940570e-02       1.472999867555e+04 
       4.249011502493e-02       1.465518619360e+04 
       4.271919368839e-02       1.458026989077e+04 
       4.295180023609e-02       1.450523770763e+04 
       4.318811096700e-02       1.443007676646e+04 
       4.342831470110e-02       1.435477325364e+04 
       4.367261396517e-02       1.427931237283e+04 
       4.392122631978e-02       1.420367829570e+04 
       4.417438584772e-02       1.412785401673e+04 
       4.443234482765e-02       1.405182127466e+04 
       4.469537562061e-02       1.397556043660e+04 
       4.496377280233e-02       1.389905037798e+04 
       4.523785557967e-02       1.382226830857e+04 
       4.551797053715e-02       1.374518959845e+04 
       4.580449476755e-02       1.366778764510e+04 
       4.609783945161e-02       1.359003355019e+04 
       4.639845396423e-02       1.351189594377e+04 
       4.670683060032e-02       1.343334062942e+04 
       4.702351003270e-02       1.335433027741e+04 
       4.734908763840e-02       1.327482395698e+04 
       4.768422085888e-02       1.319477672234e+04 
       4.802963779671e-02       1.311413895660e+04 
       4.838614729725e-02       1.303285574206e+04 
       4.875465082144e-02       1.295086600023e+04 
       4.913615648884e-02       1.286810150677e+04 
       4.953179576216e-02       1.278448564319e+04 
       4.994284336155e-02       1.269993191006e+04 
       5.037074114570e-02       1.261434204950e+04 
       5.081712688698e-02       1.252760370578e+04 
       5.128386910911e-02       1.243958746547e+04 
       5.177310946433e-02       1.235014310280e+04 
       5.228731451587e-02       1.225909467315e+04 
       5.282933927967e-02       1.216623425476e+04 
       5.340250547913e-02       1.207131355410e+04 
       5.401069818054e-02       1.197403280914e+04 
       5.465848527623e-02       1.187402586973e+04 
       5.535126506878e-02       1.177083989248e+04 
       5.609544773837e-02       1.166390736550e+04 
       5.689867620518e-02       1.155250750134e+04 
       5.777008971536e-02       1.143571240756e+04 
       5.872062720588e-02       1.131231203160e+04 
       5.976335311583e-02       1.118071047119e+04 
       6.091375893073e-02       1.103878520769e+04 
       6.218993910644e-02       1.088370452466e+04 
       6.361244908312e-02       1.071171144767e+04 
       6.520352676940e-02       1.051791767406e+04 
       6.698524496492e-02       1.029622379025e+04 
       6.897621553907e-02       1.003959381948e+04 
       7.118696835671e-02       9.741004186692e+03 
       7.361525457215e-02       9.395280193843e+03 
       7.624371719140e-02       9.001528015065e+03 
       7.904209884863e-02       8.565136297362e+03 
       8.197359494639e-02       8.098114465567e+03 
       8.500216879230e-02       7.617368076834e+03 
       8.809756253344e-02       7.141693634201e+03 
       9.123701732774e-02       6.688722131457e+03 
       9.440467279763e-02       6.272658697241e+03 
       9.759002573104e-02       5.903075141798e+03 
       1.007863465943e-01       5.584628395717e+03 
       1.039894128210e-01       5.317430435579e+03 
       1.071966090529e-01       5.097791041500e+03 
       1.104063282232e-01       4.919120484959e+03 
       1.136175875452e-01       4.772866185635e+03 
       1.168297876776e-01       4.649432494215e+03 
       1.200425636667e-01       4.539072584466e+03 
       1.232556934190e-01       4.432739857897e+03 
       1.264690417698e-01       4.322856541022e+03 
       1.296825263999e-01       4.203923734967e+03 
       1.328960971033e-01       4.072887338459e+03 
       1.361097231879e-01       3.929199492244e+03 
       1.393233858227e-01       3.774569951460e+03 
       1.425370733914e-01       3.612463142469e+03 
       1.457507786708e-01       3.447441562373e+03 
       1.489644971173e-01       3.284470292766e+03 
       1.521782258261e-01       3.128283871212e+03 
       1.553919628981e-01       2.982884363146e+03 
       1.586057070552e-01       2.851205269156e+03 
       1.618194574056e-01       2.734944209815e+03 
       1.650332133006e-01       2.634546126701e+03 
       1.682469742470e-01       2.549306594130e+03 
       1.714607398533e-01       2.477560928077e+03 
       1.746745097960e-01       2.416927542603e+03 
       1.778882837991e-01       2.364579249098e+03 
       1.811020616210e-01       2.317521515116e+03 
       1.843158430458e-01       2.273191982513e+03 
       1.875296278779e-01       2.228988389381e+03 
       1.907434159384e-01       2.182514161627e+03 
       1.939572070623e-01       2.132336277715e+03 
       1.971710010966e-01       2.077805081989e+03 
       2.003847978989e-01       2.019064245890e+03 
       2.035985973365e-01       1.956947658965e+03 
       2.068123992850e-01       1.892780608363e+03 
       2.100262036281e-01       1.828132916141e+03 
       2.132400102566e-01       1.764582263410e+03 
       2.164538190677e-01       1.703533327045e+03 
       2.196676299650e-01       1.646110132732e+03 
       2.228814428575e-01       1.593111707276e+03 
       2.260952576595e-01       1.545006190664e+03 
       2.293090742901e-01       1.501939996773e+03 
       2.325228926731e-01       1.463751375854e+03 
       2.357367127362e-01       1.429992056162e+03 
       2.389505344112e-01       1.399968114521e+03 
       2.421643576335e-01       1.372808439735e+03 
       2.453781823418e-01       1.347558616200e+03 
       2.485920084783e-01       1.323286110353e+03 
       2.518058359879e-01       1.299176065776e+03 
       2.550196648183e-01       1.274599359309e+03 
       2.582334949198e-01       1.249144701934e+03 
       2.614473262455e-01       1.222618518541e+03 
       2.646611587503e-01       1.195024432584e+03 
       2.678749923916e-01       1.166534336375e+03 
       2.710888271288e-01       1.137457136715e+03 
       2.743026629230e-01       1.108204144326e+03 
       2.775164997374e-01       1.079246780677e+03 
       2.807303375368e-01       1.051064928918e+03 
       2.839441762874e-01       1.024090570767e+03 
       2.871580159571e-01       9.986571710218e+02 
       2.903718565154e-01       9.749661588498e+02 
       2.935856979328e-01       9.530776163258e+02 
       2.967995401813e-01       9.329244205812e+02 
       3.000133832340e-01       9.143419811637e+02 
       3.032272270653e-01       8.971025796136e+02 
       3.064410716505e-01       8.809451258470e+02 
       3.096549169660e-01       8.655966620129e+02 
       3.128687629891e-01       8.507875602246e+02 
       3.160826096983e-01       8.362653452950e+02 
       3.192964570726e-01       8.218109473053e+02 
       3.225103050922e-01       8.072570726667e+02 
       3.257241537377e-01       7.925042701949e+02 
       3.289380029908e-01       7.775285045561e+02 
       3.321518528338e-01       7.623763364548e+02 
       3.353657032495e-01       7.471482227395e+02 
       3.385795542217e-01       7.319752730261e+02 
       3.417934057345e-01       7.169964484227e+02 
       3.450072577728e-01       7.023418729185e+02 
       3.482211103219e-01       6.881239172305e+02 
       3.514349633678e-01       6.744338133381e+02 
       3.546488168969e-01       6.613398447059e+02 
       3.578626708962e-01       6.488840501027e+02 
       3.610765253530e-01       6.370773326536e+02 
       3.642903802551e-01       6.258955529848e+02 
       3.675042355908e-01       6.152801152070e+02 
       3.707180913489e-01       6.051451536974e+02 
       3.739319475183e-01       5.953904706504e+02 
       3.771458040885e-01       5.859166379718e+02 
       3.803596610493e-01       5.766376846179e+02 
       3.835735183909e-01       5.674880804993e+02 
       3.867873761036e-01       5.584234525267e+02 
       3.900012341784e-01       5.494172138160e+02 
       3.932150926062e-01       5.404564786691e+02 
       3.964289513785e-01       5.315398306834e+02 
       3.996428104870e-01       5.226773833601e+02 
       4.028566699234e-01       5.138915028689e+02 
       4.060705296801e-01       5.052157938603e+02 
       4.092843897494e-01       4.966908877902e+02 
       4.124982501241e-01       4.883575183784e+02 
       4.157121107969e-01       4.802491413471e+02 
       4.189259717611e-01       4.723868442092e+02 
       4.221398330099e-01       4.647782484277e+02 
       4.253536945369e-01       4.574201652280e+02 
       4.285675563357e-01       4.503030466015e+02 
       4.317814184003e-01       4.434147244624e+02 
       4.349952807248e-01       4.367417711229e+02 
       4.382091433035e-01       4.302685184882e+02 
       4.414230061307e-01       4.239752562041e+02 
       4.446368692010e-01       4.178376081572e+02 
       4.478507325093e-01       4.118283109908e+02 
       4.510645960503e-01       4.059211088448e+02 
       4.542784598192e-01       4.000951571457e+02 
       4.574923238111e-01       3.943379622978e+02 
       4.607061880214e-01       3.886455944155e+02 
       4.639200524454e-01       3.830204739714e+02 
       4.671339170788e-01       3.774680066563e+02 
       4.703477819172e-01       3.719939554167e+02 
       4.735616469565e-01       3.666036105962e+02 
       4.767755121926e-01       3.613026387001e+02 
       4.799893776215e-01       3.560984275002e+02 
       4.832032432394e-01       3.510004936829e+02 
       4.864171090424e-01       3.460191629374e+02 
       4.896309750270e-01       3.411628710359e+02 
       4.928448411896e-01       3.364353629336e+02 
       4.960587075267e-01       3.318341743769e+02 
       4.992725740349e-01       3.273512435644e+02 
       5.024864407110e-01       3.229752877989e+02 
       5.057003075517e-01       3.186947715715e+02 
       5.089141745538e-01       3.145000783384e+02 
       5.121280417145e-01       3.103840733454e+02 
       5.153419090306e-01       3.063412174848e+02 
       5.185557764992e-01       3.023661881985e+02 
       5.217696441176e-01       2.984531231683e+02 
       5.249835118830e-01       2.945960966601e+02 
       5.281973797927e-01       2.907905790749e+02 
       5.314112478441e-01       2.870349598364e+02 
       5.346251160346e-01       2.833311372292e+02 
       5.378389843616e-01       2.796836755090e+02 
       5.410528528229e-01       2.760978741783e+02 
       5.442667214159e-01       2.725776882363e+02 
       5.474805901383e-01       2.691245131643e+02 
       5.506944589880e-01       2.657373323319e+02 
       5.539083279626e-01       2.624139650534e+02 
       5.571221970600e-01       2.591525712137e+02 
       5.603360662781e-01       2.559525012948e+02 
       5.635499356147e-01       2.528140417843e+02 
       5.667638050680e-01       2.497372947957e+02 
       5.699776746358e-01       2.467209470474e+02 
       5.731915443163e-01       2.437617241725e+02 
       5.764054141076e-01       2.408549028141e+02 
       5.796192840079e-01       2.379956126739e+02 
       5.828331540152e-01       2.351802074513e+02 
       5.860470241279e-01       2.324069616589e+02 
       5.892608943442e-01       2.296757602994e+02 
       5.924747646625e-01       2.269870378219e+02 
       5.956886350810e-01       2.243406370893e+02 
       5.989025055983e-01       2.217352664096e+02 
       6.021163762125e-01       2.191688417020e+02 
       6.053302469224e-01       2.166394614635e+02 
       6.085441177262e-01       2.141463876486e+02 
       6.117579886225e-01       2.116904137746e+02 
       6.149718596100e-01       2.092733790190e+02 
       6.181857306870e-01       2.068970905231e+02 
       6.213996018524e-01       2.045622581390e+02 
       6.246134731046e-01       2.022680258601e+02 
       6.278273444423e-01       2.000123222965e+02 
       6.640284555515e-01       1.769002079468e+02 
       7.073954879355e-01       1.538148263270e+02 
       7.617783030179e-01       1.304328349360e+02 
       8.345942479539e-01       1.062441360361e+02 
       9.412660018695e-01       8.083812910853e+01 
       1.112221890438e+00       5.503492226605e+01 
       1.378626891961e+00       3.327622423080e+01 
       1.734148711863e+00       1.925490066978e+01 
       2.183143612892e+00       1.102076716256e+01 
       2.748414918791e+00       6.256855827481e+00 
       3.460049383401e+00       3.526256398203e+00 
       4.355944094827e+00       1.974132000139e+00 
       5.483808713332e+00       1.098496916443e+00 
       6.903706142632e+00       6.078686229711e-01 
       8.691251098519e+00       3.346617784226e-01 
