# Matter power spectrum P(k) at redshift z=0
# for k=1.04501e-06 to 8.69125 h/Mpc,
# number of wavenumbers equal to 576
#    1:k (h/Mpc)              2:P (Mpc/h)^3        
       1.045005889480e-06       5.245476976861e+00 
       1.391464690927e-05       6.379460872660e+01 
       2.680435423748e-05       1.201007676766e+02 
       3.974868224608e-05       1.756567008595e+02 
       5.278253405440e-05       2.309448557743e+02 
       6.594147213154e-05       2.862703620546e+02 
       7.926203582625e-05       3.418734092802e+02 
       9.278207013913e-05       3.979651792197e+02 
       1.065410700713e-04       4.547436428683e+02 
       1.205805449199e-04       5.124020821615e+02 
       1.349444069191e-04       5.711344750643e+02 
       1.496793886189e-04       6.311393761940e+02 
       1.648354933082e-04       6.926230333045e+02 
       1.804664825653e-04       7.558021118890e+02 
       1.966304045838e-04       8.209062297423e+02 
       2.133901661627e-04       8.881804156957e+02 
       2.308141500321e-04       9.578875561321e+02 
       2.489768773239e-04       1.030310859200e+03 
       2.679597122621e-04       1.105756339335e+03 
       2.878516022423e-04       1.184555298882e+03 
       3.087498410644e-04       1.267066754823e+03 
       3.307608357728e-04       1.353679725177e+03 
       3.540008479505e-04       1.444815248335e+03 
       3.785966680487e-04       1.540927960373e+03 
       4.046861662127e-04       1.642506996198e+03 
       4.324186452233e-04       1.750075917112e+03 
       4.619549013316e-04       1.864191296796e+03 
       4.934668785644e-04       1.985439536121e+03 
       5.271367844656e-04       2.114431427163e+03 
       5.631555247840e-04       2.251793978571e+03 
       6.017203176727e-04       2.398159058781e+03 
       6.430313721801e-04       2.554148550736e+03 
       6.872875690028e-04       2.720355957046e+03 
       7.346811691398e-04       2.897324763956e+03 
       7.853916981011e-04       3.085524361485e+03 
       8.395793000855e-04       3.285324867534e+03 
       8.973780065499e-04       3.496972732661e+03 
       9.588894843753e-04       3.720569398573e+03 
       1.024177883228e-03       3.956055387084e+03 
       1.093266359249e-03       4.203201922763e+03 
       1.166135702281e-03       4.461611514148e+03 
       1.242725254631e-03       4.730727894486e+03 
       1.322936026835e-03       5.009854532981e+03 
       1.406635650679e-03       5.298155522165e+03 
       1.493664617818e-03       5.594740354840e+03 
       1.583843166767e-03       5.898670309831e+03 
       1.676978204153e-03       6.208966502820e+03 
       1.772869753773e-03       6.524650308726e+03 
       1.871316580832e-03       6.844765224797e+03 
       1.972120800430e-03       7.168394083712e+03 
       2.075091420300e-03       7.494671654352e+03 
       2.180046872726e-03       7.822792924977e+03 
       2.286816656394e-03       8.152017659085e+03 
       2.395242240407e-03       8.481671806350e+03 
       2.505177388453e-03       8.811146609532e+03 
       2.616488050179e-03       9.139896139293e+03 
       2.729051947021e-03       9.467433732403e+03 
       2.842757956598e-03       9.793327924947e+03 
       2.957505377060e-03       1.011719795036e+04 
       3.073203132489e-03       1.043870923240e+04 
       3.189768963345e-03       1.075756884782e+04 
       3.307128632343e-03       1.107352128165e+04 
       3.425215165584e-03       1.138634459416e+04 
       3.543968140899e-03       1.169584680670e+04 
       3.663333029704e-03       1.200186272386e+04 
       3.783260594654e-03       1.230425094414e+04 
       3.903706342687e-03       1.260289125775e+04 
       4.024630031337e-03       1.289768231899e+04 
       4.145995225111e-03       1.318853958197e+04 
       4.267768898198e-03       1.347539338856e+04 
       4.389921079535e-03       1.375818730914e+04 
       4.512424536252e-03       1.403687651878e+04 
       4.635254491675e-03       1.431142649599e+04 
       4.758388374275e-03       1.458181198612e+04 
       4.881805594233e-03       1.484801560192e+04 
       5.005487344570e-03       1.511002688646e+04 
       5.129416424106e-03       1.536784128365e+04 
       5.253577079756e-03       1.556524224340e+04 
       5.377954865974e-03       1.581243457258e+04 
       5.502536519368e-03       1.605541918463e+04 
       5.627309846766e-03       1.629421073597e+04 
       5.752263625165e-03       1.652882733102e+04 
       5.877387512229e-03       1.675928997478e+04 
       6.002671966125e-03       1.698562235748e+04 
       6.128108173638e-03       1.720785022593e+04 
       6.253687985640e-03       1.742600150833e+04 
       6.379403859083e-03       1.764010590918e+04 
       6.505248804796e-03       1.785019448277e+04 
       6.631216340452e-03       1.805629969832e+04 
       6.757300448132e-03       1.825845497910e+04 
       6.883495535993e-03       1.845669466655e+04 
       7.009796403606e-03       1.865105401331e+04 
       7.136198210565e-03       1.884156839600e+04 
       7.262696448032e-03       1.902827400388e+04 
       7.389286912906e-03       1.921120761850e+04 
       7.515965684356e-03       1.939040569706e+04 
       7.642729102463e-03       1.956590543688e+04 
       7.769573748774e-03       1.973774439223e+04 
       7.896496428567e-03       1.990595965572e+04 
       8.023494154662e-03       2.007058890262e+04 
       8.150564132630e-03       2.023167006598e+04 
       8.277703747259e-03       2.038924044460e+04 
       8.404910550165e-03       2.054333791680e+04 
       8.532182248431e-03       2.069400014750e+04 
       8.659516694190e-03       2.084126424106e+04 
       8.786911875049e-03       2.098516765328e+04 
       8.914365905297e-03       2.112574778958e+04 
       9.041877017806e-03       2.126304101399e+04 
       9.169443556581e-03       2.139708418528e+04 
       9.297063969888e-03       2.152791364785e+04 
       9.424736803920e-03       2.165556531818e+04 
       9.552460696945e-03       2.178007466853e+04 
       9.680234373907e-03       2.190147744310e+04 
       9.808056641425e-03       2.201980911501e+04 
       9.935926383180e-03       2.213510434082e+04 
       1.006384255563e-02       2.224739765582e+04 
       1.019180418405e-02       2.235672372473e+04 
       1.031981035887e-02       2.246311721925e+04 
       1.044786023225e-02       2.256661170217e+04 
       1.057595301494e-02       2.266724063399e+04 
       1.070408797332e-02       2.276503789557e+04 
       1.083226442671e-02       2.286003658112e+04 
       1.096048174483e-02       2.295226931656e+04 
       1.108873934543e-02       2.304176816410e+04 
       1.121703669212e-02       2.312856569212e+04 
       1.134537329234e-02       2.321269330124e+04 
       1.147374869544e-02       2.329418250031e+04 
       1.160216249099e-02       2.337306394118e+04 
       1.173061430706e-02       2.344936871996e+04 
       1.185910380875e-02       2.352312707739e+04 
       1.198763069678e-02       2.359436908643e+04 
       1.211619470614e-02       2.366312538241e+04 
       1.224479560488e-02       2.372942559145e+04 
       1.237343319299e-02       2.379329950372e+04 
       1.250210730133e-02       2.385477665084e+04 
       1.263081779063e-02       2.391388642997e+04 
       1.275956455063e-02       2.397065827115e+04 
       1.288834749917e-02       2.402512107675e+04 
       1.301716658147e-02       2.407730352905e+04 
       1.314602176935e-02       2.412723336678e+04 
       1.327491306063e-02       2.417493728233e+04 
       1.340384047844e-02       2.422044190957e+04 
       1.353280407069e-02       2.426377379042e+04 
       1.366180390955e-02       2.430496014298e+04 
       1.379084009098e-02       2.434402793679e+04 
       1.391991273426e-02       2.438100382378e+04 
       1.404902198161e-02       2.441591438545e+04 
       1.417816799786e-02       2.444878574585e+04 
       1.430735097005e-02       2.447964383016e+04 
       1.443657110722e-02       2.450851429244e+04 
       1.456582864012e-02       2.453542259571e+04 
       1.469512382093e-02       2.456039390264e+04 
       1.482445692316e-02       2.458345328650e+04 
       1.495382824139e-02       2.460462548964e+04 
       1.508323809117e-02       2.462393508490e+04 
       1.521268680887e-02       2.464140655884e+04 
       1.534217475164e-02       2.465706395516e+04 
       1.547170229726e-02       2.467093140590e+04 
       1.560126984416e-02       2.468303265552e+04 
       1.573087781136e-02       2.469339124358e+04 
       1.586052663848e-02       2.470203070913e+04 
       1.599021678574e-02       2.470897419648e+04 
       1.611994873401e-02       2.471424479146e+04 
       1.624972298487e-02       2.471786534750e+04 
       1.637954006066e-02       2.471985858252e+04 
       1.650940050462e-02       2.472024691195e+04 
       1.663930488096e-02       2.471905280952e+04 
       1.676925377501e-02       2.471629821435e+04 
       1.689924779337e-02       2.471200533440e+04 
       1.702928756407e-02       2.470619586327e+04 
       1.715937373677e-02       2.469889145044e+04 
       1.728950698295e-02       2.469011364601e+04 
       1.741968799609e-02       2.467988352576e+04 
       1.754991749200e-02       2.466822249417e+04 
       1.768019620898e-02       2.465515143525e+04 
       1.781052490811e-02       2.464069108748e+04 
       1.794090437359e-02       2.462486213285e+04 
       1.807133541297e-02       2.460768517935e+04 
       1.820181885749e-02       2.458918025620e+04 
       1.833235556244e-02       2.456936785853e+04 
       1.846294640750e-02       2.454826783256e+04 
       1.859359229709e-02       2.452590009453e+04 
       1.872429416076e-02       2.450228420489e+04 
       1.885505295361e-02       2.447743992938e+04 
       1.898586965670e-02       2.445138641838e+04 
       1.911674527750e-02       2.442414309255e+04 
       1.924768085029e-02       2.439572897292e+04 
       1.937867743672e-02       2.436616306934e+04 
       1.950973612624e-02       2.433546392032e+04 
       1.964085803659e-02       2.430365042074e+04 
       1.977204431442e-02       2.427074100519e+04 
       1.990329613572e-02       2.423675374158e+04 
       2.003461470649e-02       2.420170719537e+04 
       2.016600126324e-02       2.416561915837e+04 
       2.029745707366e-02       2.412850760639e+04 
       2.042898343723e-02       2.409039012966e+04 
       2.056058168582e-02       2.405128456075e+04 
       2.069225318443e-02       2.401120808054e+04 
       2.082399933185e-02       2.397017808418e+04 
       2.095582156135e-02       2.392821183015e+04 
       2.108772134146e-02       2.388532621220e+04 
       2.121970017669e-02       2.384153799378e+04 
       2.135175960836e-02       2.379686396933e+04 
       2.148390121536e-02       2.375132078434e+04 
       2.161612661502e-02       2.370492463499e+04 
       2.174843746395e-02       2.365769191886e+04 
       2.188083545896e-02       2.360963881266e+04 
       2.201332233794e-02       2.356078122906e+04 
       2.214589988082e-02       2.351113491298e+04 
       2.227856991056e-02       2.346071560525e+04 
       2.241133429412e-02       2.340953895638e+04 
       2.254419494354e-02       2.335762008680e+04 
       2.267715381698e-02       2.330497449703e+04 
       2.281021291983e-02       2.325161722621e+04 
       2.294337430584e-02       2.319756312277e+04 
       2.307664007833e-02       2.314282705813e+04 
       2.321001239133e-02       2.308742384095e+04 
       2.334349345090e-02       2.303136756357e+04 
       2.347708551638e-02       2.297467304344e+04 
       2.361079090171e-02       2.291735434407e+04 
       2.374461197683e-02       2.285942553643e+04 
       2.387855116907e-02       2.280090055399e+04 
       2.401261096460e-02       2.274179301292e+04 
       2.414679390999e-02       2.268211688515e+04 
       2.428110261369e-02       2.262188556346e+04 
       2.441553974767e-02       2.256111198276e+04 
       2.455010804910e-02       2.249980996246e+04 
       2.468481032199e-02       2.243799217681e+04 
       2.481964943904e-02       2.237567174431e+04 
       2.495462834340e-02       2.231286116211e+04 
       2.508975005057e-02       2.224957322551e+04 
       2.522501765036e-02       2.218582048350e+04 
       2.536043430887e-02       2.212161503522e+04 
       2.549600327062e-02       2.205696913523e+04 
       2.563172786063e-02       2.199189494984e+04 
       2.576761148670e-02       2.192640419709e+04 
       2.590365764166e-02       2.186050878487e+04 
       2.603986990578e-02       2.179421994958e+04 
       2.617625194920e-02       2.172754947131e+04 
       2.631280753448e-02       2.166050861796e+04 
       2.644954051924e-02       2.159310823318e+04 
       2.658645485886e-02       2.152535963552e+04 
       2.672355460932e-02       2.145727359798e+04 
       2.686084393012e-02       2.138886078258e+04 
       2.699832708726e-02       2.132013181004e+04 
       2.713600845641e-02       2.125109685558e+04 
       2.727389252618e-02       2.118176648327e+04 
       2.741198390140e-02       2.111215057722e+04 
       2.755028730669e-02       2.104225926095e+04 
       2.768880759003e-02       2.097210226375e+04 
       2.782754972652e-02       2.090168928128e+04 
       2.796651882226e-02       2.083102993178e+04 
       2.810572011843e-02       2.076013321537e+04 
       2.824515899542e-02       2.068900885421e+04 
       2.838484097724e-02       2.061766561740e+04 
       2.852477173600e-02       2.054611258608e+04 
       2.866495709663e-02       2.047435830640e+04 
       2.880540304175e-02       2.040241166409e+04 
       2.894611571675e-02       2.033028111386e+04 
       2.908710143505e-02       2.025797488442e+04 
       2.922836668364e-02       2.018550096668e+04 
       2.936991812873e-02       2.011286786169e+04 
       2.951176262171e-02       2.004008328359e+04 
       2.965390720537e-02       1.996715479663e+04 
       2.979635912033e-02       1.989409024387e+04 
       2.993912581171e-02       1.982089681969e+04 
       3.008221493623e-02       1.974758190058e+04 
       3.022563436940e-02       1.967415274859e+04 
       3.036939221320e-02       1.960061637577e+04 
       3.051349680399e-02       1.952697934556e+04 
       3.065795672082e-02       1.945324855259e+04 
       3.080278079406e-02       1.937943069326e+04 
       3.094797811445e-02       1.930553188731e+04 
       3.109355804253e-02       1.923155860363e+04 
       3.123953021853e-02       1.915751675337e+04 
       3.138590457266e-02       1.908341230952e+04 
       3.153269133595e-02       1.900925121574e+04 
       3.167990105151e-02       1.893503908489e+04 
       3.182754458637e-02       1.886078111334e+04 
       3.197563314389e-02       1.878648297698e+04 
       3.212417827671e-02       1.871214986323e+04 
       3.227319190039e-02       1.863778658056e+04 
       3.242268630765e-02       1.856339823933e+04 
       3.257267418340e-02       1.848898933748e+04 
       3.272316862040e-02       1.841456459641e+04 
       3.287418313583e-02       1.834012840374e+04 
       3.302573168860e-02       1.826568502844e+04 
       3.317782869761e-02       1.819123851925e+04 
       3.333048906093e-02       1.811679296889e+04 
       3.348372817598e-02       1.804235209078e+04 
       3.363756196080e-02       1.796791922564e+04 
       3.379200687646e-02       1.789349823699e+04 
       3.394707995060e-02       1.781909240267e+04 
       3.410279880238e-02       1.774470473306e+04 
       3.425918166874e-02       1.767033815949e+04 
       3.441624743207e-02       1.759599570596e+04 
       3.457401564959e-02       1.752167976675e+04 
       3.473250658422e-02       1.744739294583e+04 
       3.489174123742e-02       1.737313767759e+04 
       3.505174138377e-02       1.729891600762e+04 
       3.521252960774e-02       1.722472962406e+04 
       3.537412934252e-02       1.715058079086e+04 
       3.553656491135e-02       1.707647087746e+04 
       3.569986157120e-02       1.700240134829e+04 
       3.586404555929e-02       1.692837350462e+04 
       3.602914414249e-02       1.685438819586e+04 
       3.619518566980e-02       1.678044651598e+04 
       3.636219962824e-02       1.670654916632e+04 
       3.653021670238e-02       1.663269650512e+04 
       3.669926883777e-02       1.655888879238e+04 
       3.686938930862e-02       1.648512630101e+04 
       3.704061278998e-02       1.641140877801e+04 
       3.721297543497e-02       1.633773593446e+04 
       3.738651495728e-02       1.626410722710e+04 
       3.756127071949e-02       1.619052177086e+04 
       3.773728382771e-02       1.611697869918e+04 
       3.791459723301e-02       1.604347672597e+04 
       3.809325584033e-02       1.597001439889e+04 
       3.827330662543e-02       1.589659000040e+04 
       3.845479876067e-02       1.582320149343e+04 
       3.863778375044e-02       1.574984672464e+04 
       3.882231557707e-02       1.567652317047e+04 
       3.900845085823e-02       1.560322791923e+04 
       3.919624901689e-02       1.552995798848e+04 
       3.938577246519e-02       1.545671004380e+04 
       3.957708680330e-02       1.538348026388e+04 
       3.977026103511e-02       1.531026470531e+04 
       3.996536780216e-02       1.523705894743e+04 
       4.016248363788e-02       1.516385824448e+04 
       4.036168924416e-02       1.509065751986e+04 
       4.056306979265e-02       1.501745125642e+04 
       4.076671525351e-02       1.494423356756e+04 
       4.097272075455e-02       1.487099808686e+04 
       4.118118697419e-02       1.479773802023e+04 
       4.139222057213e-02       1.472444608729e+04 
       4.160593466204e-02       1.465111448033e+04 
       4.182244933127e-02       1.457773485225e+04 
       4.204189221316e-02       1.450429830194e+04 
       4.226439911853e-02       1.443079529786e+04 
       4.249011473356e-02       1.435721566103e+04 
       4.271919339260e-02       1.428354850600e+04 
       4.295179993567e-02       1.420978219566e+04 
       4.318811066172e-02       1.413590431096e+04 
       4.342831439070e-02       1.406190153812e+04 
       4.367261364939e-02       1.398775962477e+04 
       4.392122599832e-02       1.391346333420e+04 
       4.417438552028e-02       1.383899630634e+04 
       4.443234449389e-02       1.376434098404e+04 
       4.469537528017e-02       1.368947850344e+04 
       4.496377245480e-02       1.361438858060e+04 
       4.523785522465e-02       1.353904934642e+04 
       4.551797017416e-02       1.346343718204e+04 
       4.580449439609e-02       1.338752659494e+04 
       4.609783907113e-02       1.331128991112e+04 
       4.639845357413e-02       1.323469711151e+04 
       4.670683019993e-02       1.315771549569e+04 
       4.702350962131e-02       1.308030939394e+04 
       4.734908721520e-02       1.300243972492e+04 
       4.768422042298e-02       1.292406360783e+04 
       4.802963734713e-02       1.284513374244e+04 
       4.838614683290e-02       1.276559781842e+04 
       4.875465034110e-02       1.268539770547e+04 
       4.913615599114e-02       1.260446852777e+04 
       4.953179524557e-02       1.252273749011e+04 
       4.994284282432e-02       1.244012248171e+04 
       5.037074058588e-02       1.235653031247e+04 
       5.081712630232e-02       1.227185451638e+04 
       5.128386849706e-02       1.218597257264e+04 
       5.177310882194e-02       1.209874238169e+04 
       5.228731383975e-02       1.200999765861e+04 
       5.282933856588e-02       1.191954206109e+04 
       5.340250472307e-02       1.182714130785e+04 
       5.401069737683e-02       1.173251276082e+04 
       5.465848441852e-02       1.163531141547e+04 
       5.535126414954e-02       1.153511082777e+04 
       5.609544674865e-02       1.143137682314e+04 
       5.689867513429e-02       1.132343119883e+04 
       5.777008855050e-02       1.121040108166e+04 
       5.872062593174e-02       1.109114826468e+04 
       5.976335171417e-02       1.096417150654e+04 
       6.091375738005e-02       1.082747376006e+04 
       6.218993738188e-02       1.067838975720e+04 
       6.361244715701e-02       1.051338166532e+04 
       6.520352461281e-02       1.032784371093e+04 
       6.698524255091e-02       1.011602569353e+04 
       6.897621284788e-02       9.871291656742e+03 
       7.118696538218e-02       9.587018564901e+03 
       7.361525132677e-02       9.258340368626e+03 
       7.624371370668e-02       8.884464140998e+03 
       7.904209516917e-02       8.470583511419e+03 
       8.197359112027e-02       8.028208486743e+03 
       8.500216486271e-02       7.573518025134e+03 
       8.809755853441e-02       7.124475047903e+03 
       9.123701328373e-02       6.697885059299e+03 
       9.440466872519e-02       6.307223662493e+03 
       9.759002164088e-02       5.961489326477e+03 
       1.007863424932e-01       5.664959087863e+03 
       1.039894087132e-01       5.417574631335e+03 
       1.071966049410e-01       5.215679732229e+03 
       1.104063241088e-01       5.052896359150e+03 
       1.136175834293e-01       4.921015978925e+03 
       1.168297835608e-01       4.810860633666e+03 
       1.200425595493e-01       4.713111208093e+03 
       1.232556893013e-01       4.619100956779e+03 
       1.264690376518e-01       4.521542400164e+03 
       1.296825222818e-01       4.415118348950e+03 
       1.328960929851e-01       4.296851068831e+03 
       1.361097190696e-01       4.166182088060e+03 
       1.393233817044e-01       4.024746832433e+03 
       1.425370692730e-01       3.875891631159e+03 
       1.457507745524e-01       3.724030834835e+03 
       1.489644929990e-01       3.573961055797e+03 
       1.521782217078e-01       3.430238246894e+03 
       1.553919587798e-01       3.296689801872e+03 
       1.586057029368e-01       3.176096420703e+03 
       1.618194532872e-01       3.070043683560e+03 
       1.650332091822e-01       2.978920522412e+03 
       1.682469701286e-01       2.902030062944e+03 
       1.714607357349e-01       2.837776456834e+03 
       1.746745056775e-01       2.783896616258e+03 
       1.778882796806e-01       2.737713250342e+03 
       1.811020575025e-01       2.696392297861e+03 
       1.843158389273e-01       2.657506961770e+03 
       1.875296237595e-01       2.618586649536e+03 
       1.907434118200e-01       2.577350696465e+03 
       1.939572029439e-01       2.532434036262e+03 
       1.971709969781e-01       2.483221628397e+03 
       2.003847937805e-01       2.429861372590e+03 
       2.035985932180e-01       2.373165335017e+03 
       2.068123951666e-01       2.314416015435e+03 
       2.100261995097e-01       2.255125236915e+03 
       2.132400061381e-01       2.196803873992e+03 
       2.164538149493e-01       2.140787630834e+03 
       2.196676258465e-01       2.088135650012e+03 
       2.228814387390e-01       2.039591577710e+03 
       2.260952535410e-01       1.995582239478e+03 
       2.293090701717e-01       1.956230652022e+03 
       2.325228885546e-01       1.921372523824e+03 
       2.357367086177e-01       1.890579126678e+03 
       2.389505302927e-01       1.863196697302e+03 
       2.421643535150e-01       1.838410262165e+03 
       2.453781782233e-01       1.815330320159e+03 
       2.485920043598e-01       1.793089876408e+03 
       2.518058318694e-01       1.770933064158e+03 
       2.550196606997e-01       1.748278405230e+03 
       2.582334908013e-01       1.724748837264e+03 
       2.614473221270e-01       1.700171619921e+03 
       2.646611546318e-01       1.674558849887e+03 
       2.678749882731e-01       1.648079629002e+03 
       2.710888230103e-01       1.621029629330e+03 
       2.743026588045e-01       1.593797333419e+03 
       2.775164956189e-01       1.566823345483e+03 
       2.807303334182e-01       1.540551696569e+03 
       2.839441721688e-01       1.515377827586e+03 
       2.871580118386e-01       1.491602974847e+03 
       2.903718523969e-01       1.469405085535e+03 
       2.935856938143e-01       1.448832197777e+03 
       2.967995360628e-01       1.429816991402e+03 
       3.000133791155e-01       1.412204971127e+03 
       3.032272229468e-01       1.395786202723e+03 
       3.064410675319e-01       1.380322426766e+03 
       3.096549128474e-01       1.365566428363e+03 
       3.128687588706e-01       1.351275605416e+03 
       3.160826055798e-01       1.337224253698e+03 
       3.192964529541e-01       1.323217992206e+03 
       3.225103009736e-01       1.309109998542e+03 
       3.257241496192e-01       1.294815012504e+03 
       3.289379988723e-01       1.280315572146e+03 
       3.321518487152e-01       1.265657048843e+03 
       3.353656991310e-01       1.250932113874e+03 
       3.385795501032e-01       1.236259550832e+03 
       3.417934016160e-01       1.221763744605e+03 
       3.450072536543e-01       1.207559866545e+03 
       3.482211062034e-01       1.193746140019e+03 
       3.514349592493e-01       1.180401100382e+03 
       3.546488127784e-01       1.167582313439e+03 
       3.578626667777e-01       1.155323860267e+03 
       3.610765212344e-01       1.143632506399e+03 
       3.642903761365e-01       1.132484773160e+03 
       3.675042314723e-01       1.121827883176e+03 
       3.707180872303e-01       1.111586298774e+03 
       3.739319433998e-01       1.101673034126e+03 
       3.771457999700e-01       1.092002624958e+03 
       3.803596569308e-01       1.082501859564e+03 
       3.835735142723e-01       1.073115533742e+03 
       3.867873719851e-01       1.063806835644e+03 
       3.900012300598e-01       1.054554284841e+03 
       3.932150884877e-01       1.045348111540e+03 
       3.964289472600e-01       1.036188230202e+03 
       3.996428063684e-01       1.027084141192e+03 
       4.028566658049e-01       1.018055368252e+03 
       4.060705255616e-01       1.009130438304e+03 
       4.092843856309e-01       1.000343241371e+03 
       4.124982460055e-01       9.917272370957e+02 
       4.157121066784e-01       9.833094150841e+02 
       4.189259676426e-01       9.751062545689e+02 
       4.221398288914e-01       9.671230169243e+02 
       4.253536904183e-01       9.593560909229e+02 
       4.285675522172e-01       9.517967367001e+02 
       4.317814142818e-01       9.444341796036e+02 
       4.349952766063e-01       9.372567371115e+02 
       4.382091391849e-01       9.302510566631e+02 
       4.414230020121e-01       9.234007176014e+02 
       4.446368650825e-01       9.166857966769e+02 
       4.478507283907e-01       9.100843374174e+02 
       4.510645919318e-01       9.035754538875e+02 
       4.542784557007e-01       8.971427672084e+02 
       4.574923196926e-01       8.907766253663e+02 
       4.607061839028e-01       8.844741513470e+02 
       4.639200483268e-01       8.782374066045e+02 
       4.671339129602e-01       8.720707034262e+02 
       4.703477777987e-01       8.659785409749e+02 
       4.735616428380e-01       8.599649653183e+02 
       4.767755080740e-01       8.540342207081e+02 
       4.799893735029e-01       8.481917631047e+02 
       4.832032391208e-01       8.424445408707e+02 
       4.864171049239e-01       8.367999684982e+02 
       4.896309709085e-01       8.312638931556e+02 
       4.928448370711e-01       8.258385369055e+02 
       4.960587034081e-01       8.205214434125e+02 
       4.992725699164e-01       8.153060285558e+02 
       5.024864365924e-01       8.101834168514e+02 
       5.057003034331e-01       8.051446699905e+02 
       5.089141704353e-01       8.001823756284e+02 
       5.121280375959e-01       7.952910288224e+02 
       5.153419049120e-01       7.904663524118e+02 
       5.185557723807e-01       7.857042792271e+02 
       5.217696399991e-01       7.810004065311e+02 
       5.249835077645e-01       7.763503461426e+02 
       5.281973756742e-01       7.717507646359e+02 
       5.314112437255e-01       7.672004405400e+02 
       5.346251119160e-01       7.627006344368e+02 
       5.378389802431e-01       7.582544413615e+02 
       5.410528487043e-01       7.538653990851e+02 
       5.442667172973e-01       7.495360302719e+02 
       5.474805860198e-01       7.452670232788e+02 
       5.506944548694e-01       7.410573755314e+02 
       5.539083238440e-01       7.369052883811e+02 
       5.571221929414e-01       7.328092129864e+02 
       5.603360621595e-01       7.287684225606e+02 
       5.635499314962e-01       7.247828212705e+02 
       5.667638009494e-01       7.208521760448e+02 
       5.699776705173e-01       7.169752955697e+02 
       5.731915401978e-01       7.131496903641e+02 
       5.764054099891e-01       7.093719439334e+02 
       5.796192798893e-01       7.056385955412e+02 
       5.828331498966e-01       7.019470430175e+02 
       5.860470200093e-01       6.982959783417e+02 
       5.892608902257e-01       6.946851552924e+02 
       5.924747605439e-01       6.911146771998e+02 
       5.956886309625e-01       6.875842540759e+02 
       5.989025014797e-01       6.840928647457e+02 
       6.021163720940e-01       6.806389934868e+02 
       6.053302428038e-01       6.772212610228e+02 
       6.085441136076e-01       6.738390401663e+02 
       6.117579845040e-01       6.704926679723e+02 
       6.149718554914e-01       6.671831176714e+02 
       6.181857265685e-01       6.639113129489e+02 
       6.213995977338e-01       6.606774709610e+02 
       6.246134689860e-01       6.574808326745e+02 
       6.278273403237e-01       6.543199026613e+02 
       6.640284507076e-01       6.209027973710e+02 
       7.073954820190e-01       5.853686568790e+02 
       7.617782953916e-01       5.463785303162e+02 
       8.345942373412e-01       5.016204745421e+02 
       9.412659855730e-01       4.472744274719e+02 
       1.112221863790e+00       3.788921536874e+02 
       1.378626853388e+00       3.006443819429e+02 
       1.734148662681e+00       2.278596080952e+02 
       2.183143550963e+00       1.662749164614e+02 
       2.748414840826e+00       1.168213832485e+02 
       3.460049285250e+00       7.928525156882e+01 
       4.355943971262e+00       5.224927813416e+01 
       5.483808557773e+00       3.361512487937e+01 
       6.903705946795e+00       2.121879353936e+01 
       8.691250851975e+00       1.319766402211e+01 
