# Matter power spectrum P(k) at redshift z=0
# for k=1.04501e-06 to 8.69125 h/Mpc,
# number of wavenumbers equal to 576
#    1:k (h/Mpc)              2:P (Mpc/h)^3        
       1.045006160821e-06       5.245476722841e+00 
       1.391464718067e-05       6.379459085325e+01 
       2.680435450967e-05       1.201007329445e+02 
       3.974868251978e-05       1.756566495078e+02 
       5.278253433036e-05       2.309447878914e+02 
       6.594147241052e-05       2.862702776360e+02 
       7.926203610904e-05       3.418733082490e+02 
       9.278207042652e-05       3.979650614357e+02 
       1.065410703642e-04       4.547435081324e+02 
       1.205805452192e-04       5.124019302170e+02 
       1.349444072257e-04       5.711343055972e+02 
       1.496793889338e-04       6.311391888313e+02 
       1.648354936325e-04       6.926228276124e+02 
       1.804664829002e-04       7.558018873700e+02 
       1.966304049306e-04       8.209059858311e+02 
       2.133901665228e-04       8.881801517548e+02 
       2.308141504069e-04       9.578872714468e+02 
       2.489768777151e-04       1.030310552973e+03 
       2.679597126715e-04       1.105756010679e+03 
       2.878516026719e-04       1.184554946810e+03 
       3.087498415163e-04       1.267066378247e+03 
       3.307608362494e-04       1.353679322894e+03 
       3.540008484543e-04       1.444814819017e+03 
       3.785966685824e-04       1.540927502559e+03 
       4.046861667795e-04       1.642506508284e+03 
       4.324186458264e-04       1.750075397341e+03 
       4.619549019744e-04       1.864190743248e+03 
       4.934668792509e-04       1.985438946701e+03 
       5.271367851995e-04       2.114430799595e+03 
       5.631555255695e-04       2.251793310395e+03 
       6.017203185139e-04       2.398158347346e+03 
       6.430313730813e-04       2.554147793204e+03 
       6.872875699682e-04       2.720355150398e+03 
       7.346811701733e-04       2.897323905007e+03 
       7.853916992063e-04       3.085523446903e+03 
       8.395793012655e-04       3.285323893869e+03 
       8.973780078073e-04       3.496971696383e+03 
       9.588894857117e-04       3.720568296117e+03 
       1.024177884644e-03       3.956054214900e+03 
       1.093266360746e-03       4.203200677367e+03 
       1.166135703857e-03       4.461610192179e+03 
       1.242725256284e-03       4.730726492749e+03 
       1.322936028563e-03       5.009853048492e+03 
       1.406635652479e-03       5.298153952188e+03 
       1.493664619687e-03       5.594738696902e+03 
       1.583843168700e-03       5.898668561730e+03 
       1.676978206146e-03       6.208964662642e+03 
       1.772869755822e-03       6.524648374844e+03 
       1.871316582933e-03       6.844763195869e+03 
       1.972120802578e-03       7.168391958669e+03 
       2.075091422493e-03       7.494669432387e+03 
       2.180046874959e-03       7.822790605524e+03 
       2.286816658663e-03       8.152015241801e+03 
       2.395242242710e-03       8.481669291093e+03 
       2.505177390785e-03       8.811143996343e+03 
       2.616488052539e-03       9.139893428376e+03 
       2.729051949407e-03       9.467430924107e+03 
       2.842757959006e-03       9.793325019752e+03 
       2.957505379490e-03       1.011719494886e+04 
       3.073203134938e-03       1.043870613528e+04 
       3.189768965811e-03       1.075756565588e+04 
       3.307128634825e-03       1.107351799573e+04 
       3.425215168081e-03       1.138634121519e+04 
       3.543968143409e-03       1.169584333567e+04 
       3.663333032227e-03       1.200185916179e+04 
       3.783260597188e-03       1.230424729211e+04 
       3.903706345232e-03       1.260288751688e+04 
       4.024630033891e-03       1.289767849042e+04 
       4.145995227674e-03       1.318853566684e+04 
       4.267768900769e-03       1.347538938809e+04 
       4.389921082114e-03       1.375818322452e+04 
       4.512424538838e-03       1.403687235122e+04 
       4.635254494268e-03       1.431142224673e+04 
       4.758388376874e-03       1.458180765639e+04 
       4.881805596838e-03       1.484801119296e+04 
       5.005487347180e-03       1.511002239953e+04 
       5.129416426722e-03       1.536783671999e+04 
       5.253577082376e-03       1.556523763046e+04 
       5.377954868598e-03       1.581242988647e+04 
       5.502536521997e-03       1.605541442662e+04 
       5.627309849399e-03       1.629420590730e+04 
       5.752263627801e-03       1.652882243294e+04 
       5.877387514869e-03       1.675928500853e+04 
       6.002671968768e-03       1.698561732427e+04 
       6.128108176284e-03       1.720784512699e+04 
       6.253687988289e-03       1.742599634486e+04 
       6.379403861734e-03       1.764010068239e+04 
       6.505248807450e-03       1.785018919383e+04 
       6.631216343109e-03       1.805629434842e+04 
       6.757300450791e-03       1.825844956943e+04 
       6.883495538655e-03       1.845668919827e+04 
       7.009796406270e-03       1.865104848756e+04 
       7.136198213231e-03       1.884156281393e+04 
       7.262696450699e-03       1.902826836664e+04 
       7.389286915576e-03       1.921120192722e+04 
       7.515965687027e-03       1.939039995285e+04 
       7.642729105136e-03       1.956589964083e+04 
       7.769573751449e-03       1.973773854546e+04 
       7.896496431244e-03       1.990595375929e+04 
       8.023494157340e-03       2.007058295762e+04 
       8.150564135310e-03       2.023166407346e+04 
       8.277703749940e-03       2.038923440560e+04 
       8.404910552847e-03       2.054333183237e+04 
       8.532182251115e-03       2.069399401866e+04 
       8.659516696875e-03       2.084125806882e+04 
       8.786911877735e-03       2.098516143864e+04 
       8.914365907984e-03       2.112574153353e+04 
       9.041877020495e-03       2.126303471749e+04 
       9.169443559271e-03       2.139707784932e+04 
       9.297063972579e-03       2.152790727338e+04 
       9.424736806612e-03       2.165555890614e+04 
       9.552460699639e-03       2.178006821985e+04 
       9.680234376601e-03       2.190147095870e+04 
       9.808056644120e-03       2.201980259581e+04 
       9.935926385876e-03       2.213509778772e+04 
       1.006384255833e-02       2.224739106972e+04 
       1.019180418675e-02       2.235671710650e+04 
       1.031981036157e-02       2.246311056976e+04 
       1.044786023495e-02       2.256660502228e+04 
       1.057595301764e-02       2.266723392456e+04 
       1.070408797602e-02       2.276503115743e+04 
       1.083226442942e-02       2.286002981510e+04 
       1.096048174754e-02       2.295226252348e+04 
       1.108873934814e-02       2.304176134478e+04 
       1.121703669483e-02       2.312855884734e+04 
       1.134537329504e-02       2.321268643181e+04 
       1.147374869815e-02       2.329417560700e+04 
       1.160216249370e-02       2.337305702478e+04 
       1.173061430977e-02       2.344936178122e+04 
       1.185910381146e-02       2.352312011706e+04 
       1.198763069949e-02       2.359436210527e+04 
       1.211619470885e-02       2.366311838114e+04 
       1.224479560759e-02       2.372941857081e+04 
       1.237343319570e-02       2.379329246443e+04 
       1.250210730404e-02       2.385476959359e+04 
       1.263081779334e-02       2.391387935549e+04 
       1.275956455334e-02       2.397065118010e+04 
       1.288834750188e-02       2.402511396983e+04 
       1.301716658418e-02       2.407729640694e+04 
       1.314602177207e-02       2.412722623014e+04 
       1.327491306335e-02       2.417493013181e+04 
       1.340384048116e-02       2.422043474583e+04 
       1.353280407341e-02       2.426376661410e+04 
       1.366180391227e-02       2.430495295471e+04 
       1.379084009370e-02       2.434402073720e+04 
       1.391991273698e-02       2.438099661349e+04 
       1.404902198434e-02       2.441590716507e+04 
       1.417816800058e-02       2.444877851598e+04 
       1.430735097277e-02       2.447963659140e+04 
       1.443657110995e-02       2.450850704537e+04 
       1.456582864284e-02       2.453541534092e+04 
       1.469512382366e-02       2.456038664069e+04 
       1.482445692589e-02       2.458344601795e+04 
       1.495382824412e-02       2.460461821507e+04 
       1.508323809390e-02       2.462392780484e+04 
       1.521268681160e-02       2.464139927384e+04 
       1.534217475437e-02       2.465705666575e+04 
       1.547170229999e-02       2.467092411261e+04 
       1.560126984689e-02       2.468302535888e+04 
       1.573087781410e-02       2.469338394409e+04 
       1.586052664122e-02       2.470202340730e+04 
       1.599021678848e-02       2.470896689282e+04 
       1.611994873675e-02       2.471423748646e+04 
       1.624972298760e-02       2.471785804163e+04 
       1.637954006340e-02       2.471985127628e+04 
       1.650940050736e-02       2.472023960580e+04 
       1.663930488370e-02       2.471904550394e+04 
       1.676925377775e-02       2.471629090979e+04 
       1.689924779611e-02       2.471199803132e+04 
       1.702928756681e-02       2.470618856211e+04 
       1.715937373952e-02       2.469888415164e+04 
       1.728950698569e-02       2.469010635000e+04 
       1.741968799884e-02       2.467987623297e+04 
       1.754991749475e-02       2.466821520502e+04 
       1.768019621172e-02       2.465514415016e+04 
       1.781052491086e-02       2.464068380686e+04 
       1.794090437634e-02       2.462485485710e+04 
       1.807133541572e-02       2.460767790887e+04 
       1.820181886024e-02       2.458917299138e+04 
       1.833235556520e-02       2.456936059974e+04 
       1.846294641026e-02       2.454826058019e+04 
       1.859359229984e-02       2.452589284895e+04 
       1.872429416351e-02       2.450227696647e+04 
       1.885505295637e-02       2.447743269848e+04 
       1.898586965946e-02       2.445137919536e+04 
       1.911674528026e-02       2.442413587775e+04 
       1.924768085305e-02       2.439572176669e+04 
       1.937867743949e-02       2.436615587202e+04 
       1.950973612900e-02       2.433545673225e+04 
       1.964085803936e-02       2.430364324223e+04 
       1.977204431718e-02       2.427073383658e+04 
       1.990329613849e-02       2.423674658317e+04 
       2.003461470925e-02       2.420170004748e+04 
       2.016600126601e-02       2.416561202130e+04 
       2.029745707644e-02       2.412850048044e+04 
       2.042898344000e-02       2.409038301513e+04 
       2.056058168859e-02       2.405127745793e+04 
       2.069225318721e-02       2.401120098971e+04 
       2.082399933463e-02       2.397017100563e+04 
       2.095582156413e-02       2.392820476414e+04 
       2.108772134424e-02       2.388531915902e+04 
       2.121970017948e-02       2.384153095369e+04 
       2.135175961114e-02       2.379685694257e+04 
       2.148390121815e-02       2.375131377119e+04 
       2.161612661781e-02       2.370491763567e+04 
       2.174843746674e-02       2.365768493364e+04 
       2.188083546176e-02       2.360963184177e+04 
       2.201332234074e-02       2.356077427275e+04 
       2.214589988362e-02       2.351112797146e+04 
       2.227856991336e-02       2.346070867876e+04 
       2.241133429692e-02       2.340953204514e+04 
       2.254419494634e-02       2.335761319102e+04 
       2.267715381978e-02       2.330496761693e+04 
       2.281021292263e-02       2.325161036200e+04 
       2.294337430865e-02       2.319755627465e+04 
       2.307664008114e-02       2.314282022632e+04 
       2.321001239414e-02       2.308741702561e+04 
       2.334349345372e-02       2.303136076492e+04 
       2.347708551920e-02       2.297466626164e+04 
       2.361079090453e-02       2.291734757933e+04 
       2.374461197965e-02       2.285941878890e+04 
       2.387855117189e-02       2.280089382387e+04 
       2.401261096743e-02       2.274178630037e+04 
       2.414679391282e-02       2.268211019033e+04 
       2.428110261652e-02       2.262187888654e+04 
       2.441553975051e-02       2.256110532391e+04 
       2.455010805193e-02       2.249980332182e+04 
       2.468481032483e-02       2.243798555454e+04 
       2.481964944189e-02       2.237566514055e+04 
       2.495462834625e-02       2.231285457700e+04 
       2.508975005342e-02       2.224956665919e+04 
       2.522501765321e-02       2.218581393611e+04 
       2.536043431173e-02       2.212160850690e+04 
       2.549600327348e-02       2.205696262609e+04 
       2.563172786350e-02       2.199188846002e+04 
       2.576761148957e-02       2.192639772671e+04 
       2.590365764453e-02       2.186050233403e+04 
       2.603986990866e-02       2.179421351843e+04 
       2.617625195208e-02       2.172754305993e+04 
       2.631280753736e-02       2.166050222647e+04 
       2.644954052212e-02       2.159310186169e+04 
       2.658645486175e-02       2.152535328412e+04 
       2.672355461222e-02       2.145726726678e+04 
       2.686084393301e-02       2.138885447166e+04 
       2.699832709016e-02       2.132012551951e+04 
       2.713600845932e-02       2.125109058552e+04 
       2.727389252909e-02       2.118176023376e+04 
       2.741198390432e-02       2.111214434836e+04 
       2.755028730961e-02       2.104225305280e+04 
       2.768880759295e-02       2.097209607640e+04 
       2.782754972944e-02       2.090168311481e+04 
       2.796651882519e-02       2.083102378625e+04 
       2.810572012136e-02       2.076012709086e+04 
       2.824515899836e-02       2.068900275077e+04 
       2.838484098019e-02       2.061765953510e+04 
       2.852477173896e-02       2.054610652499e+04 
       2.866495709959e-02       2.047435226657e+04 
       2.880540304471e-02       2.040240564557e+04 
       2.894611571972e-02       2.033027511671e+04 
       2.908710143803e-02       2.025796890871e+04 
       2.922836668663e-02       2.018549501243e+04 
       2.936991813172e-02       2.011286192896e+04 
       2.951176262470e-02       2.004007737242e+04 
       2.965390720837e-02       1.996714890705e+04 
       2.979635912333e-02       1.989408437593e+04 
       2.993912581473e-02       1.982089097342e+04 
       3.008221493925e-02       1.974757607604e+04 
       3.022563437242e-02       1.967414694579e+04 
       3.036939221623e-02       1.960061059475e+04 
       3.051349680703e-02       1.952697358634e+04 
       3.065795672387e-02       1.945324281521e+04 
       3.080278079712e-02       1.937942497772e+04 
       3.094797811752e-02       1.930552619366e+04 
       3.109355804561e-02       1.923155293187e+04 
       3.123953022161e-02       1.915751110354e+04 
       3.138590457575e-02       1.908340668162e+04 
       3.153269133905e-02       1.900924560980e+04 
       3.167990105462e-02       1.893503350092e+04 
       3.182754458949e-02       1.886077555135e+04 
       3.197563314702e-02       1.878647743697e+04 
       3.212417827985e-02       1.871214434522e+04 
       3.227319190353e-02       1.863778108456e+04 
       3.242268631081e-02       1.856339276535e+04 
       3.257267418657e-02       1.848898388553e+04 
       3.272316862358e-02       1.841455916648e+04 
       3.287418313902e-02       1.834012299584e+04 
       3.302573169180e-02       1.826567964256e+04 
       3.317782870082e-02       1.819123315540e+04 
       3.333048906415e-02       1.811678762706e+04 
       3.348372817921e-02       1.804234677099e+04 
       3.363756196405e-02       1.796791392785e+04 
       3.379200687972e-02       1.789349296122e+04 
       3.394707995387e-02       1.781908714892e+04 
       3.410279880567e-02       1.774469950131e+04 
       3.425918167204e-02       1.767033294974e+04 
       3.441624743539e-02       1.759599051820e+04 
       3.457401565292e-02       1.752167460097e+04 
       3.473250658757e-02       1.744738780202e+04 
       3.489174124078e-02       1.737313255574e+04 
       3.505174138715e-02       1.729891090772e+04 
       3.521252961114e-02       1.722472454610e+04 
       3.537412934594e-02       1.715057573482e+04 
       3.553656491478e-02       1.707646584334e+04 
       3.569986157465e-02       1.700239633608e+04 
       3.586404556276e-02       1.692836851429e+04 
       3.602914414598e-02       1.685438322740e+04 
       3.619518567331e-02       1.678044156938e+04 
       3.636219963177e-02       1.670654424156e+04 
       3.653021670593e-02       1.663269160220e+04 
       3.669926884135e-02       1.655888391127e+04 
       3.686938931222e-02       1.648512144170e+04 
       3.704061279360e-02       1.641140394049e+04 
       3.721297543862e-02       1.633773111872e+04 
       3.738651496095e-02       1.626410243311e+04 
       3.756127072318e-02       1.619051699862e+04 
       3.773728383143e-02       1.611697394867e+04 
       3.791459723676e-02       1.604347199717e+04 
       3.809325584411e-02       1.597000969179e+04 
       3.827330662924e-02       1.589658531499e+04 
       3.845479876451e-02       1.582319682969e+04 
       3.863778375431e-02       1.574984208257e+04 
       3.882231558098e-02       1.567651855006e+04 
       3.900845086217e-02       1.560322332046e+04 
       3.919624902087e-02       1.552995341135e+04 
       3.938577246920e-02       1.545670548828e+04 
       3.957708680736e-02       1.538347572999e+04 
       3.977026103920e-02       1.531026019303e+04 
       3.996536780630e-02       1.523705445676e+04 
       4.016248364206e-02       1.516385377541e+04 
       4.036168924838e-02       1.509065307239e+04 
       4.056306979692e-02       1.501744683055e+04 
       4.076671525783e-02       1.494422916329e+04 
       4.097272075892e-02       1.487099370419e+04 
       4.118118697861e-02       1.479773365917e+04 
       4.139222057661e-02       1.472444174784e+04 
       4.160593466658e-02       1.465111016250e+04 
       4.182244933586e-02       1.457773055605e+04 
       4.204189221782e-02       1.450429402738e+04 
       4.226439912326e-02       1.443079104496e+04 
       4.249011473835e-02       1.435721142981e+04 
       4.271919339746e-02       1.428354429648e+04 
       4.295179994061e-02       1.420977800787e+04 
       4.318811066674e-02       1.413590014492e+04 
       4.342831439581e-02       1.406189739386e+04 
       4.367261365458e-02       1.398775550233e+04 
       4.392122600361e-02       1.391345923362e+04 
       4.417438552567e-02       1.383899222766e+04 
       4.443234449938e-02       1.376433692732e+04 
       4.469537528577e-02       1.368947446872e+04 
       4.496377246052e-02       1.361438456795e+04 
       4.523785523049e-02       1.353904535589e+04 
       4.551797018014e-02       1.346343321371e+04 
       4.580449440220e-02       1.338752264889e+04 
       4.609783907739e-02       1.331128598744e+04 
       4.639845358055e-02       1.323469321029e+04 
       4.670683020652e-02       1.315771161704e+04 
       4.702350962807e-02       1.308030553796e+04 
       4.734908722216e-02       1.300243589174e+04 
       4.768422043015e-02       1.292405979757e+04 
       4.802963735453e-02       1.284512995527e+04 
       4.838614684054e-02       1.276559405449e+04 
       4.875465034900e-02       1.268539396495e+04 
       4.913615599933e-02       1.260446481085e+04 
       4.953179525407e-02       1.252273379701e+04 
       4.994284283316e-02       1.244011881266e+04 
       5.037074059509e-02       1.235652666772e+04 
       5.081712631194e-02       1.227185089623e+04 
       5.128386850712e-02       1.218596897739e+04 
       5.177310883251e-02       1.209873881170e+04 
       5.228731385087e-02       1.200999411428e+04 
       5.282933857762e-02       1.191953854287e+04 
       5.340250473551e-02       1.182713781625e+04 
       5.401069739006e-02       1.173250929640e+04 
       5.465848443263e-02       1.163530797892e+04 
       5.535126416466e-02       1.153510741987e+04 
       5.609544676493e-02       1.143137344481e+04 
       5.689867515191e-02       1.132342785117e+04 
       5.777008856966e-02       1.121039776600e+04 
       5.872062595270e-02       1.109114498267e+04 
       5.976335173723e-02       1.096416826023e+04 
       6.091375740556e-02       1.082747055203e+04 
       6.218993741025e-02       1.067838659081e+04 
       6.361244718869e-02       1.051337854489e+04 
       6.520352464829e-02       1.032784064214e+04 
       6.698524259062e-02       1.011602268377e+04 
       6.897621289216e-02       9.871288715425e+03 
       7.118696543112e-02       9.587015703592e+03 
       7.361525138016e-02       9.258337600631e+03 
       7.624371376401e-02       8.884461480270e+03 
       7.904209522970e-02       8.470580970752e+03 
       8.197359118321e-02       8.028206075765e+03 
       8.500216492736e-02       7.573515748694e+03 
       8.809755860020e-02       7.124472905298e+03 
       9.123701335026e-02       6.697883044469e+03 
       9.440466879218e-02       6.307221764962e+03 
       9.759002170817e-02       5.961487532699e+03 
       1.007863425607e-01       5.664957382709e+03 
       1.039894087808e-01       5.417572999471e+03 
       1.071966050087e-01       5.215678159290e+03 
       1.104063241765e-01       5.052894832641e+03 
       1.136175834970e-01       4.921014488859e+03 
       1.168297836285e-01       4.810859172945e+03 
       1.200425596170e-01       4.713109772632e+03 
       1.232556893690e-01       4.619099545378e+03 
       1.264690377195e-01       4.521541014126e+03 
       1.296825223495e-01       4.415116991481e+03 
       1.328960930529e-01       4.296849744272e+03 
       1.361097191374e-01       4.166180801063e+03 
       1.393233817721e-01       4.024745587182e+03 
       1.425370693408e-01       3.875890430735e+03 
       1.457507746202e-01       3.724029680809e+03 
       1.489644930667e-01       3.573959946158e+03 
       1.521782217755e-01       3.430237184140e+03 
       1.553919588475e-01       3.296688780575e+03 
       1.586057030046e-01       3.176095434972e+03 
       1.618194533550e-01       3.070042732307e+03 
       1.650332092499e-01       2.978919597748e+03 
       1.682469701964e-01       2.902029161512e+03 
       1.714607358026e-01       2.837775575484e+03 
       1.746745057453e-01       2.783895749333e+03 
       1.778882797484e-01       2.737712395643e+03 
       1.811020575703e-01       2.696391454193e+03 
       1.843158389951e-01       2.657506128434e+03 
       1.875296238272e-01       2.618585826531e+03 
       1.907434118877e-01       2.577349884813e+03 
       1.939572030116e-01       2.532433237126e+03 
       1.971709970459e-01       2.483220844075e+03 
       2.003847938482e-01       2.429860603576e+03 
       2.035985932858e-01       2.373164583905e+03 
       2.068123952343e-01       2.314415282569e+03 
       2.100261995774e-01       2.255124522313e+03 
       2.132400062059e-01       2.196803178334e+03 
       2.164538150170e-01       2.140786953278e+03 
       2.196676259143e-01       2.088134988633e+03 
       2.228814388068e-01       2.039590931946e+03 
       2.260952536088e-01       1.995581607626e+03 
       2.293090702394e-01       1.956230032363e+03 
       2.325228886224e-01       1.921371914895e+03 
       2.357367086854e-01       1.890578527166e+03 
       2.389505303604e-01       1.863196105938e+03 
       2.421643535827e-01       1.838409678070e+03 
       2.453781782911e-01       1.815329742763e+03 
       2.485920044276e-01       1.793089305457e+03 
       2.518058319371e-01       1.770932499746e+03 
       2.550196607675e-01       1.748277847513e+03 
       2.582334908691e-01       1.724748286615e+03 
       2.614473221947e-01       1.700171076717e+03 
       2.646611546996e-01       1.674558315065e+03 
       2.678749883409e-01       1.648079102134e+03 
       2.710888230780e-01       1.621029111053e+03 
       2.743026588723e-01       1.593796823371e+03 
       2.775164956867e-01       1.566822844286e+03 
       2.807303334860e-01       1.540551204581e+03 
       2.839441722366e-01       1.515377343476e+03 
       2.871580119064e-01       1.491602498317e+03 
       2.903718524646e-01       1.469404615808e+03 
       2.935856938820e-01       1.448831735083e+03 
       2.967995361305e-01       1.429816534370e+03 
       3.000133791833e-01       1.412204519627e+03 
       3.032272230145e-01       1.395785756806e+03 
       3.064410675997e-01       1.380321985483e+03 
       3.096549129152e-01       1.365565991392e+03 
       3.128687589384e-01       1.351275173061e+03 
       3.160826056475e-01       1.337223825259e+03 
       3.192964530219e-01       1.323217568405e+03 
       3.225103010414e-01       1.309109579029e+03 
       3.257241496869e-01       1.294814597644e+03 
       3.289379989400e-01       1.280315161936e+03 
       3.321518487830e-01       1.265656643422e+03 
       3.353656991987e-01       1.250931713035e+03 
       3.385795501709e-01       1.236259154758e+03 
       3.417934016837e-01       1.221763353207e+03 
       3.450072537220e-01       1.207559479720e+03 
       3.482211062711e-01       1.193745757680e+03 
       3.514349593170e-01       1.180400722443e+03 
       3.546488128462e-01       1.167581939601e+03 
       3.578626668454e-01       1.155323490445e+03 
       3.610765213022e-01       1.143632140348e+03 
       3.642903762043e-01       1.132484410706e+03 
       3.675042315400e-01       1.121827524147e+03 
       3.707180872981e-01       1.111585943044e+03 
       3.739319434675e-01       1.101672681584e+03 
       3.771458000377e-01       1.092002275522e+03 
       3.803596569985e-01       1.082501513163e+03 
       3.835735143401e-01       1.073115190351e+03 
       3.867873720528e-01       1.063806495248e+03 
       3.900012301276e-01       1.054553947423e+03 
       3.932150885554e-01       1.045347777128e+03 
       3.964289473277e-01       1.036187898804e+03 
       3.996428064362e-01       1.027083812751e+03 
       4.028566658726e-01       1.018055042682e+03 
       4.060705256293e-01       1.009130115629e+03 
       4.092843856986e-01       1.000342921614e+03 
       4.124982460733e-01       9.917269201703e+02 
       4.157121067461e-01       9.833091008901e+02 
       4.189259677103e-01       9.751059430718e+02 
       4.221398289591e-01       9.671227080254e+02 
       4.253536904861e-01       9.593557845665e+02 
       4.285675522849e-01       9.517964328456e+02 
       4.317814143495e-01       9.444338781174e+02 
       4.349952766740e-01       9.372564379807e+02 
       4.382091392527e-01       9.302507598020e+02 
       4.414230020799e-01       9.234004230037e+02 
       4.446368651502e-01       9.166855042850e+02 
       4.478507284585e-01       9.100840471739e+02 
       4.510645919995e-01       9.035751658155e+02 
       4.542784557684e-01       8.971424812071e+02 
       4.574923197603e-01       8.907763414229e+02 
       4.607061839706e-01       8.844738694753e+02 
       4.639200483946e-01       8.782371267841e+02 
       4.671339130280e-01       8.720704256350e+02 
       4.703477778664e-01       8.659782652009e+02 
       4.735616429057e-01       8.599646915242e+02 
       4.767755081418e-01       8.540339487839e+02 
       4.799893735707e-01       8.481914931296e+02 
       4.832032391886e-01       8.424442728199e+02 
       4.864171049916e-01       8.367997022851e+02 
       4.896309709762e-01       8.312636286950e+02 
       4.928448371388e-01       8.258382743106e+02 
       4.960587034759e-01       8.205211826258e+02 
       4.992725699841e-01       8.153057693506e+02 
       5.024864366602e-01       8.101831594396e+02 
       5.057003035009e-01       8.051444141896e+02 
       5.089141705030e-01       8.001821214369e+02 
       5.121280376637e-01       7.952907762604e+02 
       5.153419049798e-01       7.904661014483e+02 
       5.185557724484e-01       7.857040298190e+02 
       5.217696400668e-01       7.810001587077e+02 
       5.249835078322e-01       7.763500998343e+02 
       5.281973757419e-01       7.717505198266e+02 
       5.314112437933e-01       7.672001972211e+02 
       5.346251119837e-01       7.627003926285e+02 
       5.378389803108e-01       7.582542010239e+02 
       5.410528487721e-01       7.538651601941e+02 
       5.442667173651e-01       7.495357927930e+02 
       5.474805860875e-01       7.452667872078e+02 
       5.506944549372e-01       7.410571408599e+02 
       5.539083239118e-01       7.369050550688e+02 
       5.571221930092e-01       7.328089810301e+02 
       5.603360622273e-01       7.287681919436e+02 
       5.635499315639e-01       7.247825919865e+02 
       5.667638010172e-01       7.208519480238e+02 
       5.699776705850e-01       7.169750688527e+02 
       5.731915402655e-01       7.131494648975e+02 
       5.764054100568e-01       7.093717197197e+02 
       5.796192799570e-01       7.056383725643e+02 
       5.828331499644e-01       7.019468212601e+02 
       5.860470200771e-01       6.982957577896e+02 
       5.892608902934e-01       6.946849359390e+02 
       5.924747606117e-01       6.911144590197e+02 
       5.956886310302e-01       6.875840370674e+02 
       5.989025015474e-01       6.840926488986e+02 
       6.021163721617e-01       6.806387787821e+02 
       6.053302428715e-01       6.772210474409e+02 
       6.085441136754e-01       6.738388277096e+02 
       6.117579845717e-01       6.704924566199e+02 
       6.149718555591e-01       6.671829074110e+02 
       6.181857266362e-01       6.639111037716e+02 
       6.213995978015e-01       6.606772628542e+02 
       6.246134690537e-01       6.574806256290e+02 
       6.278273403915e-01       6.543196966587e+02 
       6.640284507873e-01       6.209026024350e+02 
       7.073954821164e-01       5.853684737106e+02 
       7.617782955171e-01       5.463783600795e+02 
       8.345942375158e-01       5.016203191888e+02 
       9.412659858411e-01       4.472742902351e+02 
       1.112221864228e+00       3.788920393898e+02 
       1.378626854023e+00       3.006442941078e+02 
       1.734148663490e+00       2.278595448026e+02 
       2.183143551982e+00       1.662748732518e+02 
       2.748414842109e+00       1.168213550958e+02 
       3.460049286865e+00       7.928523385799e+01 
       4.355943973295e+00       5.224926725738e+01 
       5.483808560332e+00       3.361511829844e+01 
       6.903705950017e+00       2.121878958885e+01 
       8.691250856031e+00       1.319766165799e+01 
