# Matter power spectrum P(k) at redshift z=0
# for k=1.04501e-06 to 8.69125 h/Mpc,
# number of wavenumbers equal to 576
#    1:k (h/Mpc)              2:P (Mpc/h)^3        
       1.045006275385e-06       5.245475494073e+00 
       1.391464729526e-05       6.379456966714e+01 
       2.680435462459e-05       1.201006926017e+02 
       3.974868263535e-05       1.756565902695e+02 
       5.278253444688e-05       2.309447098521e+02 
       6.594147252831e-05       2.862701807856e+02 
       7.926203622843e-05       3.418731924953e+02 
       9.278207054787e-05       3.979649266147e+02 
       1.065410704878e-04       4.547433540127e+02 
       1.205805453455e-04       5.124017565017e+02 
       1.349444073551e-04       5.711341119233e+02 
       1.496793890668e-04       6.311389747688e+02 
       1.648354937695e-04       6.926225926611e+02 
       1.804664830416e-04       7.558016309562e+02 
       1.966304050770e-04       8.209057073034e+02 
       2.133901666748e-04       8.881798503789e+02 
       2.308141505652e-04       9.578869463992e+02 
       2.489768778803e-04       1.030310203334e+03 
       2.679597128444e-04       1.105755635426e+03 
       2.878516028532e-04       1.184554544809e+03 
       3.087498417071e-04       1.267065948240e+03 
       3.307608364506e-04       1.353678863492e+03 
       3.540008486669e-04       1.444814328691e+03 
       3.785966688078e-04       1.540926979624e+03 
       4.046861670188e-04       1.642505950889e+03 
       4.324186460810e-04       1.750074803459e+03 
       4.619549022459e-04       1.864190110661e+03 
       4.934668795407e-04       1.985438272995e+03 
       5.271367855093e-04       2.114430082148e+03 
       5.631555259011e-04       2.251792546370e+03 
       6.017203188691e-04       2.398157533694e+03 
       6.430313734618e-04       2.554146926662e+03 
       6.872875703758e-04       2.720354227502e+03 
       7.346811706096e-04       2.897322922106e+03 
       7.853916996729e-04       3.085522400187e+03 
       8.395793017637e-04       3.285322779400e+03 
       8.973780083381e-04       3.496970510138e+03 
       9.588894862760e-04       3.720567034039e+03 
       1.024177885242e-03       3.956052872952e+03 
       1.093266361378e-03       4.203199251591e+03 
       1.166135704522e-03       4.461608678750e+03 
       1.242725256982e-03       4.730724888032e+03 
       1.322936029293e-03       5.009851349087e+03 
       1.406635653239e-03       5.298152154975e+03 
       1.493664620476e-03       5.594736799061e+03 
       1.583843169516e-03       5.898666560757e+03 
       1.676978206988e-03       6.208962556363e+03 
       1.772869756687e-03       6.524646161418e+03 
       1.871316583820e-03       6.844760873778e+03 
       1.972120803486e-03       7.168389526712e+03 
       2.075091423418e-03       7.494666889656e+03 
       2.180046875901e-03       7.822787951386e+03 
       2.286816659621e-03       8.152012475876e+03 
       2.395242243682e-03       8.481666413228e+03 
       2.505177391770e-03       8.811141006594e+03 
       2.616488053535e-03       9.139890326981e+03 
       2.729051950414e-03       9.467427711476e+03 
       2.842757960023e-03       9.793321696436e+03 
       2.957505380516e-03       1.011719151554e+04 
       3.073203135972e-03       1.043870259277e+04 
       3.189768966852e-03       1.075756200505e+04 
       3.307128635873e-03       1.107351423759e+04 
       3.425215169135e-03       1.138633735079e+04 
       3.543968144468e-03       1.169583936613e+04 
       3.663333033292e-03       1.200185508831e+04 
       3.783260598258e-03       1.230424311590e+04 
       3.903706346306e-03       1.260288323921e+04 
       4.024630034969e-03       1.289767411260e+04 
       4.145995228756e-03       1.318853119021e+04 
       4.267768901855e-03       1.347538481401e+04 
       4.389921083203e-03       1.375817855436e+04 
       4.512424539930e-03       1.403686758639e+04 
       4.635254495362e-03       1.431141738862e+04 
       4.758388377972e-03       1.458180270642e+04 
       4.881805597937e-03       1.484800615254e+04 
       5.005487348282e-03       1.511001727011e+04 
       5.129416427826e-03       1.536783150299e+04 
       5.253577083482e-03       1.562144994883e+04 
       5.377954869706e-03       1.587087585900e+04 
       5.502536523107e-03       1.611612160139e+04 
       5.627309850510e-03       1.635720073140e+04 
       5.752263628914e-03       1.659413027063e+04 
       5.877387515983e-03       1.682693015872e+04 
       6.002671969883e-03       1.705562303857e+04 
       6.128108177401e-03       1.728023362627e+04 
       6.253687989407e-03       1.750078883741e+04 
       6.379403862854e-03       1.771731738126e+04 
       6.505248808571e-03       1.792984933317e+04 
       6.631216344231e-03       1.813841620066e+04 
       6.757300451914e-03       1.834305046105e+04 
       6.883495539778e-03       1.854378552589e+04 
       7.009796407394e-03       1.874065573440e+04 
       7.136198214356e-03       1.893369556276e+04 
       7.262696451826e-03       1.912294031639e+04 
       7.389286916703e-03       1.930842590889e+04 
       7.515965688155e-03       1.949018794074e+04 
       7.642729106265e-03       1.966826276957e+04 
       7.769573752579e-03       1.984268712515e+04 
       7.896496432374e-03       2.001349728636e+04 
       8.023494158471e-03       2.018073013142e+04 
       8.150564136441e-03       2.034442281128e+04 
       8.277703751072e-03       2.050461185255e+04 
       8.404910553980e-03       2.066133437833e+04 
       8.532182252248e-03       2.081462731064e+04 
       8.659516698009e-03       2.096452702114e+04 
       8.786911878869e-03       2.111107024857e+04 
       8.914365909119e-03       2.125429369458e+04 
       9.041877021630e-03       2.139423302633e+04 
       9.169443560407e-03       2.153092442222e+04 
       9.297063973716e-03       2.166440355631e+04 
       9.424736807749e-03       2.179470568515e+04 
       9.552460700776e-03       2.192186563122e+04 
       9.680234377738e-03       2.204591850382e+04 
       9.808056645258e-03       2.216689915242e+04 
       9.935926387015e-03       2.228484161717e+04 
       1.006384255947e-02       2.239977982889e+04 
       1.019180418789e-02       2.251174786146e+04 
       1.031981036271e-02       2.262077980867e+04 
       1.044786023609e-02       2.272690865992e+04 
       1.057595301878e-02       2.283016731398e+04 
       1.070408797716e-02       2.293058910566e+04 
       1.083226443056e-02       2.302820658955e+04 
       1.096048174868e-02       2.312305186066e+04 
       1.108873934928e-02       2.321515645796e+04 
       1.121703669597e-02       2.330455244258e+04 
       1.134537329618e-02       2.339127071065e+04 
       1.147374869929e-02       2.347534227910e+04 
       1.160216249484e-02       2.355679731258e+04 
       1.173061431091e-02       2.363566643522e+04 
       1.185910381261e-02       2.371197942019e+04 
       1.198763070064e-02       2.378576588284e+04 
       1.211619470999e-02       2.385705601700e+04 
       1.224479560873e-02       2.392587901006e+04 
       1.237343319685e-02       2.399226422607e+04 
       1.250210730518e-02       2.405624077939e+04 
       1.263081779449e-02       2.411783765997e+04 
       1.275956455449e-02       2.417708390192e+04 
       1.288834750303e-02       2.423400801806e+04 
       1.301716658533e-02       2.428863830996e+04 
       1.314602177322e-02       2.434100213765e+04 
       1.327491306450e-02       2.439112581544e+04 
       1.340384048230e-02       2.443903560875e+04 
       1.353280407455e-02       2.448475770026e+04 
       1.366180391342e-02       2.452831896555e+04 
       1.379084009485e-02       2.456974603952e+04 
       1.391991273813e-02       2.460906524663e+04 
       1.404902198549e-02       2.464630285032e+04 
       1.417816800173e-02       2.468148466213e+04 
       1.430735097392e-02       2.471463630263e+04 
       1.443657111110e-02       2.474578312844e+04 
       1.456582864399e-02       2.477495031295e+04 
       1.469512382481e-02       2.480216273578e+04 
       1.482445692704e-02       2.482744519586e+04 
       1.495382824527e-02       2.485082216727e+04 
       1.508323809505e-02       2.487231796227e+04 
       1.521268681276e-02       2.489195681529e+04 
       1.534217475552e-02       2.490976252251e+04 
       1.547170230114e-02       2.492575897860e+04 
       1.560126984805e-02       2.493996969568e+04 
       1.573087781525e-02       2.495241798774e+04 
       1.586052664237e-02       2.496312717738e+04 
       1.599021678963e-02       2.497212019698e+04 
       1.611994873790e-02       2.497941992867e+04 
       1.624972298876e-02       2.498504902840e+04 
       1.637954006455e-02       2.498903002386e+04 
       1.650940050851e-02       2.499138514541e+04 
       1.663930488485e-02       2.499213669108e+04 
       1.676925377890e-02       2.499130642656e+04 
       1.689924779727e-02       2.498891639807e+04 
       1.702928756797e-02       2.498498813984e+04 
       1.715937374068e-02       2.497954314980e+04 
       1.728950698685e-02       2.497260283361e+04 
       1.741968800000e-02       2.496418812511e+04 
       1.754991749591e-02       2.495432029905e+04 
       1.768019621288e-02       2.494302011145e+04 
       1.781052491202e-02       2.493030817902e+04 
       1.794090437750e-02       2.491620506927e+04 
       1.807133541688e-02       2.490073128278e+04 
       1.820181886140e-02       2.488390674181e+04 
       1.833235556636e-02       2.486575184835e+04 
       1.846294641142e-02       2.484628635491e+04 
       1.859359230101e-02       2.482553009259e+04 
       1.872429416468e-02       2.480350253969e+04 
       1.885505295753e-02       2.478022339008e+04 
       1.898586966063e-02       2.475571172166e+04 
       1.911674528142e-02       2.472998689364e+04 
       1.924768085422e-02       2.470306786767e+04 
       1.937867744065e-02       2.467497360141e+04 
       1.950973613017e-02       2.464572258199e+04 
       1.964085804053e-02       2.461533366504e+04 
       1.977204431835e-02       2.458382524677e+04 
       1.990329613966e-02       2.455121535862e+04 
       2.003461471042e-02       2.451752254362e+04 
       2.016600126718e-02       2.448276456730e+04 
       2.029745707761e-02       2.444695938865e+04 
       2.042898344117e-02       2.441012458247e+04 
       2.056058168977e-02       2.437227797618e+04 
       2.069225318838e-02       2.433343674286e+04 
       2.082399933580e-02       2.429361827965e+04 
       2.095582156530e-02       2.425283985164e+04 
       2.108772134541e-02       2.421111836045e+04 
       2.121970018065e-02       2.416847058193e+04 
       2.135175961232e-02       2.412491332979e+04 
       2.148390121932e-02       2.408046327305e+04 
       2.161612661898e-02       2.403513663090e+04 
       2.174843746792e-02       2.398894983331e+04 
       2.188083546293e-02       2.394191909219e+04 
       2.201332234191e-02       2.389406035756e+04 
       2.214589988480e-02       2.384538941512e+04 
       2.227856991454e-02       2.379592205251e+04 
       2.241133429810e-02       2.374567397161e+04 
       2.254419494752e-02       2.369466034181e+04 
       2.267715382097e-02       2.364289672440e+04 
       2.281021292382e-02       2.359039821784e+04 
       2.294337430984e-02       2.353717973254e+04 
       2.307664008233e-02       2.348325620793e+04 
       2.321001239533e-02       2.342864252531e+04 
       2.334349345491e-02       2.337335284357e+04 
       2.347708552039e-02       2.331740206403e+04 
       2.361079090572e-02       2.326080432720e+04 
       2.374461198084e-02       2.320357378650e+04 
       2.387855117308e-02       2.314572446092e+04 
       2.401261096863e-02       2.308727005206e+04 
       2.414679391402e-02       2.302822462850e+04 
       2.428110261772e-02       2.296860167507e+04 
       2.441553975170e-02       2.290841421597e+04 
       2.455010805313e-02       2.284767618001e+04 
       2.468481032603e-02       2.278640033628e+04 
       2.481964944309e-02       2.272459991056e+04 
       2.495462834745e-02       2.266228750144e+04 
       2.508975005462e-02       2.259947601558e+04 
       2.522501765442e-02       2.253617811379e+04 
       2.536043431294e-02       2.247240600378e+04 
       2.549600327469e-02       2.240817205598e+04 
       2.563172786471e-02       2.234348855560e+04 
       2.576761149078e-02       2.227836733609e+04 
       2.590365764575e-02       2.221282042853e+04 
       2.603986990987e-02       2.214685918479e+04 
       2.617625195329e-02       2.208049551456e+04 
       2.631280753858e-02       2.201374081032e+04 
       2.644954052334e-02       2.194660603668e+04 
       2.658645486297e-02       2.187910264602e+04 
       2.672355461344e-02       2.181124153919e+04 
       2.686084393424e-02       2.174303350800e+04 
       2.699832709138e-02       2.167448930616e+04 
       2.713600846055e-02       2.160561923736e+04 
       2.727389253032e-02       2.153643400533e+04 
       2.741198390555e-02       2.146694362481e+04 
       2.755028731084e-02       2.139715835810e+04 
       2.768880759419e-02       2.132708806952e+04 
       2.782754973068e-02       2.125674259264e+04 
       2.796651882643e-02       2.118613168569e+04 
       2.810572012260e-02       2.111526448027e+04 
       2.824515899961e-02       2.104415084748e+04 
       2.838484098143e-02       2.097279969015e+04 
       2.852477174020e-02       2.090122023257e+04 
       2.866495710084e-02       2.082942115666e+04 
       2.880540304596e-02       2.075741149391e+04 
       2.894611572097e-02       2.068519983936e+04 
       2.908710143929e-02       2.061279456058e+04 
       2.922836668788e-02       2.054020378550e+04 
       2.936991813298e-02       2.046743616553e+04 
       2.951176262597e-02       2.039449955213e+04 
       2.965390720964e-02       2.032140164662e+04 
       2.979635912460e-02       2.024815043765e+04 
       2.993912581600e-02       2.017475325454e+04 
       3.008221494052e-02       2.010121761516e+04 
       3.022563437370e-02       2.002755092317e+04 
       3.036939221751e-02       1.995376032964e+04 
       3.051349680832e-02       1.987985253006e+04 
       3.065795672516e-02       1.980583456054e+04 
       3.080278079841e-02       1.973171325713e+04 
       3.094797811881e-02       1.965749486939e+04 
       3.109355804690e-02       1.958318600565e+04 
       3.123953022291e-02       1.950879270681e+04 
       3.138590457706e-02       1.943432107905e+04 
       3.153269134036e-02       1.935977720070e+04 
       3.167990105593e-02       1.928516681418e+04 
       3.182754459081e-02       1.921049523826e+04 
       3.197563314834e-02       1.913576828362e+04 
       3.212417828117e-02       1.906099126367e+04 
       3.227319190486e-02       1.898616910626e+04 
       3.242268631214e-02       1.891130704954e+04 
       3.257267418790e-02       1.883640970730e+04 
       3.272316862492e-02       1.876148192336e+04 
       3.287418314037e-02       1.868652820185e+04 
       3.302573169316e-02       1.861155292705e+04 
       3.317782870218e-02       1.853656025944e+04 
       3.333048906551e-02       1.846155440585e+04 
       3.348372818058e-02       1.838653918650e+04 
       3.363756196542e-02       1.831151804146e+04 
       3.379200688110e-02       1.823649494686e+04 
       3.394707995525e-02       1.816147328079e+04 
       3.410279880706e-02       1.808645614862e+04 
       3.425918167344e-02       1.801144657579e+04 
       3.441624743679e-02       1.793644768350e+04 
       3.457401565433e-02       1.786146194922e+04 
       3.473250658899e-02       1.778649206578e+04 
       3.489174124221e-02       1.771154055312e+04 
       3.505174138858e-02       1.763660953375e+04 
       3.521252961257e-02       1.756170076463e+04 
       3.537412934738e-02       1.748681659277e+04 
       3.553656491623e-02       1.741195844959e+04 
       3.569986157611e-02       1.733712786396e+04 
       3.586404556423e-02       1.726232619784e+04 
       3.602914414746e-02       1.718755435038e+04 
       3.619518567479e-02       1.711281347127e+04 
       3.636219963326e-02       1.703810430781e+04 
       3.653021670743e-02       1.696342725560e+04 
       3.669926884286e-02       1.688878260912e+04 
       3.686938931374e-02       1.681417067574e+04 
       3.704061279513e-02       1.673959122327e+04 
       3.721297544015e-02       1.666504398199e+04 
       3.738651496250e-02       1.659052842066e+04 
       3.756127072474e-02       1.651604365668e+04 
       3.773728383300e-02       1.644158882536e+04 
       3.791459723835e-02       1.636716263059e+04 
       3.809325584571e-02       1.629276360440e+04 
       3.827330663085e-02       1.621839000530e+04 
       3.845479876613e-02       1.614403976227e+04 
       3.863778375595e-02       1.606971068318e+04 
       3.882231558263e-02       1.599540019395e+04 
       3.900845086383e-02       1.592110531989e+04 
       3.919624902255e-02       1.584682301121e+04 
       3.938577247090e-02       1.577254985412e+04 
       3.957708680907e-02       1.569828193200e+04 
       3.977026104093e-02       1.562401519959e+04 
       3.996536780804e-02       1.554974511801e+04 
       4.016248364382e-02       1.547546681064e+04 
       4.036168925016e-02       1.540117505676e+04 
       4.056306979872e-02       1.532686417853e+04 
       4.076671525965e-02       1.525252811349e+04 
       4.097272076076e-02       1.517816030066e+04 
       4.118118698048e-02       1.510375373361e+04 
       4.139222057850e-02       1.502930089952e+04 
       4.160593466849e-02       1.495479373640e+04 
       4.182244933780e-02       1.488022361992e+04 
       4.204189221979e-02       1.480558134753e+04 
       4.226439912525e-02       1.473085705903e+04 
       4.249011474038e-02       1.465604021804e+04 
       4.271919339952e-02       1.458111955013e+04 
       4.295179994270e-02       1.450608299518e+04 
       4.318811066886e-02       1.443091767471e+04 
       4.342831439797e-02       1.435560977430e+04 
       4.367261365677e-02       1.428014449675e+04 
       4.392122600584e-02       1.420450601282e+04 
       4.417438552794e-02       1.412867731599e+04 
       4.443234450170e-02       1.405264014394e+04 
       4.469537528813e-02       1.397637486263e+04 
       4.496377246293e-02       1.389986034627e+04 
       4.523785523296e-02       1.382307380330e+04 
       4.551797018266e-02       1.374599060238e+04 
       4.580449440478e-02       1.366858413943e+04 
       4.609783908003e-02       1.359082551443e+04 
       4.639845358326e-02       1.351268335563e+04 
       4.670683020930e-02       1.343412346461e+04 
       4.702350963093e-02       1.335510850946e+04 
       4.734908722510e-02       1.327559755705e+04 
       4.768422043318e-02       1.319554565897e+04 
       4.802963735765e-02       1.311490319545e+04 
       4.838614684377e-02       1.303361524560e+04 
       4.875465035234e-02       1.295162072738e+04 
       4.913615600278e-02       1.286885141248e+04 
       4.953179525766e-02       1.278523067795e+04 
       4.994284283689e-02       1.270067201935e+04 
       5.037074059898e-02       1.261507717307e+04 
       5.081712631600e-02       1.252833377688e+04 
       5.128386851138e-02       1.244031240982e+04 
       5.177310883697e-02       1.235086283740e+04 
       5.228731385557e-02       1.225980910476e+04 
       5.282933858258e-02       1.216694327809e+04 
       5.340250474076e-02       1.207201704946e+04 
       5.401069739564e-02       1.197473063944e+04 
       5.465848443859e-02       1.187471787662e+04 
       5.535126417104e-02       1.177152589136e+04 
       5.609544677181e-02       1.166458713888e+04 
       5.689867515934e-02       1.155318078994e+04 
       5.777008857775e-02       1.143637889832e+04 
       5.872062596155e-02       1.131297134140e+04 
       5.976335174696e-02       1.118136212444e+04 
       6.091375741633e-02       1.103942860592e+04 
       6.218993742223e-02       1.088433890538e+04 
       6.361244720207e-02       1.071233583079e+04 
       6.520352466327e-02       1.051853079615e+04 
       6.698524260738e-02       1.029682403390e+04 
       6.897621291085e-02       1.004017915805e+04 
       7.118696545178e-02       9.741572183279e+03 
       7.361525140270e-02       9.395828106217e+03 
       7.624371378821e-02       9.002053042071e+03 
       7.904209525525e-02       8.565635943322e+03 
       8.197359120979e-02       8.098586927021e+03 
       8.500216495465e-02       7.617812531036e+03 
       8.809755862798e-02       7.142110353336e+03 
       9.123701337835e-02       6.689112418170e+03 
       9.440466882047e-02       6.273024687177e+03 
       9.759002173658e-02       5.903419534483e+03 
       1.007863425892e-01       5.584954168059e+03 
       1.039894088093e-01       5.317740576271e+03 
       1.071966050372e-01       5.098088328405e+03 
       1.104063242051e-01       4.919407314988e+03 
       1.136175835256e-01       4.773144459207e+03 
       1.168297836571e-01       4.649703553339e+03 
       1.200425596456e-01       4.539337202848e+03 
       1.232556893976e-01       4.432998280702e+03 
       1.264690377482e-01       4.323108569602e+03 
       1.296825223781e-01       4.204168847359e+03 
       1.328960930815e-01       4.073124831579e+03 
       1.361097191660e-01       3.929428628051e+03 
       1.393233818007e-01       3.774790088988e+03 
       1.425370693694e-01       3.612673840831e+03 
       1.457507746488e-01       3.447642645870e+03 
       1.489644930953e-01       3.284661872312e+03 
       1.521782218041e-01       3.128466340774e+03 
       1.553919588761e-01       2.983058343558e+03 
       1.586057030332e-01       2.851371560094e+03 
       1.618194533836e-01       2.735103706254e+03 
       1.650332092785e-01       2.634699753075e+03 
       1.682469702250e-01       2.549455235657e+03 
       1.714607358312e-01       2.477705372643e+03 
       1.746745057739e-01       2.417068442912e+03 
       1.778882797770e-01       2.364717090537e+03 
       1.811020575989e-01       2.317656610142e+03 
       1.843158390237e-01       2.273324492486e+03 
       1.875296238558e-01       2.229118325425e+03 
       1.907434119163e-01       2.182641393568e+03 
       1.939572030402e-01       2.132460591064e+03 
       1.971709970745e-01       2.077926223867e+03 
       2.003847938768e-01       2.019181969296e+03 
       2.035985933144e-01       1.957061766515e+03 
       2.068123952629e-01       1.892890978905e+03 
       2.100261996060e-01       1.828239519023e+03 
       2.132400062345e-01       1.764685160763e+03 
       2.164538150456e-01       1.703632663393e+03 
       2.196676259429e-01       1.646206118159e+03 
       2.228814388354e-01       1.593204598362e+03 
       2.260952536374e-01       1.545096272620e+03 
       2.293090702680e-01       1.502027562955e+03 
       2.325228886510e-01       1.463836711039e+03 
       2.357367087140e-01       1.430075419139e+03 
       2.389505303890e-01       1.400049723920e+03 
       2.421643536113e-01       1.372888463623e+03 
       2.453781783197e-01       1.347637167054e+03 
       2.485920044562e-01       1.323363246250e+03 
       2.518058319657e-01       1.299251797051e+03 
       2.550196607961e-01       1.274673659514e+03 
       2.582334908977e-01       1.249217520110e+03 
       2.614473222233e-01       1.222689792611e+03 
       2.646611547282e-01       1.195094100010e+03 
       2.678749883695e-01       1.166602344557e+03 
       2.710888231066e-01       1.137523451136e+03 
       2.743026589009e-01       1.108268753808e+03 
       2.775164957153e-01       1.079309702913e+03 
       2.807303335146e-01       1.051126208035e+03 
       2.839441722652e-01       1.024150275810e+03 
       2.871580119350e-01       9.987153920123e+02 
       2.903718524932e-01       9.750229975452e+02 
       2.935856939107e-01       9.531331770516e+02 
       2.967995361592e-01       9.329788046763e+02 
       3.000133792119e-01       9.143952806644e+02 
       3.032272230431e-01       8.971548732186e+02 
       3.064410676283e-01       8.809964770489e+02 
       3.096549129438e-01       8.656471177269e+02 
       3.128687589670e-01       8.508371525055e+02 
       3.160826056761e-01       8.363140915465e+02 
       3.192964530505e-01       8.218588510298e+02 
       3.225103010700e-01       8.073041285760e+02 
       3.257241497155e-01       7.925504665545e+02 
       3.289379989687e-01       7.775738287064e+02 
       3.321518488116e-01       7.624207779755e+02 
       3.353656992273e-01       7.471917768944e+02 
       3.385795501995e-01       7.320179428635e+02 
       3.417934017123e-01       7.170382452060e+02 
       3.450072537506e-01       7.023828153315e+02 
       3.482211062997e-01       6.881640305674e+02 
       3.514349593457e-01       6.744731282652e+02 
       3.546488128748e-01       6.613783959172e+02 
       3.578626668740e-01       6.489218747268e+02 
       3.610765213308e-01       6.371144684792e+02 
       3.642903762329e-01       6.259320365223e+02 
       3.675042315687e-01       6.153159795383e+02 
       3.707180873267e-01       6.051804269430e+02 
       3.739319434961e-01       5.954251751019e+02 
       3.771458000663e-01       5.859507901151e+02 
       3.803596570271e-01       5.766712958882e+02 
       3.835735143687e-01       5.675211585206e+02 
       3.867873720814e-01       5.584560022748e+02 
       3.900012301562e-01       5.494492386886e+02 
       3.932150885840e-01       5.404879813400e+02 
       3.964289473564e-01       5.315708137688e+02 
       3.996428064648e-01       5.227078499691e+02 
       4.028566659012e-01       5.139214574522e+02 
       4.060705256579e-01       5.052452427395e+02 
       4.092843857272e-01       4.967198397803e+02 
       4.124982461019e-01       4.883859844415e+02 
       4.157121067747e-01       4.802771347071e+02 
       4.189259677389e-01       4.724143791414e+02 
       4.221398289877e-01       4.648053396661e+02 
       4.253536905147e-01       4.574468274082e+02 
       4.285675523135e-01       4.503292937810e+02 
       4.317814143781e-01       4.434405699816e+02 
       4.349952767026e-01       4.367672275641e+02 
       4.382091392813e-01       4.302935975171e+02 
       4.414230021085e-01       4.239999683029e+02 
       4.446368651788e-01       4.178619624512e+02 
       4.478507284871e-01       4.118523149901e+02 
       4.510645920281e-01       4.059447685305e+02 
       4.542784557970e-01       4.001184773066e+02 
       4.574923197889e-01       3.943609469136e+02 
       4.607061839992e-01       3.886682472376e+02 
       4.639200484232e-01       3.830427988904e+02 
       4.671339130566e-01       3.774900080515e+02 
       4.703477778950e-01       3.720156376111e+02 
       4.735616429343e-01       3.666249786343e+02 
       4.767755081704e-01       3.613236977998e+02 
       4.799893735993e-01       3.561191832225e+02 
       4.832032392172e-01       3.510209522086e+02 
       4.864171050202e-01       3.460393310679e+02 
       4.896309710048e-01       3.411827560260e+02 
       4.928448371674e-01       3.364549722976e+02 
       4.960587035045e-01       3.318535154983e+02 
       4.992725700127e-01       3.273703233680e+02 
       5.024864366888e-01       3.229941124425e+02 
       5.057003035295e-01       3.187133467113e+02 
       5.089141705316e-01       3.145184088832e+02 
       5.121280376923e-01       3.104021639644e+02 
       5.153419050084e-01       3.063590724773e+02 
       5.185557724770e-01       3.023838115259e+02 
       5.217696400954e-01       2.984705184311e+02 
       5.249835078608e-01       2.946132670829e+02 
       5.281973757705e-01       2.908075276925e+02 
       5.314112438219e-01       2.870516895578e+02 
       5.346251120124e-01       2.833476510739e+02 
       5.378389803394e-01       2.796999767478e+02 
       5.410528488007e-01       2.761139663995e+02 
       5.442667173937e-01       2.725935752760e+02 
       5.474805861161e-01       2.691401988897e+02 
       5.506944549658e-01       2.657528205973e+02 
       5.539083239404e-01       2.624292596119e+02 
       5.571221930378e-01       2.591676756451e+02 
       5.603360622559e-01       2.559674191957e+02 
       5.635499315925e-01       2.528287766998e+02 
       5.667638010458e-01       2.497518504009e+02 
       5.699776706136e-01       2.467353268019e+02 
       5.731915402941e-01       2.437759314365e+02 
       5.764054100854e-01       2.408689406221e+02 
       5.796192799857e-01       2.380094838434e+02 
       5.828331499930e-01       2.351939145121e+02 
       5.860470201057e-01       2.324205070769e+02 
       5.892608903220e-01       2.296891465433e+02 
       5.924747606403e-01       2.270002673242e+02 
       5.956886310588e-01       2.243537123397e+02 
       5.989025015760e-01       2.217481898005e+02 
       6.021163721903e-01       2.191816155074e+02 
       6.053302429001e-01       2.166520878374e+02 
       6.085441137040e-01       2.141588686971e+02 
       6.117579846003e-01       2.117027516820e+02 
       6.149718555878e-01       2.092855760361e+02 
       6.181857266648e-01       2.069091490265e+02 
       6.213995978301e-01       2.045741805472e+02 
       6.246134690824e-01       2.022798145361e+02 
       6.278273404201e-01       2.000239794888e+02 
       6.640284508210e-01       1.769105184132e+02 
       7.073954821575e-01       1.538237916394e+02 
       7.617782955701e-01       1.304404379030e+02 
       8.345942375895e-01       1.062503296879e+02 
       9.412659859543e-01       8.084284253646e+01 
       1.112221864413e+00       5.503813204763e+01 
       1.378626854290e+00       3.327816532992e+01 
       1.734148663831e+00       1.925602390569e+01 
       2.183143552412e+00       1.102141006802e+01 
       2.748414842651e+00       6.257220832580e+00 
       3.460049287547e+00       3.526462110603e+00 
       4.355943974153e+00       1.974247166807e+00 
       5.483808561413e+00       1.098561000766e+00 
       6.903705951377e+00       6.079040849012e-01 
       8.691250857743e+00       3.346813018559e-01 
