# Matter power spectrum P(k) at redshift z=0
# for k=1.04501e-06 to 8.69125 h/Mpc,
# number of wavenumbers equal to 576
#    1:k (h/Mpc)              2:P (Mpc/h)^3        
       1.045005199982e-06       5.245484100092e+00 
       1.391464621962e-05       6.379473292563e+01 
       2.680435354583e-05       1.201010042489e+02 
       3.974868155057e-05       1.756570482717e+02 
       5.278253335315e-05       2.309453134715e+02 
       6.594147142262e-05       2.862709300953e+02 
       7.926203510768e-05       3.418740882037e+02 
       9.278206940882e-05       3.979659699871e+02 
       1.065410693271e-04       4.547445468354e+02 
       1.205805441595e-04       5.124031010691e+02 
       1.349444061401e-04       5.711356110391e+02 
       1.496793878188e-04       6.311406317576e+02 
       1.648354924841e-04       6.926244113886e+02 
       1.804664817142e-04       7.558036158556e+02 
       1.966304037025e-04       8.209078634095e+02 
       2.133901652478e-04       8.881821833679e+02 
       2.308141490796e-04       9.578894626354e+02 
       2.489768763297e-04       1.030312909923e+03 
       2.679597112216e-04       1.105758540272e+03 
       2.878516011506e-04       1.184557656685e+03 
       3.087498399161e-04       1.267069276857e+03 
       3.307608345619e-04       1.353682419577e+03 
       3.540008466704e-04       1.444818124071e+03 
       3.785966666923e-04       1.540931027316e+03 
       4.046861647724e-04       1.642510265190e+03 
       4.324186436909e-04       1.750079400033e+03 
       4.619548996980e-04       1.864195006631e+03 
       4.934668768202e-04       1.985443487020e+03 
       5.271367826007e-04       2.114435634489e+03 
       5.631555227881e-04       2.251798458935e+03 
       6.017203155350e-04       2.398163830055e+03 
       6.430313698899e-04       2.554153632033e+03 
       6.872875665496e-04       2.720361368665e+03 
       7.346811665136e-04       2.897330527289e+03 
       7.853916952927e-04       3.085530498869e+03 
       8.395792970870e-04       3.285331402053e+03 
       8.973780033549e-04       3.496979687901e+03 
       9.588894809793e-04       3.720576798333e+03 
       1.024177879628e-03       3.956063255050e+03 
       1.093266355447e-03       4.203210282171e+03 
       1.166135698277e-03       4.461620387444e+03 
       1.242725250430e-03       4.730737303012e+03 
       1.322936022443e-03       5.009864496700e+03 
       1.406635646104e-03       5.298166059387e+03 
       1.493664613070e-03       5.594751482108e+03 
       1.583843161855e-03       5.898682041832e+03 
       1.676978199088e-03       6.208978852296e+03 
       1.772869748566e-03       6.524663286469e+03 
       1.871316575493e-03       6.844778839687e+03 
       1.972120794970e-03       7.168408342795e+03 
       2.075091414729e-03       7.494686562946e+03 
       2.180046867054e-03       7.822808486793e+03 
       2.286816650628e-03       8.152033876360e+03 
       2.395242234557e-03       8.481688679979e+03 
       2.505177382526e-03       8.811164139195e+03 
       2.616488044181e-03       9.139914323575e+03 
       2.729051940959e-03       9.467452568921e+03 
       2.842757950478e-03       9.793347410455e+03 
       2.957505370887e-03       1.011721808085e+04 
       3.073203126267e-03       1.043873000319e+04 
       3.189768957078e-03       1.075759025366e+04 
       3.307128626036e-03       1.107354331675e+04 
       3.425215159240e-03       1.138636725231e+04 
       3.543968134520e-03       1.169587008130e+04 
       3.663333023294e-03       1.200188660799e+04 
       3.783260588215e-03       1.230427543057e+04 
       3.903706336222e-03       1.260291633905e+04 
       4.024630024847e-03       1.289770798750e+04 
       4.145995218598e-03       1.318856582984e+04 
       4.267768891664e-03       1.347542020784e+04 
       4.389921072981e-03       1.375821469174e+04 
       4.512424529680e-03       1.403690445652e+04 
       4.635254485086e-03       1.431145498062e+04 
       4.758388367671e-03       1.458184100937e+04 
       4.881805587614e-03       1.484804515544e+04 
       5.005487337938e-03       1.511005696190e+04 
       5.129416417461e-03       1.536787187263e+04 
       5.253577073099e-03       1.556527319904e+04 
       5.377954859305e-03       1.581246601954e+04 
       5.502536512689e-03       1.605545111453e+04 
       5.627309840077e-03       1.629424314045e+04 
       5.752263618467e-03       1.652886020180e+04 
       5.877387505522e-03       1.675932330358e+04 
       6.002671959409e-03       1.698565613608e+04 
       6.128108166914e-03       1.720788444616e+04 
       6.253687978909e-03       1.742603616206e+04 
       6.379403852344e-03       1.764014098832e+04 
       6.505248798051e-03       1.785022997931e+04 
       6.631216333701e-03       1.805633560429e+04 
       6.757300441374e-03       1.825849128662e+04 
       6.883495529230e-03       1.845673136781e+04 
       7.009796396837e-03       1.865109110054e+04 
       7.136198203791e-03       1.884160586153e+04 
       7.262696441252e-03       1.902831184011e+04 
       7.389286906122e-03       1.921124581792e+04 
       7.515965677567e-03       1.939044425220e+04 
       7.642729095670e-03       1.956594434038e+04 
       7.769573741977e-03       1.973778363679e+04 
       7.896496421765e-03       1.990599923411e+04 
       8.023494147857e-03       2.007062880771e+04 
       8.150564125821e-03       2.023171029070e+04 
       8.277703740446e-03       2.038928098195e+04 
       8.404910543348e-03       2.054337875987e+04 
       8.532182241611e-03       2.069404128944e+04 
       8.659516687367e-03       2.084130567510e+04 
       8.786911868223e-03       2.098520937273e+04 
       8.914365898467e-03       2.112578978783e+04 
       9.041877010973e-03       2.126308328447e+04 
       9.169443549745e-03       2.139712672154e+04 
       9.297063963050e-03       2.152795644348e+04 
       9.424736797079e-03       2.165560836685e+04 
       9.552460690102e-03       2.178011796400e+04 
       9.680234367060e-03       2.190152097916e+04 
       9.808056634576e-03       2.201985288555e+04 
       9.935926376329e-03       2.213514833979e+04 
       1.006384254878e-02       2.224744187726e+04 
       1.019180417720e-02       2.235676816272e+04 
       1.031981035202e-02       2.246316186795e+04 
       1.044786022539e-02       2.256665655581e+04 
       1.057595300807e-02       2.266728568688e+04 
       1.070408796645e-02       2.276508314206e+04 
       1.083226441985e-02       2.286008201564e+04 
       1.096048173796e-02       2.295231493360e+04 
       1.108873933856e-02       2.304181395823e+04 
       1.121703668525e-02       2.312861165795e+04 
       1.134537328546e-02       2.321273943347e+04 
       1.147374868857e-02       2.329422879368e+04 
       1.160216248411e-02       2.337311039051e+04 
       1.173061430018e-02       2.344941532012e+04 
       1.185910380187e-02       2.352317382331e+04 
       1.198763068990e-02       2.359441597311e+04 
       1.211619469925e-02       2.366317240489e+04 
       1.224479559799e-02       2.372947274486e+04 
       1.237343318610e-02       2.379334678324e+04 
       1.250210729443e-02       2.385482405167e+04 
       1.263081778373e-02       2.391393394744e+04 
       1.275956454373e-02       2.397070590058e+04 
       1.288834749227e-02       2.402516881357e+04 
       1.301716657456e-02       2.407735136872e+04 
       1.314602176245e-02       2.412728130482e+04 
       1.327491305373e-02       2.417498531430e+04 
       1.340384047153e-02       2.422049003111e+04 
       1.353280406378e-02       2.426382199721e+04 
       1.366180390264e-02       2.430500843075e+04 
       1.379084008407e-02       2.434407630134e+04 
       1.391991272734e-02       2.438105226094e+04 
       1.404902197470e-02       2.441596289112e+04 
       1.417816799094e-02       2.444883431597e+04 
       1.430735096313e-02       2.447969246074e+04 
       1.443657110030e-02       2.450856297951e+04 
       1.456582863319e-02       2.453547133539e+04 
       1.469512381401e-02       2.456044269107e+04 
       1.482445691623e-02       2.458350211989e+04 
       1.495382823446e-02       2.460467436424e+04 
       1.508323808423e-02       2.462398399701e+04 
       1.521268680194e-02       2.464145550480e+04 
       1.534217474470e-02       2.465711293137e+04 
       1.547170229032e-02       2.467098040880e+04 
       1.560126983722e-02       2.468308168160e+04 
       1.573087780442e-02       2.469344028938e+04 
       1.586052663154e-02       2.470207977124e+04 
       1.599021677879e-02       2.470902327153e+04 
       1.611994872706e-02       2.471429387613e+04 
       1.624972297791e-02       2.471791443850e+04 
       1.637954005371e-02       2.471990767665e+04 
       1.650940049766e-02       2.472029600599e+04 
       1.663930487400e-02       2.471910190033e+04 
       1.676925376804e-02       2.471634729885e+04 
       1.689924778640e-02       2.471205440953e+04 
       1.702928755710e-02       2.470624492601e+04 
       1.715937372980e-02       2.469894049783e+04 
       1.728950697597e-02       2.469016267512e+04 
       1.741968798912e-02       2.467993253371e+04 
       1.754991748502e-02       2.466827147811e+04 
       1.768019620200e-02       2.465520039239e+04 
       1.781052490113e-02       2.464074001506e+04 
       1.794090436661e-02       2.462491102815e+04 
       1.807133540598e-02       2.460773403971e+04 
       1.820181885050e-02       2.458922907897e+04 
       1.833235555545e-02       2.456941664111e+04 
       1.846294640051e-02       2.454831657241e+04 
       1.859359229009e-02       2.452594878912e+04 
       1.872429415375e-02       2.450233285175e+04 
       1.885505294660e-02       2.447748852607e+04 
       1.898586964969e-02       2.445143496250e+04 
       1.911674527048e-02       2.442419158174e+04 
       1.924768084328e-02       2.439577740485e+04 
       1.937867742970e-02       2.436621144174e+04 
       1.950973611921e-02       2.433551223093e+04 
       1.964085802957e-02       2.430369866735e+04 
       1.977204430739e-02       2.427078918563e+04 
       1.990329612869e-02       2.423680185371e+04 
       2.003461469945e-02       2.420175523708e+04 
       2.016600125620e-02       2.416566712760e+04 
       2.029745706662e-02       2.412855550111e+04 
       2.042898343018e-02       2.409043794787e+04 
       2.056058167877e-02       2.405133230050e+04 
       2.069225317738e-02       2.401125573989e+04 
       2.082399932479e-02       2.397022566125e+04 
       2.095582155429e-02       2.392825932307e+04 
       2.108772133439e-02       2.388537361916e+04 
       2.121970016962e-02       2.384158531299e+04 
       2.135175960128e-02       2.379691119902e+04 
       2.148390120828e-02       2.375136792280e+04 
       2.161612660793e-02       2.370497168051e+04 
       2.174843745686e-02       2.365773886978e+04 
       2.188083545187e-02       2.360968566738e+04 
       2.201332233084e-02       2.356082798597e+04 
       2.214589987372e-02       2.351118157050e+04 
       2.227856990345e-02       2.346076216186e+04 
       2.241133428700e-02       2.340958541057e+04 
       2.254419493642e-02       2.335766643711e+04 
       2.267715380985e-02       2.330502074201e+04 
       2.281021291270e-02       2.325166336445e+04 
       2.294337429871e-02       2.319760915289e+04 
       2.307664007119e-02       2.314287297878e+04 
       2.321001238418e-02       2.308746965079e+04 
       2.334349344375e-02       2.303141326133e+04 
       2.347708550922e-02       2.297471862783e+04 
       2.361079089455e-02       2.291739981387e+04 
       2.374461196966e-02       2.285947089041e+04 
       2.387855116189e-02       2.280094579098e+04 
       2.401261095742e-02       2.274183813176e+04 
       2.414679390280e-02       2.268216188471e+04 
       2.428110260649e-02       2.262193044264e+04 
       2.441553974047e-02       2.256115674049e+04 
       2.455010804188e-02       2.249985459769e+04 
       2.468481031477e-02       2.243803668852e+04 
       2.481964943182e-02       2.237571613149e+04 
       2.495462833617e-02       2.231290542379e+04 
       2.508975004333e-02       2.224961736074e+04 
       2.522501764311e-02       2.218586449136e+04 
       2.536043430161e-02       2.212165891483e+04 
       2.549600326335e-02       2.205701288569e+04 
       2.563172785336e-02       2.199193857031e+04 
       2.576761147942e-02       2.192644768674e+04 
       2.590365763437e-02       2.186055214289e+04 
       2.603986989848e-02       2.179426317521e+04 
       2.617625194189e-02       2.172759256377e+04 
       2.631280752716e-02       2.166055157653e+04 
       2.644954051191e-02       2.159315105714e+04 
       2.658645485152e-02       2.152540232418e+04 
       2.672355460197e-02       2.145731615067e+04 
       2.686084392276e-02       2.138890319864e+04 
       2.699832707988e-02       2.132017408885e+04 
       2.713600844903e-02       2.125113899653e+04 
       2.727389251879e-02       2.118180848577e+04 
       2.741198389400e-02       2.111219244073e+04 
       2.755028729928e-02       2.104230098488e+04 
       2.768880758260e-02       2.097214384760e+04 
       2.782754971908e-02       2.090173072454e+04 
       2.796651881481e-02       2.083107123394e+04 
       2.810572011096e-02       2.076017437597e+04 
       2.824515898794e-02       2.068904987279e+04 
       2.838484096975e-02       2.061770649353e+04 
       2.852477172850e-02       2.054615331935e+04 
       2.866495708911e-02       2.047439889640e+04 
       2.880540303422e-02       2.040245211044e+04 
       2.894611570920e-02       2.033032141618e+04 
       2.908710142749e-02       2.025801504239e+04 
       2.922836667607e-02       2.018554097993e+04 
       2.936991812114e-02       2.011290772993e+04 
       2.951176261410e-02       2.004012300650e+04 
       2.965390719775e-02       1.996719437393e+04 
       2.979635911269e-02       1.989412967528e+04 
       2.993912580406e-02       1.982093610496e+04 
       3.008221492855e-02       1.974762103948e+04 
       3.022563436170e-02       1.967419174087e+04 
       3.036939220548e-02       1.960065522123e+04 
       3.051349679626e-02       1.952701804398e+04 
       3.065795671307e-02       1.945328710380e+04 
       3.080278078630e-02       1.937946909707e+04 
       3.094797810666e-02       1.930557014357e+04 
       3.109355803472e-02       1.923159671218e+04 
       3.123953021070e-02       1.915755471408e+04 
       3.138590456481e-02       1.908345012225e+04 
       3.153269132807e-02       1.900928888039e+04 
       3.167990104361e-02       1.893507660136e+04 
       3.182754457845e-02       1.886081848152e+04 
       3.197563313595e-02       1.878652019679e+04 
       3.212417826874e-02       1.871218693461e+04 
       3.227319189239e-02       1.863782350344e+04 
       3.242268629963e-02       1.856343501366e+04 
       3.257267417535e-02       1.848902596322e+04 
       3.272316861233e-02       1.841460107351e+04 
       3.287418312773e-02       1.834016473219e+04 
       3.302573168047e-02       1.826572120822e+04 
       3.317782868945e-02       1.819127455034e+04 
       3.333048905273e-02       1.811682885129e+04 
       3.348372816775e-02       1.804238782451e+04 
       3.363756195254e-02       1.796795481070e+04 
       3.379200686816e-02       1.789353367341e+04 
       3.394707994227e-02       1.781912769048e+04 
       3.410279879402e-02       1.774473987228e+04 
       3.425918166034e-02       1.767037315016e+04 
       3.441624742364e-02       1.759603054813e+04 
       3.457401564112e-02       1.752171446047e+04 
       3.473250657571e-02       1.744742749115e+04 
       3.489174122887e-02       1.737317207457e+04 
       3.505174137518e-02       1.729895025633e+04 
       3.521252959910e-02       1.722476372456e+04 
       3.537412933384e-02       1.715061474321e+04 
       3.553656490262e-02       1.707650468175e+04 
       3.569986156242e-02       1.700243500460e+04 
       3.586404555047e-02       1.692840701302e+04 
       3.602914413362e-02       1.685442155642e+04 
       3.619518566088e-02       1.678047972880e+04 
       3.636219961926e-02       1.670658223147e+04 
       3.653021669335e-02       1.663272942270e+04 
       3.669926882869e-02       1.655892156246e+04 
       3.686938929948e-02       1.648515892369e+04 
       3.704061278078e-02       1.641144125336e+04 
       3.721297542570e-02       1.633776826258e+04 
       3.738651494795e-02       1.626413940806e+04 
       3.756127071009e-02       1.619055380475e+04 
       3.773728381824e-02       1.611701058608e+04 
       3.791459722348e-02       1.604350846595e+04 
       3.809325583072e-02       1.597004599202e+04 
       3.827330661574e-02       1.589662144676e+04 
       3.845479875090e-02       1.582323279308e+04 
       3.863778374059e-02       1.574987787765e+04 
       3.882231556714e-02       1.567655417690e+04 
       3.900845084821e-02       1.560325877913e+04 
       3.919624900679e-02       1.552998870189e+04 
       3.938577245499e-02       1.545674061075e+04 
       3.957708679300e-02       1.538351068441e+04 
       3.977026102471e-02       1.531029497944e+04 
       3.996536779166e-02       1.523708907518e+04 
       4.016248362727e-02       1.516388822586e+04 
       4.036168923343e-02       1.509068735486e+04 
       4.056306978180e-02       1.501748094502e+04 
       4.076671524254e-02       1.494426310973e+04 
       4.097272074345e-02       1.487102748256e+04 
       4.118118696295e-02       1.479776726941e+04 
       4.139222056075e-02       1.472447518988e+04 
       4.160593465052e-02       1.465114343625e+04 
       4.182244931959e-02       1.457776366138e+04 
       4.204189220132e-02       1.450432696418e+04 
       4.226439910653e-02       1.443082381307e+04 
       4.249011472138e-02       1.435724402905e+04 
       4.271919338023e-02       1.428357672665e+04 
       4.295179992311e-02       1.420981026875e+04 
       4.318811064895e-02       1.413593223624e+04 
       4.342831437773e-02       1.406192931534e+04 
       4.367261363618e-02       1.398778725366e+04 
       4.392122598488e-02       1.391349081445e+04 
       4.417438550659e-02       1.383902363760e+04 
       4.443234447993e-02       1.376436816593e+04 
       4.469537526593e-02       1.368950553555e+04 
       4.496377244027e-02       1.361441546246e+04 
       4.523785520981e-02       1.353907607754e+04 
       4.551797015899e-02       1.346346376187e+04 
       4.580449438056e-02       1.338755302289e+04 
       4.609783905523e-02       1.331131618654e+04 
       4.639845355783e-02       1.323472323368e+04 
       4.670683018320e-02       1.315774146385e+04 
       4.702350960411e-02       1.308033520724e+04 
       4.734908719751e-02       1.300246538245e+04 
       4.768422040476e-02       1.292408910856e+04 
       4.802963732834e-02       1.284515908530e+04 
       4.838614681349e-02       1.276562300220e+04 
       4.875465032102e-02       1.268542272887e+04 
       4.913615597033e-02       1.260449338934e+04 
       4.953179522397e-02       1.252276218827e+04 
       4.994284280186e-02       1.244014701473e+04 
       5.037074056248e-02       1.235655467842e+04 
       5.081712627788e-02       1.227187871315e+04 
       5.128386847147e-02       1.218599659785e+04 
       5.177310879509e-02       1.209876623272e+04 
       5.228731381149e-02       1.201002133249e+04 
       5.282933853604e-02       1.191956555450e+04 
       5.340250469147e-02       1.182716461700e+04 
       5.401069734323e-02       1.173253588137e+04 
       5.465848438266e-02       1.163533434244e+04 
       5.535126411111e-02       1.153513355534e+04 
       5.609544670728e-02       1.143139934447e+04 
       5.689867508952e-02       1.132345350578e+04 
       5.777008850180e-02       1.121042316439e+04 
       5.872062587847e-02       1.109117011116e+04 
       5.976335165557e-02       1.096419310183e+04 
       6.091375731522e-02       1.082749508531e+04 
       6.218993730979e-02       1.067841078836e+04 
       6.361244707649e-02       1.051340237133e+04 
       6.520352452266e-02       1.032786405156e+04 
       6.698524244999e-02       1.011604561696e+04 
       6.897621273538e-02       9.871311097513e+03 
       7.118696525784e-02       9.587037443618e+03 
       7.361525119110e-02       9.258358595002e+03 
       7.624371356101e-02       8.884481621738e+03 
       7.904209501535e-02       8.470600162259e+03 
       8.197359096033e-02       8.028224245674e+03 
       8.500216469844e-02       7.573532862639e+03 
       8.809755836724e-02       7.124488971396e+03 
       9.123701311468e-02       6.697898111417e+03 
       9.440466855494e-02       6.307235914632e+03 
       9.759002146990e-02       5.961500869713e+03 
       1.007863423218e-01       5.664970023183e+03 
       1.039894085415e-01       5.417585060563e+03 
       1.071966047691e-01       5.215689750408e+03 
       1.104063239368e-01       5.052906048673e+03 
       1.136175832572e-01       4.921025405455e+03 
       1.168297833887e-01       4.810869843788e+03 
       1.200425593771e-01       4.713120228642e+03 
       1.232556891291e-01       4.619109795853e+03 
       1.264690374797e-01       4.521551049746e+03 
       1.296825221096e-01       4.415126788935e+03 
       1.328960928129e-01       4.296859272021e+03 
       1.361097188975e-01       4.166190025505e+03 
       1.393233815322e-01       4.024754478413e+03 
       1.425370691009e-01       3.875898967155e+03 
       1.457507743803e-01       3.724037852112e+03 
       1.489644928268e-01       3.573967756389e+03 
       1.521782215356e-01       3.430244643429e+03 
       1.553919586076e-01       3.296695914199e+03 
       1.586057027647e-01       3.176102277545e+03 
       1.618194531150e-01       3.070049317285e+03 
       1.650332090100e-01       2.978925963865e+03 
       1.682469699565e-01       2.902035344358e+03 
       1.714607355627e-01       2.837781605991e+03 
       1.746745055054e-01       2.783901656268e+03 
       1.778882795085e-01       2.737718197862e+03 
       1.811020573304e-01       2.696397164027e+03 
       1.843158387551e-01       2.657511751881e+03 
       1.875296235873e-01       2.618591363128e+03 
       1.907434116478e-01       2.577355327952e+03 
       1.939572027717e-01       2.532438576517e+03 
       1.971709968060e-01       2.483226067202e+03 
       2.003847936083e-01       2.429865699506e+03 
       2.035985930459e-01       2.373169541623e+03 
       2.068123949944e-01       2.314420096718e+03 
       2.100261993375e-01       2.255129190608e+03 
       2.132400059659e-01       2.196807702138e+03 
       2.164538147771e-01       2.140791337857e+03 
       2.196676256744e-01       2.088139243209e+03 
       2.228814385668e-01       2.039595066428e+03 
       2.260952533688e-01       1.995585633677e+03 
       2.293090699995e-01       1.956233962352e+03 
       2.325228883824e-01       1.921375760497e+03 
       2.357367084455e-01       1.890582298948e+03 
       2.389505301205e-01       1.863199812920e+03 
       2.421643533428e-01       1.838413327039e+03 
       2.453781780512e-01       1.815333338122e+03 
       2.485920041876e-01       1.793092849291e+03 
       2.518058316972e-01       1.770935991976e+03 
       2.550196605276e-01       1.748281286640e+03 
       2.582334906292e-01       1.724751670070e+03 
       2.614473219548e-01       1.700174401339e+03 
       2.646611544596e-01       1.674561577210e+03 
       2.678749881009e-01       1.648082300103e+03 
       2.710888228381e-01       1.621032242702e+03 
       2.743026586323e-01       1.593799887687e+03 
       2.775164954467e-01       1.566825841859e+03 
       2.807303332461e-01       1.540554136533e+03 
       2.839441719967e-01       1.515380213444e+03 
       2.871580116664e-01       1.491605309376e+03 
       2.903718522247e-01       1.469407373128e+03 
       2.935856936421e-01       1.448834441346e+03 
       2.967995358906e-01       1.429819195069e+03 
       3.000133789433e-01       1.412207138068e+03 
       3.032272227746e-01       1.395788335199e+03 
       3.064410673598e-01       1.380324527098e+03 
       3.096549126753e-01       1.365568499050e+03 
       3.128687586984e-01       1.351277646328e+03 
       3.160826054076e-01       1.337226265514e+03 
       3.192964527819e-01       1.323219975867e+03 
       3.225103008015e-01       1.309111952529e+03 
       3.257241494470e-01       1.294816937001e+03 
       3.289379987001e-01       1.280317466416e+03 
       3.321518485431e-01       1.265658912542e+03 
       3.353656989588e-01       1.250933946486e+03 
       3.385795499310e-01       1.236261352732e+03 
       3.417934014438e-01       1.221765515998e+03 
       3.450072534821e-01       1.207561607949e+03 
       3.482211060312e-01       1.193747852407e+03 
       3.514349590771e-01       1.180402784852e+03 
       3.546488126062e-01       1.167583971150e+03 
       3.578626666055e-01       1.155325492506e+03 
       3.610765210622e-01       1.143634114454e+03 
       3.642903759644e-01       1.132486358298e+03 
       3.675042313001e-01       1.121829446520e+03 
       3.707180870582e-01       1.111587841280e+03 
       3.739319432276e-01       1.101674556544e+03 
       3.771457997978e-01       1.092004127829e+03 
       3.803596567586e-01       1.082503343248e+03 
       3.835735141001e-01       1.073116998481e+03 
       3.867873718129e-01       1.063808281558e+03 
       3.900012298877e-01       1.054555712081e+03 
       3.932150883155e-01       1.045349520224e+03 
       3.964289470878e-01       1.036189620325e+03 
       3.996428061962e-01       1.027085512879e+03 
       4.028566656327e-01       1.018056721629e+03 
       4.060705253894e-01       1.009131773633e+03 
       4.092843854587e-01       1.000344558932e+03 
       4.124982458334e-01       9.917285373042e+02 
       4.157121065062e-01       9.833106983196e+02 
       4.189259674704e-01       9.751075213847e+02 
       4.221398287192e-01       9.671242677989e+02 
       4.253536902461e-01       9.593573263480e+02 
       4.285675520450e-01       9.517979571503e+02 
       4.317814141096e-01       9.444353855134e+02 
       4.349952764341e-01       9.372579289118e+02 
       4.382091390127e-01       9.302522347142e+02 
       4.414230018399e-01       9.234018823130e+02 
       4.446368649103e-01       9.166869483340e+02 
       4.478507282185e-01       9.100854762585e+02 
       4.510645917596e-01       9.035765801184e+02 
       4.542784555285e-01       8.971438809957e+02 
       4.574923195204e-01       8.907777268648e+02 
       4.607061837306e-01       8.844752406694e+02 
       4.639200481547e-01       8.782384839165e+02 
       4.671339127880e-01       8.720717688360e+02 
       4.703477776265e-01       8.659795947677e+02 
       4.735616426658e-01       8.599660075579e+02 
       4.767755079019e-01       8.540352515450e+02 
       4.799893733308e-01       8.481927828376e+02 
       4.832032389486e-01       8.424455496472e+02 
       4.864171047517e-01       8.368009665778e+02 
       4.896309707363e-01       8.312648807909e+02 
       4.928448368989e-01       8.258395142613e+02 
       4.960587032360e-01       8.205224109515e+02 
       4.992725697442e-01       8.153069862564e+02 
       5.024864364202e-01       8.101843650951e+02 
       5.057003032609e-01       8.051456088514e+02 
       5.089141702631e-01       8.001833053417e+02 
       5.121280374237e-01       7.952919494986e+02 
       5.153419047398e-01       7.904672643000e+02 
       5.185557722085e-01       7.857051823696e+02 
       5.217696398269e-01       7.810013011106e+02 
       5.249835075923e-01       7.763512322368e+02 
       5.281973755020e-01       7.717516423603e+02 
       5.314112435533e-01       7.672013100314e+02 
       5.346251117438e-01       7.627014957956e+02 
       5.378389800709e-01       7.582552946915e+02 
       5.410528485321e-01       7.538662445375e+02 
       5.442667171251e-01       7.495368679563e+02 
       5.474805858476e-01       7.452678533340e+02 
       5.506944546972e-01       7.410581981021e+02 
       5.539083236718e-01       7.369061035931e+02 
       5.571221927692e-01       7.328100209601e+02 
       5.603360619873e-01       7.287692234218e+02 
       5.635499313240e-01       7.247836151574e+02 
       5.667638007772e-01       7.208529630451e+02 
       5.699776703451e-01       7.169760758233e+02 
       5.731915400256e-01       7.131504639863e+02 
       5.764054098169e-01       7.093727110194e+02 
       5.796192797171e-01       7.056393562120e+02 
       5.828331497245e-01       7.019477973320e+02 
       5.860470198372e-01       6.982967264104e+02 
       5.892608900535e-01       6.946858971991e+02 
       5.924747603717e-01       6.911154130265e+02 
       5.956886307903e-01       6.875849839273e+02 
       5.989025013075e-01       6.840935887037e+02 
       6.021163719218e-01       6.806397116183e+02 
       6.053302426316e-01       6.772219734184e+02 
       6.085441134354e-01       6.738397469045e+02 
       6.117579843318e-01       6.704933691270e+02 
       6.149718553192e-01       6.671838133217e+02 
       6.181857263963e-01       6.639120031821e+02 
       6.213995975616e-01       6.606781558560e+02 
       6.246134688138e-01       6.574815123210e+02 
       6.278273401516e-01       6.543205771298e+02 
       6.640284505051e-01       6.209034183067e+02 
       7.073954817717e-01       5.853692232930e+02 
       7.617782950728e-01       5.463790400147e+02 
       8.345942368976e-01       5.016209233348e+02 
       9.412659848918e-01       4.472748084248e+02 
       1.112221862676e+00       3.788924582034e+02 
       1.378626851775e+00       3.006446088754e+02 
       1.734148660625e+00       2.278597694687e+02 
       2.183143548374e+00       1.662750262654e+02 
       2.748414837567e+00       1.168214547556e+02 
       3.460049281147e+00       7.928529654846e+01 
       4.355943966097e+00       5.224930575483e+01 
       5.483808551270e+00       3.361514158968e+01 
       6.903705938608e+00       2.121880356995e+01 
       8.691250841669e+00       1.319767002457e+01 
